a
34
17
20
0
0
-0.999391 0.0317236 -0.0145448 0.184047 5.46217e-07 0.416783 0.909006 -9.25594 -0.0348989 -0.908452 0.416529 -5.27031 0 0 0 1 
-0.999391 0.0317175 -0.0145584 0.184307 5.60584e-07 0.417172 0.908827 -9.26567 -0.0348991 -0.908274 0.416918 -5.27785 0 0 0 1 
-0.999391 0.0317111 -0.014572 0.184573 5.45149e-07 0.417561 0.908649 -9.27539 -0.0348989 -0.908095 0.417307 -5.28539 0 0 0 1 
-0.999391 0.0317236 -0.0145448 0.184047 5.46217e-07 0.416783 0.909006 -9.25594 -0.0348989 -0.908452 0.416529 -5.27031 0 0 0 1 
-0.999391 0.0317648 -0.0144547 0.182303 5.64656e-07 0.414202 0.910185 -9.19144 -0.0348991 -0.909631 0.41395 -5.22047 0 0 0 1 
-0.999391 0.0318221 -0.0143282 0.179872 5.99427e-07 0.410577 0.911826 -9.10077 -0.0348991 -0.91127 0.410327 -5.15088 0 0 0 1 
-0.999391 0.0318806 -0.0141976 0.17738 5.89659e-07 0.406833 0.913502 -9.007 -0.0348991 -0.912946 0.406586 -5.07952 0 0 0 1 
-0.999391 0.0319259 -0.0140952 0.175444 5.63876e-07 0.403901 0.914803 -8.93347 -0.0348989 -0.914245 0.403655 -5.02398 0 0 0 1 
-0.999391 0.0319441 -0.0140538 0.174663 5.80402e-07 0.402716 0.915325 -8.90372 -0.0348989 -0.914768 0.402471 -5.00162 0 0 0 1 
-0.999391 0.0318937 -0.0141678 0.176818 5.61025e-07 0.405981 0.913882 -8.98562 -0.0348989 -0.913325 0.405733 -5.06333 0 0 0 1 
-0.999391 0.0317939 -0.0143906 0.181069 5.82076e-07 0.412365 0.911019 -9.1455 -0.0348991 -0.910464 0.412114 -5.18514 0 0 0 1 
-0.999391 0.0317235 -0.0145447 0.184049 5.46217e-07 0.416783 0.909006 -9.25594 -0.0348988 -0.908452 0.416529 -5.27031 0 0 0 1 
-0.999391 0.0317055 -0.0145839 0.184808 5.4468e-07 0.417904 0.908491 -9.28394 -0.0348988 -0.907938 0.417649 -5.29204 0 0 0 1 
-0.999391 0.0317034 -0.0145888 0.1849 5.44488e-07 0.418044 0.908427 -9.28744 -0.0348989 -0.907873 0.417789 -5.29476 0 0 0 1 
-0.999391 0.0317102 -0.0145742 0.184613 5.45064e-07 0.417624 0.90862 -9.27694 -0.0348991 -0.908066 0.417369 -5.28661 0 0 0 1 
-0.999391 0.0317191 -0.0145545 0.184236 5.60733e-07 0.417063 0.908877 -9.26294 -0.0348989 -0.908324 0.416809 -5.27574 0 0 0 1 
-0.999391 0.0317236 -0.0145448 0.184047 5.46217e-07 0.416783 0.909006 -9.25594 -0.0348989 -0.908452 0.416529 -5.27031 0 0 0 1 
-0.999391 0.0328706 -0.0117244 0.133497 6.90659e-07 0.335972 0.941872 -7.21007 -0.034899 -0.941298 0.335767 -3.82278 0 0 0 1 
-0.999391 0.0328657 -0.0117385 0.133727 7.05032e-07 0.336375 0.941728 -7.22041 -0.0348991 -0.941154 0.33617 -3.82945 0 0 0 1 
-0.999391 0.0328605 -0.0117526 0.133963 6.89601e-07 0.336778 0.941584 -7.23075 -0.034899 -0.94101 0.336573 -3.83612 0 0 0 1 
-0.999391 0.0328706 -0.0117244 0.133497 6.90659e-07 0.335972 0.941872 -7.21007 -0.034899 -0.941298 0.335767 -3.82278 0 0 0 1 
-0.999391 0.0329038 -0.0116311 0.131956 7.09066e-07 0.333298 0.942822 -7.14147 -0.0348991 -0.942247 0.333095 -3.77874 0 0 0 1 
-0.999391 0.0329499 -0.0115001 0.129811 7.43788e-07 0.329544 0.94414 -7.04507 -0.0348991 -0.943565 0.329343 -3.71732 0 0 0 1 
-0.999391 0.0329968 -0.0113648 0.127613 7.33967e-07 0.325668 0.945484 -6.94543 -0.0348991 -0.944908 0.32547 -3.65439 0 0 0 1 
-0.999391 0.0330329 -0.0112589 0.125908 7.0814e-07 0.322634 0.946524 -6.86734 -0.034899 -0.945947 0.322437 -3.60548 0 0 0 1 
-0.999391 0.0330475 -0.0112161 0.125221 7.24647e-07 0.321408 0.946941 -6.83576 -0.034899 -0.946364 0.321212 -3.58579 0 0 0 1 
-0.999391 0.0330072 -0.011334 0.127119 7.0532e-07 0.324786 0.945788 -6.92273 -0.034899 -0.945212 0.324588 -3.64013 0 0 0 1 
-0.999391 0.0329272 -0.0115647 0.130867 7.26463e-07 0.331395 0.943492 -7.09262 -0.0348991 -0.942917 0.331193 -3.74755 0 0 0 1 
-0.999391 0.0328705 -0.0117244 0.1335 6.90656e-07 0.335972 0.941872 -7.21007 -0.0348988 -0.941299 0.335767 -3.82278 0 0 0 1 
-0.999391 0.032856 -0.0117649 0.134171 6.89136e-07 0.337134 0.941457 -7.23985 -0.0348988 -0.940884 0.336928 -3.84199 0 0 0 1 
-0.999391 0.0328543 -0.01177 0.134252 6.88951e-07 0.337279 0.941405 -7.24358 -0.0348989 -0.940832 0.337073 -3.84439 0 0 0 1 
-0.999391 0.0328598 -0.0117549 0.133997 6.89519e-07 0.336843 0.941561 -7.23241 -0.0348991 -0.940987 0.336638 -3.83719 0 0 0 1 
-0.999391 0.032867 -0.0117345 0.133664 7.0518e-07 0.336262 0.941769 -7.21752 -0.0348989 -0.941195 0.336057 -3.82758 0 0 0 1 
-0.999391 0.0328706 -0.0117244 0.133497 6.90659e-07 0.335972 0.941872 -7.21007 -0.034899 -0.941298 0.335767 -3.82278 0 0 0 1 
-0.9966 -0.074261 -0.0356943 3.06452 -0.0707971 0.550187 0.832035 -11.1165 0.0421491 -0.831733 0.553574 -9.42981 0 0 0 1 
-0.992369 0.123223 -0.00442718 -2.16425 0.0647251 0.551148 0.831894 -11.1404 -0.104948 -0.825259 0.554918 -9.60332 0 0 0 1 
-0.948426 0.315924 0.0260826 -7.26636 0.197782 0.525434 0.827527 -10.4581 -0.247731 -0.790007 0.560819 -10.5388 0 0 0 1 
-0.909912 0.412726 0.041437 -9.82958 0.264634 0.500674 0.824193 -9.80552 -0.31942 -0.760909 0.56479 -11.305 0 0 0 1 
-0.909074 0.414532 0.0417967 -9.87786 0.265031 0.497963 0.825707 -9.74363 -0.321469 -0.761706 0.562549 -11.27 0 0 0 1 
-0.924711 0.378939 0.0362632 -8.93615 0.239334 0.504659 0.829481 -9.93472 -0.296022 -0.775709 0.557356 -10.8797 0 0 0 1 
-0.949 0.314192 0.0261158 -7.22254 0.193913 0.516371 0.834122 -10.259 -0.248589 -0.796646 0.550962 -10.3051 0 0 0 1 
-0.9734 0.22876 0.0126691 -4.96109 0.135085 0.528379 0.838193 -10.5879 -0.185051 -0.817609 0.545227 -9.73421 0 0 0 1 
-0.991195 0.132389 -0.00256045 -2.40966 0.0695992 0.537344 0.840487 -10.8297 -0.112647 -0.832908 0.541826 -9.32273 0 0 0 1 
-0.998955 -0.0351704 -0.0291932 2.02747 -0.043617 0.542538 0.838898 -10.955 0.013666 -0.839295 0.543505 -9.17127 0 0 0 1 
-0.967378 -0.245459 -0.0626829 7.59655 -0.186746 0.523729 0.831165 -10.4329 0.171188 -0.815756 0.552482 -9.82899 0 0 0 1 
-0.929976 -0.358645 -0.0807361 10.5942 -0.264637 0.500674 0.824193 -9.80553 0.25517 -0.787845 0.560525 -10.5918 0 0 0 1 
-0.931645 -0.354431 -0.0801007 10.4829 -0.262112 0.502828 0.823687 -9.85828 0.251663 -0.78838 0.561358 -10.5837 0 0 0 1 
-0.949388 -0.305653 -0.0723792 9.19139 -0.228967 0.515684 0.825618 -10.1981 0.215028 -0.800404 0.559569 -10.2661 0 0 0 1 
-0.971353 -0.229847 -0.0603609 7.18418 -0.177208 0.531343 0.828415 -10.6143 0.158337 -0.81538 0.556852 -9.86731 0 0 0 1 
-0.988184 -0.145875 -0.0470449 4.96073 -0.119792 0.543566 0.830775 -10.9401 0.0956177 -0.826594 0.554617 -9.56739 0 0 0 1 
-0.9966 -0.074261 -0.0356943 3.06452 -0.0707971 0.550187 0.832035 -11.1165 0.0421491 -0.831733 0.553574 -9.42981 0 0 0 1 
-0.947714 -0.317517 -0.0319695 7.85594 -0.237758 0.63571 0.7344 -9.04098 0.212861 -0.703602 0.677963 -16.8857 0 0 0 1 
-0.999567 -0.00849614 -0.0281717 1.43584 -0.0264841 0.676986 0.73552 -9.9323 -0.0128227 -0.735947 0.676917 -16.1782 0 0 0 1 
-0.9532 0.301372 -0.0241747 -5.00923 0.187307 0.651404 0.735247 -9.41247 -0.237331 -0.69631 0.677368 -16.9899 0 0 0 1 
-0.878883 0.476555 -0.0214578 -8.66984 0.309243 0.603414 0.735024 -8.40985 -0.363228 -0.639364 0.677701 -18.1792 0 0 0 1 
-0.846402 0.532187 -0.0195064 -9.87264 0.347978 0.580417 0.736225 -7.92407 -0.403131 -0.616355 0.676455 -18.6662 0 0 0 1 
-0.835998 0.54845 -0.017578 -10.2746 0.359036 0.570939 0.738323 -7.72148 -0.41497 -0.610926 0.674218 -18.7857 0 0 0 1 
-0.849525 0.527308 -0.0159215 -9.90671 0.344145 0.576806 0.74085 -7.8446 -0.39984 -0.623891 0.671482 -18.5156 0 0 0 1 
-0.883779 0.467667 -0.0149009 -8.73341 0.303082 0.596434 0.743242 -8.2626 -0.356477 -0.652345 0.668857 -17.9141 0 0 0 1 
-0.930431 0.366161 -0.0150047 -6.66821 0.233936 0.624962 0.744779 -8.87193 -0.282086 -0.689456 0.667142 -17.1258 0 0 0 1 
-0.995701 0.0907058 -0.0187919 -0.933154 0.0467162 0.666889 0.743691 -9.76226 -0.0799892 -0.739616 0.668259 -16.064 0 0 0 1 
-0.950786 -0.308797 -0.0254879 7.43006 -0.226078 0.635132 0.738577 -9.07958 0.211882 -0.707991 0.673687 -16.7473 0 0 0 1 
-0.842775 -0.537452 -0.0295948 12.2268 -0.38356 0.561065 0.733545 -7.49269 0.37764 -0.629565 0.678997 -18.4287 0 0 0 1 
-0.821554 -0.569294 -0.0308872 12.9224 -0.406347 0.546682 0.732135 -7.17449 0.399914 -0.614039 0.68046 -18.771 0 0 0 1 
-0.842564 -0.537673 -0.0315116 12.3049 -0.385694 0.561498 0.732093 -7.47714 0.375933 -0.62899 0.680475 -18.4645 0 0 0 1 
-0.883567 -0.46723 -0.0317203 10.8838 -0.338431 0.590244 0.732855 -8.07951 0.32369 -0.658262 0.679645 -17.8492 0 0 0 1 
-0.922932 -0.383651 -0.0317548 9.18947 -0.282141 0.617998 0.733808 -8.6656 0.261902 -0.686215 0.678614 -17.2566 0 0 0 1 
-0.947714 -0.317517 -0.0319695 7.85593 -0.237758 0.63571 0.7344 -9.04099 0.212861 -0.703602 0.677963 -16.8857 0 0 0 1 
-0.947714 -0.309977 -0.0758481 10.5618 -0.237758 0.527314 0.815727 -12.5371 0.212861 -0.791109 0.573443 -8.74371 0 0 0 1 
-0.999567 -0.00449275 -0.0290799 1.42993 -0.0264841 0.568033 0.82258 -13.7889 -0.0128227 -0.822994 0.567906 -7.75417 0 0 0 1 
-0.9532 0.301804 0.0180034 -7.73375 0.187307 0.542738 0.81875 -13.0445 -0.237331 -0.783805 0.573868 -8.9138 0 0 0 1 
-0.878883 0.474904 0.0450747 -12.93 0.309243 0.495246 0.81185 -11.6197 -0.363228 -0.72746 0.582124 -10.6039 0 0 0 1 
-0.846402 0.529722 0.0547495 -14.6174 0.347978 0.472306 0.809839 -10.9278 -0.403131 -0.704501 0.584092 -11.2972 0 0 0 1 
-0.835998 0.545559 0.0589226 -15.1571 0.359036 0.462628 0.810597 -10.6357 -0.41497 -0.698813 0.582632 -11.4709 0 0 0 1 
-0.849525 0.524392 0.0576206 -14.5982 0.344145 0.468087 0.813916 -10.8033 -0.39984 -0.711272 0.578118 -11.0945 0 0 0 1 
-0.883779 0.465189 0.0503308 -12.8965 0.303082 0.48719 0.819016 -11.3874 -0.356477 -0.739084 0.571559 -10.2498 0 0 0 1 
-0.930431 0.364686 0.0361011 -9.93727 0.233936 0.515227 0.824509 -12.2436 -0.282086 -0.775594 0.564696 -9.13944 0 0 0 1 
-0.995701 0.0924383 -0.00598525 -1.78619 0.0467162 0.556898 0.829267 -13.5065 -0.0799892 -0.825422 0.558821 -7.63253 0 0 0 1 
-0.950786 -0.302244 -0.068216 10.0776 -0.226077 0.526161 0.819783 -12.5587 0.211882 -0.79486 0.568597 -8.57887 0 0 0 1 
-0.842775 -0.528103 -0.104106 16.8771 -0.38356 0.453515 0.804491 -10.3337 0.37764 -0.717936 0.584771 -10.936 0 0 0 1 
-0.821554 -0.559455 -0.109817 17.8496 -0.406347 0.439468 0.801093 -9.89276 0.399914 -0.702765 0.58838 -11.4109 0 0 0 1 
-0.842564 -0.528055 -0.106035 16.9517 -0.385694 0.454146 0.803114 -10.3261 0.375933 -0.717572 0.586315 -10.9727 0 0 0 1 
-0.883566 -0.458269 -0.0964375 14.9094 -0.338431 0.482506 0.807869 -11.1795 0.32369 -0.746444 0.581418 -10.1018 0 0 0 1 
-0.922932 -0.375498 -0.0848396 12.4786 -0.282141 0.509858 0.812676 -12.0074 0.261902 -0.773981 0.576507 -9.26588 0 0 0 1 
-0.947714 -0.309977 -0.0758481 10.5618 -0.237758 0.527314 0.815727 -12.5371 0.212861 -0.791109 0.573443 -8.74372 0 0 0 1 
-0.908684 -0.41127 -0.0717623 11.7996 -0.191943 0.258911 0.946638 -17.8416 0.370744 -0.873969 0.314209 11.0391 0 0 0 1 
-0.999685 0.021537 -0.0128596 -0.122546 -0.00476491 0.340283 0.940311 -18.7653 -0.0246274 -0.940077 0.340073 10.3008 0 0 0 1 
-0.891374 0.452338 0.0290188 -10.7945 0.198614 0.332236 0.922047 -17.2496 -0.407436 -0.827653 0.385987 5.17913 0 0 0 1 
-0.735822 0.675752 0.0438871 -15.8783 0.309408 0.277849 0.909432 -15.3121 -0.602356 -0.682759 0.413531 0.772865 0 0 0 1 
-0.670088 0.740476 0.0517481 -17.5856 0.334396 0.238898 0.91165 -14.6808 -0.662693 -0.62819 0.407695 0.160074 0 0 0 1 
-0.649921 0.75757 0.0607503 -18.4896 0.329674 0.208999 0.920671 -14.6739 -0.684776 -0.618391 0.385584 1.40056 0 0 0 1 
-0.676768 0.733152 0.0668794 -18.4128 0.303753 0.195327 0.932514 -15.1619 -0.670611 -0.65141 0.354888 3.95908 0 0 0 1 
-0.743798 0.665262 0.0647389 -16.948 0.262161 0.201265 0.943803 -15.9896 -0.614847 -0.71897 0.324107 7.13561 0 0 0 1 
-0.836074 0.546316 0.0501844 -13.687 0.206423 0.228511 0.951406 -16.9847 -0.508301 -0.805805 0.303824 9.96534 0 0 0 1 
-0.979443 0.201716 0.00106552 -3.94047 0.0645046 0.308192 0.949135 -18.3191 -0.191128 -0.929693 0.314868 11.3813 0 0 0 1 
-0.943076 -0.328209 -0.0537121 9.43309 -0.168443 0.332122 0.928075 -17.3694 0.286764 -0.884293 0.368501 7.07568 0 0 0 1 
-0.776047 -0.62648 -0.072623 16.1125 -0.309405 0.27785 0.909433 -15.1823 0.549563 -0.728233 0.40946 1.75155 0 0 0 1 
-0.734963 -0.673595 -0.078101 17.3063 -0.329163 0.253693 0.909556 -14.8405 0.592858 -0.694198 0.408177 1.34139 0 0 0 1 
-0.758981 -0.646039 -0.0811157 16.9524 -0.311376 0.250722 0.916615 -15.3674 0.571832 -0.720952 0.391455 3.00791 0 0 0 1 
-0.816012 -0.572396 -0.0805426 15.4969 -0.272012 0.257306 0.927256 -16.3127 0.510034 -0.77856 0.365664 5.80638 0 0 0 1 
-0.873046 -0.48163 -0.0763095 13.4718 -0.226464 0.261867 0.938158 -17.2321 0.431862 -0.836337 0.337693 8.74745 0 0 0 1 
-0.908684 -0.41127 -0.0717623 11.7996 -0.191943 0.258911 0.946638 -17.8416 0.370744 -0.873969 0.314209 11.039 0 0 0 1 
-0.908684 -0.41127 -0.0717631 11.7997 -0.191944 0.258912 0.946637 -17.8416 0.370744 -0.873968 0.31421 11.0389 0 0 0 1 
-0.999685 0.0215367 -0.0128613 -0.122433 -0.00476636 0.340284 0.940311 -18.7652 -0.0246276 -0.940076 0.340074 10.3007 0 0 0 1 
-0.891374 0.452338 0.0290169 -10.7944 0.198613 0.332237 0.922047 -17.2496 -0.407437 -0.827652 0.385988 5.17908 0 0 0 1 
-0.735822 0.675752 0.043885 -15.8782 0.309407 0.277851 0.909432 -15.3121 -0.602357 -0.682758 0.413531 0.772842 0 0 0 1 
-0.670088 0.740476 0.0517461 -17.5855 0.334395 0.2389 0.911651 -14.6808 -0.662693 -0.62819 0.407695 0.160086 0 0 0 1 
-0.649921 0.75757 0.0607482 -18.4894 0.329673 0.209 0.920671 -14.6739 -0.684776 -0.618391 0.385584 1.40056 0 0 0 1 
-0.676768 0.733153 0.0668774 -18.4126 0.303752 0.195328 0.932514 -15.1619 -0.670612 -0.65141 0.354888 3.95908 0 0 0 1 
-0.743798 0.665262 0.0647369 -16.9478 0.26216 0.201266 0.943803 -15.9896 -0.614848 -0.71897 0.324107 7.1356 0 0 0 1 
-0.836074 0.546316 0.0501824 -13.6869 0.206421 0.228512 0.951406 -16.9847 -0.508301 -0.805804 0.303824 9.96531 0 0 0 1 
-0.979443 0.201717 0.0010638 -3.94036 0.0645035 0.308193 0.949135 -18.3191 -0.191129 -0.929692 0.314869 11.3812 0 0 0 1 
-0.943077 -0.328209 -0.0537131 9.43316 -0.168444 0.332123 0.928074 -17.3693 0.286763 -0.884292 0.368502 7.07558 0 0 0 1 
-0.776047 -0.626479 -0.0726234 16.1125 -0.309406 0.277851 0.909432 -15.1823 0.549562 -0.728233 0.409462 1.75141 0 0 0 1 
-0.734963 -0.673594 -0.0781013 17.3063 -0.329165 0.253694 0.909555 -14.8404 0.592857 -0.694198 0.408179 1.34127 0 0 0 1 
-0.758981 -0.64604 -0.0811158 16.9524 -0.311377 0.250724 0.916614 -15.3674 0.571832 -0.720951 0.391456 3.00778 0 0 0 1 
-0.816012 -0.572397 -0.080543 15.4969 -0.272013 0.257308 0.927255 -16.3127 0.510033 -0.77856 0.365666 5.80624 0 0 0 1 
-0.873046 -0.48163 -0.0763101 13.4719 -0.226465 0.261868 0.938157 -17.2321 0.431861 -0.836336 0.337695 8.74732 0 0 0 1 
-0.908684 -0.41127 -0.0717631 11.7997 -0.191944 0.258912 0.946637 -17.8416 0.370744 -0.873969 0.314211 11.0389 0 0 0 1 
-0.908684 -0.41127 -0.0717631 11.7997 -0.191944 0.258912 0.946637 -17.8416 0.370744 -0.873968 0.31421 11.0389 0 0 0 1 
-0.999685 0.0215367 -0.0128611 -0.12244 -0.00476634 0.340284 0.940311 -18.7653 -0.0246276 -0.940076 0.340074 10.3007 0 0 0 1 
-0.891374 0.452338 0.029017 -10.7944 0.198613 0.332237 0.922047 -17.2496 -0.407437 -0.827652 0.385988 5.17909 0 0 0 1 
-0.735822 0.675752 0.043885 -15.8782 0.309407 0.277851 0.909432 -15.3121 -0.602357 -0.682758 0.413531 0.772846 0 0 0 1 
-0.670088 0.740476 0.0517461 -17.5855 0.334395 0.2389 0.911651 -14.6808 -0.662693 -0.62819 0.407695 0.160078 0 0 0 1 
-0.649921 0.75757 0.0607483 -18.4894 0.329673 0.209 0.920671 -14.6739 -0.684776 -0.618391 0.385584 1.40057 0 0 0 1 
-0.676768 0.733153 0.0668774 -18.4126 0.303752 0.195328 0.932514 -15.1618 -0.670612 -0.65141 0.354888 3.95909 0 0 0 1 
-0.743798 0.665262 0.064737 -16.9478 0.26216 0.201266 0.943803 -15.9896 -0.614847 -0.71897 0.324107 7.13559 0 0 0 1 
-0.836074 0.546316 0.0501824 -13.6869 0.206421 0.228512 0.951406 -16.9847 -0.508301 -0.805804 0.303824 9.96531 0 0 0 1 
-0.979443 0.201717 0.00106391 -3.94036 0.0645035 0.308193 0.949135 -18.3191 -0.191128 -0.929692 0.314869 11.3812 0 0 0 1 
-0.943077 -0.328209 -0.053713 9.43315 -0.168444 0.332123 0.928074 -17.3693 0.286763 -0.884292 0.368502 7.07559 0 0 0 1 
-0.776047 -0.626479 -0.0726233 16.1125 -0.309406 0.277851 0.909432 -15.1823 0.549562 -0.728233 0.409462 1.75142 0 0 0 1 
-0.734963 -0.673594 -0.0781012 17.3064 -0.329165 0.253694 0.909555 -14.8404 0.592857 -0.694198 0.408179 1.34125 0 0 0 1 
-0.758981 -0.64604 -0.0811158 16.9524 -0.311377 0.250724 0.916614 -15.3673 0.571832 -0.720951 0.391456 3.00777 0 0 0 1 
-0.816012 -0.572397 -0.0805429 15.4969 -0.272013 0.257308 0.927255 -16.3127 0.510033 -0.778559 0.365666 5.80624 0 0 0 1 
-0.873046 -0.48163 -0.0763101 13.4719 -0.226465 0.261868 0.938157 -17.2321 0.431861 -0.836336 0.337695 8.74732 0 0 0 1 
-0.908684 -0.41127 -0.071763 11.7997 -0.191944 0.258912 0.946638 -17.8416 0.370744 -0.873969 0.31421 11.0389 0 0 0 1 
-0.908684 -0.41127 -0.0717628 11.7997 -0.191944 0.258912 0.946637 -17.8416 0.370744 -0.873969 0.31421 11.0389 0 0 0 1 
-0.999685 0.0215369 -0.0128609 -0.122454 -0.00476609 0.340284 0.940311 -18.7652 -0.0246277 -0.940076 0.340074 10.3007 0 0 0 1 
-0.891374 0.452338 0.0290172 -10.7944 0.198613 0.332237 0.922047 -17.2495 -0.407437 -0.827652 0.385988 5.17906 0 0 0 1 
-0.735822 0.675752 0.0438852 -15.8782 0.309407 0.277851 0.909432 -15.3121 -0.602357 -0.682758 0.413531 0.77285 0 0 0 1 
-0.670088 0.740476 0.0517463 -17.5855 0.334395 0.2389 0.91165 -14.6808 -0.662693 -0.628189 0.407695 0.16008 0 0 0 1 
-0.649921 0.75757 0.0607484 -18.4894 0.329673 0.209 0.920671 -14.6739 -0.684776 -0.618391 0.385584 1.40057 0 0 0 1 
-0.676768 0.733153 0.0668776 -18.4126 0.303752 0.195328 0.932514 -15.1619 -0.670612 -0.65141 0.354888 3.95906 0 0 0 1 
-0.743797 0.665263 0.0647371 -16.9478 0.26216 0.201266 0.943803 -15.9896 -0.614848 -0.71897 0.324107 7.13559 0 0 0 1 
-0.836074 0.546316 0.0501826 -13.6869 0.206422 0.228512 0.951406 -16.9847 -0.508301 -0.805804 0.303824 9.9653 0 0 0 1 
-0.979443 0.201717 0.00106405 -3.94036 0.0645036 0.308193 0.949135 -18.3191 -0.191129 -0.929693 0.314869 11.3812 0 0 0 1 
-0.943076 -0.328209 -0.0537127 9.43313 -0.168444 0.332123 0.928074 -17.3693 0.286763 -0.884292 0.368502 7.07556 0 0 0 1 
-0.776048 -0.626479 -0.0726231 16.1125 -0.309406 0.277851 0.909432 -15.1823 0.549562 -0.728233 0.409462 1.75142 0 0 0 1 
-0.734963 -0.673594 -0.078101 17.3063 -0.329165 0.253694 0.909555 -14.8404 0.592857 -0.694198 0.408179 1.34125 0 0 0 1 
-0.758982 -0.646039 -0.0811157 16.9524 -0.311377 0.250724 0.916614 -15.3674 0.571832 -0.720951 0.391456 3.00776 0 0 0 1 
-0.816012 -0.572396 -0.0805428 15.4969 -0.272013 0.257308 0.927255 -16.3127 0.510033 -0.77856 0.365666 5.80625 0 0 0 1 
-0.873046 -0.48163 -0.0763099 13.4719 -0.226465 0.261868 0.938157 -17.2321 0.431861 -0.836336 0.337695 8.74731 0 0 0 1 
-0.908684 -0.41127 -0.0717628 11.7997 -0.191944 0.258912 0.946637 -17.8416 0.370743 -0.873969 0.31421 11.0389 0 0 0 1 
-0.908684 -0.41127 -0.0717628 11.7997 -0.191944 0.258912 0.946637 -17.8416 0.370743 -0.873969 0.31421 11.0389 0 0 0 1 
-0.999685 0.0215369 -0.0128609 -0.122459 -0.00476603 0.340284 0.940311 -18.7653 -0.0246277 -0.940076 0.340074 10.3007 0 0 0 1 
-0.891374 0.452338 0.0290172 -10.7944 0.198613 0.332237 0.922047 -17.2495 -0.407437 -0.827652 0.385988 5.17907 0 0 0 1 
-0.735822 0.675752 0.0438852 -15.8782 0.309407 0.277851 0.909432 -15.3121 -0.602357 -0.682758 0.413531 0.772858 0 0 0 1 
-0.670088 0.740476 0.0517462 -17.5855 0.334395 0.2389 0.911651 -14.6808 -0.662693 -0.628189 0.407695 0.160072 0 0 0 1 
-0.649921 0.75757 0.0607484 -18.4894 0.329673 0.209 0.920671 -14.6739 -0.684776 -0.61839 0.385584 1.40057 0 0 0 1 
-0.676768 0.733153 0.0668777 -18.4126 0.303752 0.195328 0.932514 -15.1619 -0.670612 -0.65141 0.354888 3.95905 0 0 0 1 
-0.743797 0.665263 0.0647372 -16.9479 0.26216 0.201266 0.943803 -15.9895 -0.614848 -0.71897 0.324107 7.13559 0 0 0 1 
-0.836074 0.546316 0.0501826 -13.6869 0.206422 0.228512 0.951406 -16.9847 -0.508301 -0.805804 0.303824 9.9653 0 0 0 1 
-0.979443 0.201717 0.00106408 -3.94037 0.0645036 0.308193 0.949135 -18.3191 -0.191129 -0.929692 0.314869 11.3812 0 0 0 1 
-0.943076 -0.328209 -0.0537128 9.43313 -0.168443 0.332123 0.928074 -17.3693 0.286763 -0.884292 0.368502 7.07557 0 0 0 1 
-0.776048 -0.626479 -0.0726232 16.1125 -0.309406 0.277851 0.909432 -15.1823 0.549562 -0.728233 0.409462 1.75142 0 0 0 1 
-0.734963 -0.673594 -0.078101 17.3063 -0.329165 0.253694 0.909555 -14.8404 0.592857 -0.694198 0.408179 1.34127 0 0 0 1 
-0.758982 -0.646039 -0.0811157 16.9524 -0.311377 0.250724 0.916614 -15.3674 0.571831 -0.720951 0.391456 3.00778 0 0 0 1 
-0.816012 -0.572396 -0.0805428 15.4969 -0.272013 0.257308 0.927255 -16.3126 0.510033 -0.77856 0.365666 5.80625 0 0 0 1 
-0.873046 -0.48163 -0.0763099 13.4719 -0.226465 0.261868 0.938157 -17.2321 0.431861 -0.836336 0.337695 8.74732 0 0 0 1 
-0.908684 -0.41127 -0.0717628 11.7997 -0.191944 0.258912 0.946637 -17.8416 0.370743 -0.873969 0.31421 11.0389 0 0 0 1 
-0.947714 -0.317515 -0.0319681 7.85594 -0.237756 0.63571 0.734401 -9.04098 0.212861 -0.703603 0.677963 -16.8857 0 0 0 1 
-0.999567 -0.00849479 -0.0281702 1.43584 -0.026482 0.676985 0.73552 -9.9323 -0.0128227 -0.735947 0.676917 -16.1782 0 0 0 1 
-0.9532 0.301373 -0.0241732 -5.00923 0.187309 0.651404 0.735247 -9.41247 -0.23733 -0.696309 0.677368 -16.9898 0 0 0 1 
-0.878882 0.476556 -0.0214564 -8.66985 0.309245 0.603413 0.735024 -8.40985 -0.363227 -0.639364 0.677702 -18.1792 0 0 0 1 
-0.846402 0.532188 -0.019505 -9.87264 0.34798 0.580416 0.736225 -7.92406 -0.403131 -0.616354 0.676456 -18.6662 0 0 0 1 
-0.835998 0.548451 -0.0175767 -10.2746 0.359038 0.570939 0.738323 -7.72148 -0.41497 -0.610925 0.674219 -18.7857 0 0 0 1 
-0.849524 0.52731 -0.0159201 -9.90671 0.344146 0.576806 0.74085 -7.8446 -0.39984 -0.623891 0.671482 -18.5156 0 0 0 1 
-0.883779 0.467668 -0.0148995 -8.73341 0.303084 0.596433 0.743241 -8.26261 -0.356477 -0.652345 0.668857 -17.9141 0 0 0 1 
-0.93043 0.366162 -0.0150032 -6.66821 0.233938 0.624962 0.744779 -8.87193 -0.282086 -0.689455 0.667143 -17.1258 0 0 0 1 
-0.9957 0.0907071 -0.0187904 -0.933154 0.0467182 0.666889 0.743691 -9.76227 -0.0799892 -0.739616 0.668259 -16.064 0 0 0 1 
-0.950787 -0.308795 -0.0254865 7.43006 -0.226076 0.635132 0.738578 -9.07959 0.211882 -0.707992 0.673687 -16.7473 0 0 0 1 
-0.842776 -0.537451 -0.0295937 12.2268 -0.383558 0.561066 0.733545 -7.49269 0.377641 -0.629565 0.678996 -18.4287 0 0 0 1 
-0.821555 -0.569292 -0.030886 12.9224 -0.406345 0.546682 0.732135 -7.17449 0.399914 -0.614039 0.680459 -18.771 0 0 0 1 
-0.842565 -0.537672 -0.0315105 12.3049 -0.385692 0.561498 0.732094 -7.47715 0.375933 -0.62899 0.680475 -18.4645 0 0 0 1 
-0.883567 -0.467229 -0.031719 10.8838 -0.338429 0.590244 0.732856 -8.07951 0.32369 -0.658262 0.679644 -17.8492 0 0 0 1 
-0.922933 -0.38365 -0.0317534 9.18947 -0.28214 0.617998 0.733809 -8.6656 0.261902 -0.686215 0.678614 -17.2566 0 0 0 1 
-0.947714 -0.317515 -0.0319681 7.85594 -0.237756 0.63571 0.734401 -9.04098 0.212861 -0.703603 0.677963 -16.8857 0 0 0 1 
-0.693028 -0.705362 -0.14892 26.8278 -0.54655 0.379374 0.746565 -1.42626 0.470102 -0.598782 0.648432 -18.6478 0 0 0 1 
-0.98404 -0.120989 -0.130488 10.7035 -0.169927 0.421228 0.890894 -10.2194 0.0528234 -0.898848 0.435065 2.39928 0 0 0 1 
-0.874398 0.475144 0.0983232 -17.368 0.205979 0.180018 0.961856 -6.65212 -0.43932 -0.861297 0.255277 11.5764 0 0 0 1 
-0.619024 0.726731 0.29778 -34.3274 0.374755 -0.0598844 0.925188 2.55874 -0.690195 -0.684308 0.235276 7.6268 0 0 0 1 
-0.499298 0.795195 0.344043 -38.3841 0.441721 -0.10798 0.890631 5.824 -0.745375 -0.596661 0.29734 1.56597 0 0 0 1 
-0.460428 0.827246 0.321978 -37.9756 0.494428 -0.0622573 0.866986 5.65963 -0.737257 -0.55838 0.380349 -4.30761 0 0 0 1 
-0.492549 0.829452 0.263449 -35.0493 0.530668 0.046319 0.846314 3.4942 -0.689774 -0.556655 0.462978 -9.21133 0 0 0 1 
-0.572178 0.795135 0.200931 -31.1969 0.539672 0.180555 0.822286 0.826521 -0.617549 -0.578931 0.532422 -12.7765 0 0 0 1 
-0.668895 0.726177 0.158894 -27.8754 0.516197 0.299942 0.802232 -1.53063 -0.534903 -0.61863 0.57548 -14.3691 0 0 0 1 
-0.835005 0.535663 0.125828 -23.2737 0.393847 0.422139 0.816507 -5.86076 -0.384255 -0.731344 0.563457 -10.5624 0 0 0 1 
-0.979351 0.193166 0.0596468 -13.4784 0.151425 0.505413 0.849487 -10.9925 -0.133946 -0.840978 0.524227 -4.22239 0 0 0 1 
-0.994517 -0.103739 -0.0132165 -2.69125 -0.0647999 0.512102 0.856478 -12.6772 0.0820823 -0.852638 0.516016 -2.24807 0 0 0 1 
-0.95933 -0.277123 -0.053751 4.73878 -0.19243 0.502676 0.842786 -11.8432 0.206536 -0.818853 0.535559 -4.17582 0 0 0 1 
-0.908406 -0.409605 -0.0838021 11.0445 -0.29474 0.485239 0.823208 -10.0281 0.296526 -0.772507 0.561521 -7.27851 0 0 0 1 
-0.849504 -0.516393 -0.108085 16.6763 -0.382643 0.462013 0.800081 -7.63574 0.363219 -0.721029 0.590075 -10.8904 0 0 0 1 
-0.780614 -0.611403 -0.129725 21.9428 -0.464835 0.429166 0.774432 -4.79906 0.417817 -0.664833 0.619214 -14.6779 0 0 0 1 
-0.693028 -0.705362 -0.14892 26.8279 -0.54655 0.379374 0.746565 -1.42628 0.470102 -0.598782 0.648432 -18.6478 0 0 0 1 
-0.150913 -0.912907 -0.379243 64.7778 -0.656281 -0.194374 0.72905 13.1306 0.73927 -0.358913 0.56979 -12.1898 0 0 0 1 
-0.932549 -0.334108 -0.136837 19.1263 -0.162874 0.0510592 0.985325 -4.69722 0.322218 -0.941151 0.102033 32.7226 0 0 0 1 
-0.76927 0.428184 0.474218 -35.3546 0.40039 -0.255332 0.880053 17.6605 -0.497908 -0.86687 -0.0249786 26.8447 0 0 0 1 
-0.235403 0.621781 0.746977 -45.9069 0.512798 -0.573426 0.638922 39.7719 -0.825605 -0.533452 0.183861 1.81567 0 0 0 1 
-0.0231849 0.672231 0.739978 -43.1587 0.555815 -0.606572 0.568453 43.9878 -0.830982 -0.424471 0.359573 -10.1508 0 0 0 1 
0.0140222 0.753213 0.657627 -40.6003 0.646126 -0.508761 0.568933 42.0395 -0.763102 -0.416932 0.493805 -16.2603 0 0 0 1 
-0.0818704 0.833662 0.546173 -38.8812 0.745393 -0.312557 0.588811 36.8673 -0.66158 -0.45532 0.595816 -19.3744 0 0 0 1 
-0.247756 0.861944 0.442347 -37.2129 0.801853 -0.0738135 0.592945 30.9321 -0.543736 -0.501603 0.672864 -21.1904 0 0 0 1 
-0.404932 0.830465 0.382569 -35.9128 0.804303 0.124514 0.581028 26.5793 -0.434888 -0.542978 0.718365 -22.0221 0 0 0 1 
-0.594596 0.699492 0.396442 -36.7084 0.736774 0.276617 0.616966 21.8401 -0.321901 -0.658934 0.679843 -17.7443 0 0 0 1 
-0.811984 0.4232 0.401974 -35.6364 0.564297 0.393182 0.725932 13.3947 -0.149165 -0.816278 0.558068 -7.51286 0 0 0 1 
-0.940422 0.0994607 0.325138 -27.523 0.334375 0.443926 0.831339 3.9704 0.0616515 -0.890527 0.450734 2.176 0 0 0 1 
-0.958632 -0.199394 0.203141 -13.1581 0.0975697 0.440245 0.892561 -3.49724 0.267403 -0.875458 0.402579 7.58392 0 0 0 1 
-0.877663 -0.476595 0.0506526 5.88104 -0.146739 0.367816 0.918248 -7.44991 0.456263 -0.798479 0.392754 8.98463 0 0 0 1 
-0.703067 -0.702147 -0.112633 27.2879 -0.372141 0.228313 0.899658 -6.37831 0.605977 -0.674435 0.421817 5.90259 0 0 0 1 
-0.451896 -0.85218 -0.263777 48.0373 -0.550096 0.0334229 0.834432 0.549217 0.702271 -0.522179 0.483885 -1.37938 0 0 0 1 
-0.150914 -0.912908 -0.379243 64.7778 -0.656281 -0.194374 0.72905 13.1306 0.73927 -0.358913 0.56979 -12.1898 0 0 0 1 
0.11629 -0.716185 -0.688154 105.879 -0.526599 -0.631913 0.568664 37.4709 0.842123 -0.296251 0.450628 3.73851 0 0 0 1 
-0.964144 -0.264498 0.0216078 3.99944 0.089171 -0.246202 0.965108 15.8476 0.249949 -0.93243 -0.26096 56.5207 0 0 0 1 
-0.20494 0.492664 0.845744 -27.2125 0.579386 -0.635367 0.510511 61.4816 -0.788868 -0.594636 0.155231 -8.80884 0 0 0 1 
0.61843 0.381516 0.687016 17.8883 0.298953 -0.92273 0.243306 59.0206 -0.726755 -0.0549176 0.684699 -34.3588 0 0 0 1 
0.783059 0.352889 0.512141 31.2454 0.261034 -0.933886 0.244374 51.9845 -0.564517 0.0576732 0.823404 -32.1448 0 0 0 1 
0.755091 0.504745 0.418414 29.8448 0.421566 -0.862565 0.279759 52.1762 -0.502116 0.0348544 0.864098 -31.0195 0 0 0 1 
0.57243 0.738579 0.356127 20.8105 0.662267 -0.672542 0.330289 54.1358 -0.483454 -0.0467839 0.874119 -32.1411 0 0 0 1 
0.286677 0.91386 0.287536 10.6435 0.844481 -0.38278 0.37461 53.1403 -0.452404 -0.135427 0.881471 -33.999 0 0 0 1 
0.0309507 0.972954 0.228919 4.61585 0.913942 -0.120272 0.387614 50.895 -0.404663 -0.197221 0.892946 -36.1134 0 0 0 1 
-0.186217 0.945044 0.26873 -0.771618 0.912675 0.0651092 0.403468 51.9802 -0.363798 -0.320396 0.874642 -38.239 0 0 0 1 
-0.451811 0.805227 0.384027 -12.5398 0.840921 0.240682 0.484689 52.1116 -0.297856 -0.541924 0.785875 -37.3747 0 0 0 1 
-0.727283 0.522584 0.444933 -25.4912 0.669557 0.397746 0.627289 42.9733 -0.150841 -0.754125 0.639174 -27.941 0 0 0 1 
-0.915918 0.112185 0.385369 -26.7855 0.39027 0.473139 0.789829 24.1028 0.0937259 -0.873816 0.477139 -10.0107 0 0 0 1 
-0.92276 -0.338662 0.183907 -8.61814 0.0429259 0.383921 0.922368 4.87672 0.382977 -0.859019 0.339729 8.65405 0 0 0 1 
-0.711295 -0.691044 -0.128522 27.9172 -0.285458 0.116911 0.951234 -3.88182 0.642319 -0.713295 0.280423 19.7941 0 0 0 1 
-0.327847 -0.826659 -0.45733 71.5255 -0.495006 -0.262003 0.828446 6.70506 0.804665 -0.497985 0.323305 18.0522 0 0 0 1 
0.11629 -0.716185 -0.688154 105.879 -0.526599 -0.631913 0.568665 37.4709 0.842123 -0.296251 0.450627 3.73853 0 0 0 1 
-0.345055 -0.504121 -0.791706 80.1173 -0.860675 -0.166528 0.481151 29.8398 0.3744 -0.847425 0.376424 -49.4655 0 0 0 1 
-0.723824 0.687259 -0.0612676 64.7094 -0.431382 -0.38145 0.81756 -21.7284 -0.538505 -0.6182 -0.572574 24.9165 0 0 0 1 
-0.0739097 0.142811 0.986986 -40.4987 -0.608291 -0.790722 0.0688613 -8.60865 -0.790266 0.595285 -0.145313 59.27 0 0 0 1 
-0.00606793 -0.70861 0.705575 -76.367 -0.832245 -0.387589 -0.396413 36.2346 -0.554375 0.589616 0.587385 11.9145 0 0 0 1 
0.114966 -0.862471 0.492875 -67.0762 -0.859146 -0.335393 -0.386496 31.2886 -0.498649 0.379018 0.779548 -11.4314 0 0 0 1 
0.380843 -0.801084 0.461761 -50.3311 -0.786742 -0.543121 -0.293355 8.56968 -0.485794 0.251565 0.83709 -19.9407 0 0 0 1 
0.685842 -0.535963 0.492305 -22.4452 -0.535578 -0.829729 -0.157183 -12.2215 -0.492724 0.155865 0.856113 -24.8223 0 0 0 1 
0.858834 -0.140626 0.492574 9.97602 -0.144189 -0.989066 -0.0309683 -16.1622 -0.491543 0.0444273 0.869719 -30.828 0 0 0 1 
0.862156 0.178998 0.47397 32.1317 0.187896 -0.981761 0.028984 -6.69688 -0.470514 -0.0640685 0.880064 -36.7772 0 0 0 1 
0.756758 0.339825 0.558423 38.4538 0.362323 -0.92908 0.0743762 3.60248 -0.544095 -0.146045 0.826215 -44.63 0 0 0 1 
0.51486 0.462164 0.722027 32.0807 0.464459 -0.858294 0.218194 10.231 -0.720553 -0.223013 0.656558 -53.5283 0 0 0 1 
0.125554 0.612468 0.780461 22.2601 0.527834 -0.70734 0.470172 11.5124 -0.840017 -0.352921 0.412091 -56.3032 0 0 0 1 
-0.359739 0.685363 0.633139 17.4136 0.488136 -0.440058 0.753706 8.49035 -0.79518 -0.580195 0.176245 -52.7488 0 0 0 1 
-0.784522 0.552147 0.282239 21.9129 0.243087 -0.14488 0.959124 3.27213 -0.570468 -0.821063 0.0205584 -46.1974 0 0 0 1 
-0.961214 0.212701 -0.175571 37.6364 -0.168572 0.0507512 0.984382 1.54235 -0.21829 -0.975798 0.0129274 -41.1054 0 0 0 1 
-0.791233 -0.200727 -0.577633 60.2176 -0.59597 0.041489 0.801934 9.48581 0.137004 -0.978769 0.152455 -41.6328 0 0 0 1 
-0.345055 -0.504121 -0.791706 80.1173 -0.860675 -0.166528 0.481151 29.8398 0.3744 -0.847426 0.376424 -49.4655 0 0 0 1 
-0.244734 -0.73256 -0.635185 86.7051 -0.953076 0.0613614 0.296447 27.3234 0.17819 -0.677931 0.713203 -118.67 0 0 0 1 
-0.60232 0.739347 -0.300959 104.599 -0.37879 0.0671473 0.923043 -43.2564 -0.702658 -0.669967 -0.239613 -30.6692 0 0 0 1 
0.397146 0.523091 0.75409 34.1737 -0.63856 -0.432665 0.636429 -86.4245 -0.659179 0.734286 -0.162194 73.7169 0 0 0 1 
0.259776 -0.364285 0.894323 -72.8892 -0.965622 -0.107128 0.23685 -59.6905 -0.00952664 0.925105 0.379591 95.9734 0 0 0 1 
0.124539 -0.666501 0.735028 -98.8685 -0.991683 -0.059358 0.114201 -50.4651 0.0324852 0.743137 0.66835 59.4762 0 0 0 1 
0.246479 -0.771868 0.586061 -83.147 -0.956834 -0.289904 0.0205993 -57.9392 -0.154002 0.565841 0.810005 16.4762 0 0 0 1 
0.50186 -0.651209 0.569266 -51.4635 -0.750554 -0.65498 -0.0875793 -56.2651 -0.429891 0.383312 0.817475 -21.0741 0 0 0 1 
0.640924 -0.344188 0.686113 -32.4548 -0.368146 -0.92216 -0.118702 -40.7044 -0.673562 0.176512 0.717745 -45.4087 0 0 0 1 
0.590374 -0.064554 0.804545 -30.5363 -0.0326827 -0.997891 -0.0560849 -27.7579 -0.806468 -0.00681627 0.591238 -55.4233 0 0 0 1 
0.433713 0.0825698 0.89726 -31.6491 0.117882 -0.992434 0.0343472 -23.6134 -0.893307 -0.0908737 0.440165 -54.854 0 0 0 1 
0.189395 0.241673 0.951695 -28.3855 0.146358 -0.965358 0.216016 -29.4359 -0.970932 -0.0983757 0.218205 -47.316 0 0 0 1 
-0.10948 0.511958 0.852005 -13.859 0.129136 -0.842568 0.522881 -43.968 -0.985565 -0.167269 -0.0261323 -37.9771 0 0 0 1 
-0.444192 0.74273 0.501044 17.2512 0.0578996 -0.534277 0.843324 -56.8561 -0.894059 -0.403608 -0.194318 -34.6715 0 0 0 1 
-0.718037 0.695595 -0.0239153 57.5058 -0.138221 -0.108836 0.984403 -53.7125 -0.682143 -0.710143 -0.174294 -45.6891 0 0 0 1 
-0.813726 0.298526 -0.498731 88.5337 -0.442663 0.237795 0.864583 -31.3612 -0.376696 -0.924303 0.0613539 -70.1967 0 0 0 1 
-0.646259 -0.277499 -0.710875 97.3269 -0.760991 0.303842 0.573212 0.135353 -0.0569277 -0.911413 0.407536 -97.9184 0 0 0 1 
-0.244734 -0.73256 -0.635186 86.7052 -0.953076 0.0613617 0.296447 27.3235 0.17819 -0.677931 0.713203 -118.67 0 0 0 1 
0.0376042 -0.487333 -0.872406 119.317 -0.79515 -0.54336 0.269251 41.7051 0.605246 -0.683569 0.407936 -20.5055 0 0 0 1 
-0.887572 -0.0650306 -0.456057 57.5509 -0.408766 -0.345341 0.844778 -20.1261 0.212432 -0.936221 -0.279933 54.7691 0 0 0 1 
-0.729651 0.533517 0.42775 -36.3027 0.0240464 -0.605125 0.795768 -14.1652 -0.683397 -0.590918 -0.4287 53.6273 0 0 0 1 
-0.208014 0.545403 0.811952 -65.5636 -0.0515013 -0.835066 0.547735 1.20399 -0.976769 -0.07212 -0.201795 22.8404 0 0 0 1 
0.0260148 0.553337 0.832551 -62.9646 -0.121997 -0.824851 0.55203 -8.7133 -0.99219 0.11593 -0.046047 8.69032 0 0 0 1 
0.173733 0.665066 0.726295 -47.984 -0.0864876 -0.724357 0.68398 -28.0946 -0.980988 0.181645 0.0683247 0.0225449 0 0 0 1 
0.254182 0.822065 0.509511 -20.4971 0.052568 -0.537777 0.841447 -45.0834 -0.965727 0.187096 0.179907 -9.10332 0 0 0 1 
0.250075 0.938098 0.239655 12.0684 0.24081 -0.300003 0.923044 -49.7918 -0.937803 0.173119 0.300927 -20.2477 0 0 0 1 
0.185859 0.982294 0.0235815 37.3944 0.38974 -0.0957306 0.915936 -44.0064 -0.901976 0.161044 0.400631 -30.5715 0 0 0 1 
0.0153073 0.994312 -0.1054 52.1818 0.437529 0.0881238 0.894876 -35.1598 -0.899074 0.0598139 0.433692 -40.4103 0 0 0 1 
-0.296815 0.933147 -0.20282 56.775 0.376054 0.309449 0.873399 -24.0267 -0.877773 -0.182966 0.442762 -52.8056 0 0 0 1 
-0.637941 0.725305 -0.258774 49.7157 0.226993 0.49821 0.836817 -14.3963 -0.735871 -0.4751 0.482467 -62.0595 0 0 0 1 
-0.891847 0.368613 -0.262172 38.3405 -0.00191948 0.576503 0.817093 -12.1657 -0.452334 -0.729225 0.513445 -60.3476 0 0 0 1 
-0.947215 -0.0746107 -0.311799 38.5062 -0.307826 0.483465 0.819455 -15.9266 -0.089604 -0.872179 0.480912 -47.1996 0 0 0 1 
-0.760352 -0.447179 -0.471058 58.6133 -0.597365 0.196738 0.777464 -15.0912 0.25499 -0.87254 0.416719 -30.383 0 0 0 1 
-0.392468 -0.594643 -0.70169 91.7292 -0.77386 -0.198836 0.601337 3.03233 0.497102 -0.779015 0.382133 -19.9666 0 0 0 1 
0.0376041 -0.487333 -0.872406 119.317 -0.79515 -0.54336 0.269251 41.7051 0.605246 -0.683569 0.407936 -20.5055 0 0 0 1 
-0.271807 -0.700955 -0.65938 72.5112 -0.744393 -0.28111 0.605686 17.3582 0.609917 -0.655468 0.445379 -6.9719 0 0 0 1 
-0.836859 -0.346548 -0.42376 45.3849 -0.434883 -0.0492926 0.899137 -14.8427 0.332482 -0.936736 0.109457 32.8071 0 0 0 1 
-0.976431 0.214053 -0.0276306 -10.6403 -0.0418862 -0.0623514 0.997175 -22.7112 -0.211725 -0.97483 -0.0698478 50.5452 0 0 0 1 
-0.801037 0.559081 0.213937 -45.1356 0.136158 -0.177851 0.974593 -14.8588 -0.582925 -0.809813 -0.0663423 39.7244 0 0 0 1 
-0.642725 0.726417 0.243355 -50.4448 0.188007 -0.15838 0.969314 -15.4653 -0.742669 -0.668755 0.034777 22.2345 0 0 0 1 
-0.514075 0.838894 0.178842 -43.6696 0.245291 -0.0560154 0.96783 -19.5201 -0.821924 -0.541405 0.176977 3.87129 0 0 0 1 
-0.442464 0.894537 0.063475 -30.281 0.330406 0.0968081 0.938862 -21.5042 -0.833702 -0.436385 0.338394 -13.2326 0 0 0 1 
-0.44158 0.895844 -0.0497069 -16.5787 0.422784 0.256624 0.869136 -18.6344 -0.791367 -0.362778 0.492069 -27.3442 0 0 0 1 
-0.494216 0.860685 -0.122367 -7.47962 0.480332 0.387669 0.786762 -13.3613 -0.724592 -0.330054 0.605006 -36.8582 0 0 0 1 
-0.663637 0.73049 -0.161153 -3.33311 0.417401 0.540377 0.730595 -11.4614 -0.620776 -0.417584 0.663522 -40.3597 0 0 0 1 
-0.883024 0.436452 -0.172563 -0.918255 0.203455 0.687315 0.697283 -13.3406 -0.422936 -0.580608 0.695714 -38.9981 0 0 0 1 
-0.983573 0.0964654 -0.152575 2.62854 -0.0374258 0.71789 0.69515 -15.7225 -0.17659 -0.689441 0.702486 -34.2502 0 0 0 1 
-0.972602 -0.190124 -0.133787 8.98972 -0.226084 0.639485 0.73481 -17.2612 0.05415 -0.744924 0.664948 -26.7202 0 0 0 1 
-0.877687 -0.444318 -0.179577 21.1913 -0.400696 0.474826 0.783571 -16.648 0.262886 -0.759686 0.594785 -18.2762 0 0 0 1 
-0.716432 -0.62822 -0.303421 38.2872 -0.549965 0.240958 0.799674 -11.3529 0.42926 -0.739783 0.518129 -11.1838 0 0 0 1 
-0.509217 -0.713861 -0.480728 56.8499 -0.666235 -0.0266323 0.745266 0.123638 0.54482 -0.69978 0.462038 -7.12323 0 0 0 1 
-0.271808 -0.700955 -0.65938 72.5112 -0.744394 -0.28111 0.605686 17.3582 0.609917 -0.655469 0.445379 -6.9719 0 0 0 1 
-0.704298 -0.681419 -0.199079 28.8151 -0.524018 0.309832 0.793353 -1.75435 0.478925 -0.663078 0.575289 -12.5437 0 0 0 1 
-0.876475 -0.454654 -0.158372 23.0216 -0.369942 0.425479 0.8259 -6.77913 0.308115 -0.782469 0.541117 -7.1996 0 0 0 1 
-0.976115 -0.190179 -0.105033 15.3276 -0.187514 0.493331 0.84939 -10.5869 0.10972 -0.848797 0.517209 -3.24588 0 0 0 1 
-0.997688 0.0448202 -0.0510977 6.91452 -0.020599 0.517037 0.855715 -12.2618 -0.0647728 -0.854789 0.514918 -2.25678 0 0 0 1 
-0.962303 0.271948 -0.00429721 -2.29938 0.143643 0.521579 0.841025 -11.7913 -0.230956 -0.808703 0.54098 -4.99271 0 0 0 1 
-0.861886 0.50622 0.0298923 -11.5227 0.318086 0.493779 0.809323 -9.13606 -0.394936 -0.707053 0.586602 -10.8562 0 0 0 1 
-0.729326 0.682355 0.0497527 -18.5324 0.460138 0.435395 0.77376 -5.0861 -0.506317 -0.587217 0.631522 -17.5012 0 0 0 1 
-0.637169 0.767584 0.0695029 -23.072 0.540425 0.380662 0.750358 -1.68117 -0.549506 -0.515666 0.657368 -21.6988 0 0 0 1 
-0.658254 0.745615 0.103731 -25.4671 0.538868 0.370479 0.756549 -1.29558 -0.525664 -0.553899 0.645658 -20.324 0 0 0 1 
-0.93091 0.342303 0.127415 -17.1121 0.274001 0.423809 0.863313 -8.49115 -0.241515 -0.838579 0.48832 -2.96089 0 0 0 1 
-0.907272 -0.404378 -0.115477 15.4726 -0.209473 0.19644 0.957879 -6.97359 0.364661 -0.893247 0.262932 11.8498 0 0 0 1 
-0.572604 -0.730789 -0.37158 37.2997 -0.42692 -0.121144 0.896138 5.60478 0.699903 -0.671768 0.242621 6.95562 0 0 0 1 
-0.470444 -0.783803 -0.405383 40.4692 -0.475815 -0.161573 0.864578 8.42435 0.743157 -0.599623 0.296934 1.87425 0 0 0 1 
-0.480263 -0.796509 -0.367316 39.1544 -0.506132 -0.090362 0.857709 6.67496 0.716365 -0.597836 0.359741 -1.81652 0 0 0 1 
-0.557347 -0.774624 -0.298869 35.5234 -0.521499 0.0465057 0.851984 2.93547 0.646068 -0.63071 0.429885 -4.99164 0 0 0 1 
-0.64781 -0.724474 -0.235542 31.4217 -0.521732 0.196625 0.830142 -0.350413 0.555102 -0.660664 0.505357 -8.54538 0 0 0 1 
-0.704299 -0.681419 -0.199079 28.8151 -0.524018 0.309832 0.793354 -1.75436 0.478925 -0.663079 0.57529 -12.5437 0 0 0 1 
-0.433848 -0.790634 -0.432057 37.3515 -0.81069 0.133314 0.570095 26.4659 0.393137 -0.5976 0.698798 -19.1833 0 0 0 1 
-0.635493 -0.624936 -0.453436 38.1148 -0.718757 0.26431 0.643062 20.5664 0.282025 -0.734571 0.617144 -12.389 0 0 0 1 
-0.792841 -0.415752 -0.445593 36.7238 -0.593769 0.362296 0.718457 14.5918 0.137263 -0.834202 0.534104 -5.61005 0 0 0 1 
-0.909331 -0.152435 -0.387145 30.3056 -0.413642 0.431659 0.801605 6.45713 -0.0449219 -0.889064 0.455574 1.71798 0 0 0 1 
-0.94205 0.226254 -0.247691 13.1821 -0.121231 0.45884 0.88021 -3.6167 -0.312801 -0.85923 0.404821 7.46699 0 0 0 1 
-0.765966 0.641015 -0.0489407 -13.895 0.240894 0.356764 0.902602 -8.18924 -0.596041 -0.679573 0.427686 4.57297 0 0 0 1 
-0.423244 0.896865 0.128444 -39.7396 0.518926 0.123756 0.845814 -2.10723 -0.742685 -0.424638 0.517786 -7.68457 0 0 0 1 
-0.13348 0.959686 0.247359 -56.1151 0.63903 -0.107432 0.761642 8.93971 -0.757511 -0.259734 0.598928 -18.952 0 0 0 1 
