a
34
9
20
0
1
1 2
-0.999391 0.0319441 -0.0140538 0.174663 5.80402e-07 0.402716 0.915325 -8.90372 -0.0348989 -0.914767 0.402471 -5.00162 0 0 0 1 
-0.999391 0.0318614 -0.0142406 0.1782 6.02868e-07 0.408067 0.912952 -9.03792 -0.0348991 -0.912396 0.407819 -5.10299 0 0 0 1 
-0.999391 0.0317775 -0.0144269 0.181767 5.95551e-07 0.413405 0.910547 -9.17153 -0.034899 -0.909992 0.413153 -5.20513 0 0 0 1 
-0.999391 0.0317235 -0.0145447 0.184049 5.46216e-07 0.416783 0.909006 -9.25594 -0.0348988 -0.908452 0.416529 -5.27031 0 0 0 1 
-0.999391 0.0317055 -0.0145839 0.184808 5.44679e-07 0.417904 0.908491 -9.28394 -0.0348988 -0.907938 0.417649 -5.29204 0 0 0 1 
-0.999391 0.0317034 -0.0145888 0.1849 5.7429e-07 0.418044 0.908427 -9.28744 -0.0348989 -0.907873 0.417789 -5.29476 0 0 0 1 
-0.999391 0.0317101 -0.0145741 0.184615 5.74866e-07 0.417624 0.90862 -9.27694 -0.0348989 -0.908067 0.417369 -5.28661 0 0 0 1 
-0.999391 0.0317191 -0.0145545 0.184236 5.60733e-07 0.417063 0.908877 -9.26294 -0.0348989 -0.908324 0.416809 -5.27574 0 0 0 1 
-0.999391 0.0317236 -0.0145448 0.184046 5.46216e-07 0.416783 0.909006 -9.25594 -0.0348989 -0.908452 0.416529 -5.27031 0 0 0 1 
-0.999391 0.0330475 -0.0112161 0.125221 7.24646e-07 0.321408 0.946941 -6.83576 -0.034899 -0.946364 0.321212 -3.58579 0 0 0 1 
-0.999391 0.0329814 -0.0114094 0.128336 7.47193e-07 0.326946 0.945043 -6.97829 -0.0348991 -0.944467 0.326747 -3.67508 0 0 0 1 
-0.999391 0.032914 -0.0116023 0.131483 7.39949e-07 0.332473 0.943113 -7.12029 -0.0348991 -0.942538 0.33227 -3.7652 0 0 0 1 
-0.999391 0.0328705 -0.0117244 0.1335 6.90656e-07 0.335972 0.941872 -7.21007 -0.0348988 -0.941299 0.335767 -3.82278 0 0 0 1 
-0.999391 0.032856 -0.0117649 0.134171 6.89136e-07 0.337133 0.941457 -7.23985 -0.0348988 -0.940883 0.336928 -3.84199 0 0 0 1 
-0.999391 0.0328543 -0.01177 0.134252 7.18752e-07 0.337279 0.941405 -7.24358 -0.0348989 -0.940831 0.337073 -3.8444 0 0 0 1 
-0.999391 0.0328597 -0.0117548 0.134 7.1932e-07 0.336843 0.941561 -7.23241 -0.0348989 -0.940987 0.336638 -3.83719 0 0 0 1 
-0.999391 0.032867 -0.0117345 0.133664 7.0518e-07 0.336262 0.941769 -7.21752 -0.0348989 -0.941195 0.336057 -3.82758 0 0 0 1 
-0.999391 0.0328706 -0.0117244 0.133497 6.90659e-07 0.335972 0.941872 -7.21007 -0.0348989 -0.941298 0.335767 -3.82278 0 0 0 1 
-0.991195 0.132389 -0.00256045 -2.40966 0.0695992 0.537344 0.840487 -10.8297 -0.112647 -0.832908 0.541826 -9.32272 0 0 0 1 
-0.997295 -0.0651673 -0.0340042 2.8221 -0.0640232 0.542834 0.837396 -10.955 0.0361122 -0.837308 0.545537 -9.23515 0 0 0 1 
-0.963427 -0.259965 -0.0650102 7.98082 -0.196803 0.521771 0.830075 -10.3771 0.18187 -0.812511 0.55385 -9.92053 0 0 0 1 
-0.929976 -0.358645 -0.0807361 10.5942 -0.264637 0.500674 0.824193 -9.80553 0.25517 -0.787845 0.560525 -10.5918 0 0 0 1 
-0.931645 -0.354431 -0.0801007 10.4829 -0.262112 0.502828 0.823687 -9.85828 0.251663 -0.78838 0.561358 -10.5837 0 0 0 1 
-0.949388 -0.305653 -0.0723792 9.19139 -0.228967 0.515684 0.825618 -10.1981 0.215028 -0.800404 0.559569 -10.2661 0 0 0 1 
-0.971353 -0.229848 -0.0603608 7.18419 -0.177208 0.531343 0.828415 -10.6143 0.158337 -0.81538 0.556852 -9.86731 0 0 0 1 
-0.988184 -0.145875 -0.0470449 4.96073 -0.119792 0.543566 0.830775 -10.9401 0.0956177 -0.826594 0.554617 -9.56739 0 0 0 1 
-0.9966 -0.074261 -0.0356943 3.06452 -0.0707971 0.550187 0.832035 -11.1165 0.0421491 -0.831733 0.553574 -9.4298 0 0 0 1 
-0.930431 0.366161 -0.0150047 -6.66821 0.233936 0.624962 0.744779 -8.87193 -0.282086 -0.689456 0.667142 -17.1258 0 0 0 1 
-0.999734 0.0103465 -0.0205965 0.766205 -0.00835771 0.670049 0.74227 -9.8235 -0.0214806 -0.742245 0.669784 -16.0144 0 0 0 1 
-0.937567 -0.346807 -0.0263316 8.23343 -0.252393 0.626325 0.737573 -8.88813 0.239303 -0.69817 0.674754 -16.9606 0 0 0 1 
-0.842775 -0.537452 -0.0295948 12.2268 -0.38356 0.561065 0.733545 -7.49269 0.37764 -0.629565 0.678997 -18.4286 0 0 0 1 
-0.821554 -0.569294 -0.0308872 12.9224 -0.406347 0.546682 0.732134 -7.17448 0.399914 -0.614039 0.68046 -18.771 0 0 0 1 
-0.842564 -0.537673 -0.0315116 12.3049 -0.385694 0.561498 0.732093 -7.47714 0.375933 -0.628989 0.680475 -18.4645 0 0 0 1 
-0.883566 -0.46723 -0.0317202 10.8838 -0.338431 0.590244 0.732855 -8.07951 0.32369 -0.658262 0.679645 -17.8492 0 0 0 1 
-0.922932 -0.383651 -0.0317548 9.18947 -0.282141 0.617998 0.733808 -8.6656 0.261902 -0.686215 0.678614 -17.2566 0 0 0 1 
-0.947714 -0.317517 -0.0319695 7.85593 -0.237758 0.63571 0.7344 -9.04098 0.212861 -0.703602 0.677963 -16.8857 0 0 0 1 
-0.930431 0.364686 0.036101 -9.93727 0.233936 0.515227 0.824509 -12.2436 -0.282086 -0.775594 0.564696 -9.13944 0 0 0 1 
-0.999734 0.0131123 -0.0189561 0.616001 -0.00835771 0.560224 0.828299 -13.5996 -0.0214806 -0.828238 0.559965 -7.55539 0 0 0 1 
-0.937567 -0.339767 -0.0743415 11.2135 -0.252393 0.51758 0.817563 -12.2925 0.239303 -0.785283 0.571021 -8.8756 0 0 0 1 
-0.842775 -0.528103 -0.104106 16.8771 -0.38356 0.453515 0.804491 -10.3337 0.37764 -0.717936 0.58477 -10.936 0 0 0 1 
-0.821554 -0.559455 -0.109817 17.8496 -0.406347 0.439469 0.801093 -9.89275 0.399914 -0.702765 0.58838 -11.4109 0 0 0 1 
-0.842564 -0.528055 -0.106035 16.9517 -0.385694 0.454146 0.803114 -10.3261 0.375933 -0.717572 0.586314 -10.9727 0 0 0 1 
-0.883566 -0.458269 -0.0964373 14.9094 -0.338431 0.482506 0.807869 -11.1795 0.32369 -0.746444 0.581418 -10.1018 0 0 0 1 
-0.922932 -0.375498 -0.0848396 12.4786 -0.282141 0.509858 0.812676 -12.0074 0.261902 -0.773981 0.576507 -9.26588 0 0 0 1 
-0.947714 -0.309977 -0.0758481 10.5618 -0.237758 0.527314 0.815727 -12.5371 0.212861 -0.791109 0.573443 -8.74371 0 0 0 1 
-0.836074 0.546316 0.0501844 -13.687 0.206423 0.228511 0.951406 -16.9847 -0.508301 -0.805805 0.303824 9.96534 0 0 0 1 
-0.995333 0.0958106 -0.0115536 -1.16199 0.0206927 0.328822 0.944165 -18.3875 -0.0942601 -0.939519 0.32927 10.6166 0 0 0 1 
-0.923855 -0.378527 -0.0566448 10.5339 -0.192048 0.330439 0.924082 -17.0807 0.331072 -0.864597 0.377973 6.12223 0 0 0 1 
-0.776047 -0.62648 -0.0726231 16.1125 -0.309405 0.27785 0.909433 -15.1824 0.549563 -0.728233 0.40946 1.75156 0 0 0 1 
-0.734963 -0.673595 -0.0781012 17.3063 -0.329164 0.253692 0.909556 -14.8405 0.592858 -0.694198 0.408177 1.3414 0 0 0 1 
-0.758981 -0.646039 -0.0811157 16.9524 -0.311376 0.250722 0.916615 -15.3674 0.571832 -0.720951 0.391455 3.00789 0 0 0 1 
-0.816012 -0.572396 -0.0805425 15.4969 -0.272012 0.257306 0.927256 -16.3127 0.510034 -0.77856 0.365664 5.80638 0 0 0 1 
-0.873046 -0.48163 -0.0763095 13.4718 -0.226464 0.261867 0.938158 -17.2321 0.431862 -0.836337 0.337693 8.74745 0 0 0 1 
-0.908684 -0.41127 -0.0717623 11.7996 -0.191943 0.258911 0.946638 -17.8416 0.370744 -0.873969 0.314209 11.039 0 0 0 1 
-0.836074 0.546316 0.0501824 -13.6869 0.206421 0.228512 0.951406 -16.9847 -0.508301 -0.805804 0.303824 9.96531 0 0 0 1 
-0.995332 0.0958109 -0.0115552 -1.1619 0.0206915 0.328824 0.944165 -18.3875 -0.0942609 -0.939519 0.329271 10.6165 0 0 0 1 
-0.923855 -0.378527 -0.0566456 10.534 -0.192049 0.330441 0.924081 -17.0806 0.331071 -0.864596 0.377975 6.12211 0 0 0 1 
-0.776047 -0.626479 -0.0726234 16.1125 -0.309406 0.277851 0.909432 -15.1823 0.549562 -0.728233 0.409462 1.75142 0 0 0 1 
-0.734963 -0.673594 -0.0781014 17.3063 -0.329165 0.253694 0.909555 -14.8404 0.592857 -0.694198 0.408179 1.34127 0 0 0 1 
-0.758981 -0.64604 -0.0811159 16.9524 -0.311377 0.250723 0.916615 -15.3674 0.571832 -0.720951 0.391456 3.00777 0 0 0 1 
-0.816012 -0.572397 -0.080543 15.497 -0.272013 0.257308 0.927255 -16.3127 0.510033 -0.77856 0.365666 5.80625 0 0 0 1 
-0.873046 -0.48163 -0.0763102 13.4719 -0.226465 0.261868 0.938157 -17.2321 0.431861 -0.836336 0.337695 8.74732 0 0 0 1 
-0.908684 -0.41127 -0.0717631 11.7997 -0.191944 0.258912 0.946637 -17.8416 0.370744 -0.873968 0.31421 11.0389 0 0 0 1 
-0.836074 0.546316 0.0501824 -13.6869 0.206421 0.228512 0.951406 -16.9847 -0.508301 -0.805804 0.303824 9.9653 0 0 0 1 
-0.995333 0.0958109 -0.0115552 -1.16189 0.0206915 0.328824 0.944165 -18.3875 -0.0942609 -0.939519 0.329271 10.6165 0 0 0 1 
-0.923855 -0.378527 -0.0566455 10.534 -0.192049 0.330441 0.924081 -17.0806 0.331071 -0.864596 0.377975 6.12213 0 0 0 1 
-0.776047 -0.626479 -0.0726233 16.1125 -0.309406 0.277851 0.909432 -15.1823 0.549562 -0.728233 0.409462 1.75142 0 0 0 1 
-0.734963 -0.673594 -0.0781014 17.3064 -0.329165 0.253694 0.909555 -14.8404 0.592857 -0.694198 0.408179 1.34126 0 0 0 1 
-0.758981 -0.64604 -0.0811159 16.9524 -0.311377 0.250723 0.916615 -15.3674 0.571832 -0.720951 0.391456 3.00774 0 0 0 1 
-0.816012 -0.572397 -0.080543 15.497 -0.272013 0.257308 0.927255 -16.3126 0.510033 -0.77856 0.365666 5.80625 0 0 0 1 
-0.873046 -0.48163 -0.0763101 13.4719 -0.226465 0.261868 0.938157 -17.2321 0.431861 -0.836336 0.337695 8.74733 0 0 0 1 
-0.908684 -0.41127 -0.071763 11.7997 -0.191944 0.258912 0.946637 -17.8416 0.370744 -0.873968 0.31421 11.0389 0 0 0 1 
-0.836074 0.546316 0.0501826 -13.6869 0.206422 0.228512 0.951406 -16.9847 -0.508301 -0.805804 0.303824 9.9653 0 0 0 1 
-0.995332 0.0958111 -0.011555 -1.1619 0.0206916 0.328824 0.944165 -18.3875 -0.0942611 -0.939519 0.329271 10.6165 0 0 0 1 
-0.923855 -0.378526 -0.0566454 10.534 -0.192049 0.330441 0.924081 -17.0806 0.331071 -0.864596 0.377975 6.1221 0 0 0 1 
-0.776047 -0.626479 -0.0726232 16.1125 -0.309406 0.277851 0.909432 -15.1823 0.549562 -0.728233 0.409462 1.75142 0 0 0 1 
-0.734963 -0.673594 -0.0781011 17.3063 -0.329165 0.253694 0.909555 -14.8404 0.592857 -0.694198 0.408179 1.34127 0 0 0 1 
-0.758981 -0.64604 -0.0811157 16.9524 -0.311377 0.250724 0.916615 -15.3674 0.571832 -0.720951 0.391456 3.00775 0 0 0 1 
-0.816012 -0.572397 -0.0805427 15.4969 -0.272013 0.257308 0.927255 -16.3126 0.510033 -0.77856 0.365666 5.80625 0 0 0 1 
-0.873046 -0.48163 -0.0763099 13.4719 -0.226465 0.261868 0.938157 -17.2321 0.431861 -0.836336 0.337695 8.74731 0 0 0 1 
-0.908684 -0.41127 -0.0717628 11.7997 -0.191944 0.258912 0.946637 -17.8416 0.370743 -0.873968 0.31421 11.0389 0 0 0 1 
-0.836074 0.546316 0.0501826 -13.6869 0.206422 0.228512 0.951406 -16.9847 -0.508301 -0.805804 0.303824 9.9653 0 0 0 1 
-0.995332 0.0958111 -0.0115549 -1.1619 0.0206916 0.328824 0.944165 -18.3875 -0.0942611 -0.939519 0.329271 10.6165 0 0 0 1 
-0.923855 -0.378526 -0.0566454 10.534 -0.192049 0.330441 0.924081 -17.0806 0.331071 -0.864596 0.377975 6.1221 0 0 0 1 
-0.776047 -0.626479 -0.0726232 16.1125 -0.309406 0.277851 0.909432 -15.1823 0.549562 -0.728233 0.409462 1.75143 0 0 0 1 
-0.734963 -0.673594 -0.0781012 17.3063 -0.329165 0.253694 0.909555 -14.8404 0.592857 -0.694198 0.408179 1.34127 0 0 0 1 
-0.758981 -0.646039 -0.0811157 16.9524 -0.311377 0.250724 0.916615 -15.3674 0.571831 -0.720951 0.391456 3.00776 0 0 0 1 
-0.816012 -0.572397 -0.0805427 15.497 -0.272013 0.257308 0.927255 -16.3126 0.510033 -0.77856 0.365666 5.80625 0 0 0 1 
-0.873046 -0.48163 -0.0763099 13.4719 -0.226465 0.261868 0.938157 -17.2321 0.431861 -0.836336 0.337695 8.74732 0 0 0 1 
-0.908684 -0.41127 -0.0717628 11.7997 -0.191944 0.258912 0.946637 -17.8416 0.370743 -0.873968 0.31421 11.0389 0 0 0 1 
-0.93043 0.366162 -0.0150032 -6.66821 0.233938 0.624962 0.744779 -8.87193 -0.282086 -0.689455 0.667142 -17.1258 0 0 0 1 
-0.999734 0.0103479 -0.020595 0.766205 -0.00835569 0.670049 0.74227 -9.8235 -0.0214806 -0.742245 0.669784 -16.0144 0 0 0 1 
-0.937567 -0.346806 -0.0263303 8.23343 -0.252391 0.626326 0.737574 -8.88814 0.239303 -0.69817 0.674753 -16.9606 0 0 0 1 
-0.842776 -0.537451 -0.0295937 12.2268 -0.383558 0.561066 0.733545 -7.49269 0.377641 -0.629565 0.678996 -18.4286 0 0 0 1 
-0.821555 -0.569293 -0.030886 12.9224 -0.406346 0.546683 0.732135 -7.17448 0.399914 -0.614039 0.680459 -18.771 0 0 0 1 
-0.842565 -0.537672 -0.0315104 12.3049 -0.385692 0.561498 0.732094 -7.47716 0.375933 -0.62899 0.680475 -18.4645 0 0 0 1 
-0.883567 -0.467229 -0.0317189 10.8838 -0.338429 0.590244 0.732856 -8.07952 0.32369 -0.658262 0.679644 -17.8492 0 0 0 1 
-0.922933 -0.38365 -0.0317534 9.18947 -0.28214 0.617998 0.733809 -8.6656 0.261902 -0.686215 0.678614 -17.2566 0 0 0 1 
-0.947714 -0.317515 -0.0319681 7.85594 -0.237756 0.63571 0.734401 -9.04098 0.212861 -0.703602 0.677963 -16.8857 0 0 0 1 
-0.668895 0.726177 0.158894 -27.8754 0.516196 0.299942 0.802232 -1.53063 -0.534903 -0.61863 0.57548 -14.3691 0 0 0 1 
-0.877646 0.466281 0.110991 -21.2118 0.336221 0.433873 0.835889 -7.34417 -0.341603 -0.770932 0.53756 -7.80895 0 0 0 1 
-0.986929 0.15439 0.0462008 -11.9566 0.118676 0.502328 0.856495 -11.4269 -0.109026 -0.850783 0.514084 -3.18432 0 0 0 1 
-0.994517 -0.103739 -0.0132164 -2.69125 -0.0647999 0.512102 0.856477 -12.6772 0.0820822 -0.852638 0.516016 -2.24806 0 0 0 1 
-0.95933 -0.277123 -0.0537511 4.73879 -0.19243 0.502676 0.842786 -11.8432 0.206536 -0.818853 0.535559 -4.1758 0 0 0 1 
-0.908406 -0.409605 -0.0838021 11.0445 -0.29474 0.485239 0.823208 -10.0281 0.296526 -0.772506 0.561521 -7.27853 0 0 0 1 
-0.849503 -0.516393 -0.108085 16.6763 -0.382643 0.462012 0.800081 -7.63575 0.363219 -0.721029 0.590075 -10.8904 0 0 0 1 
-0.780614 -0.611403 -0.129725 21.9428 -0.464835 0.429166 0.774432 -4.79907 0.417817 -0.664833 0.619214 -14.678 0 0 0 1 
-0.693028 -0.705362 -0.14892 26.8279 -0.54655 0.379373 0.746565 -1.42627 0.470102 -0.598782 0.648432 -18.6478 0 0 0 1 
-0.404932 0.830465 0.382569 -35.9128 0.804303 0.124514 0.581028 26.5793 -0.434888 -0.542978 0.718365 -22.0221 0 0 0 1 
-0.649922 0.640294 0.409419 -37.0552 0.693472 0.279204 0.664185 19.4079 -0.310962 -0.71559 0.625487 -13.7937 0 0 0 1 
-0.83243 0.388558 0.395073 -35.0573 0.536609 0.387376 0.749661 12.1916 -0.138245 -0.83604 0.530967 -5.60714 0 0 0 1 
-0.940422 0.0994606 0.325138 -27.523 0.334375 0.443926 0.831339 3.97039 0.0616516 -0.890527 0.450734 2.176 0 0 0 1 
-0.958632 -0.199394 0.203141 -13.1581 0.0975694 0.440245 0.892561 -3.49724 0.267403 -0.875458 0.402578 7.58393 0 0 0 1 
-0.877663 -0.476595 0.0506528 5.88104 -0.146739 0.367816 0.918248 -7.44992 0.456263 -0.798479 0.392753 8.98463 0 0 0 1 
-0.703067 -0.702147 -0.112633 27.2879 -0.372141 0.228313 0.899658 -6.37832 0.605977 -0.674435 0.421817 5.9026 0 0 0 1 
-0.451896 -0.852181 -0.263777 48.0373 -0.550096 0.0334229 0.834432 0.549225 0.702271 -0.522179 0.483885 -1.37939 0 0 0 1 
-0.150913 -0.912908 -0.379243 64.7778 -0.656281 -0.194374 0.72905 13.1306 0.739271 -0.358913 0.56979 -12.1897 0 0 0 1 
0.0309505 0.972954 0.228918 4.61586 0.913942 -0.120272 0.387614 50.895 -0.404663 -0.197222 0.892946 -36.1134 0 0 0 1 
-0.231221 0.915555 0.329084 -4.37102 0.895538 0.0681062 0.439743 52.1715 -0.380196 -0.396385 0.835662 -37.2147 0 0 0 1 
-0.473991 0.782809 0.403165 -14.2193 0.827218 0.238978 0.508527 51.8133 -0.301732 -0.574543 0.760827 -36.5409 0 0 0 1 
-0.727283 0.522584 0.444933 -25.4912 0.669557 0.397746 0.627289 42.9733 -0.150841 -0.754125 0.639174 -27.941 0 0 0 1 
-0.915918 0.112185 0.385369 -26.7855 0.39027 0.473139 0.789829 24.1028 0.0937258 -0.873816 0.477138 -10.0106 0 0 0 1 
-0.92276 -0.338663 0.183907 -8.61812 0.0429261 0.38392 0.922368 4.87672 0.382977 -0.859018 0.339729 8.65406 0 0 0 1 
-0.711295 -0.691044 -0.128522 27.9171 -0.285458 0.116911 0.951234 -3.88185 0.642319 -0.713295 0.280422 19.7941 0 0 0 1 
-0.327847 -0.826659 -0.45733 71.5256 -0.495006 -0.262003 0.828446 6.70507 0.804665 -0.497985 0.323304 18.0522 0 0 0 1 
0.11629 -0.716185 -0.688154 105.879 -0.526598 -0.631914 0.568664 37.4709 0.842123 -0.296251 0.450627 3.73853 0 0 0 1 
0.862155 0.178998 0.47397 32.1317 0.187897 -0.981761 0.028984 -6.69686 -0.470514 -0.0640686 0.880064 -36.7772 0 0 0 1 
0.697814 0.334948 0.633139 32.8349 0.33354 -0.934196 0.126603 0.802925 -0.633882 -0.122832 0.763614 -44.9219 0 0 0 1 
0.47985 0.464655 0.744204 29.6659 0.44353 -0.860341 0.251186 8.30029 -0.756984 -0.209546 0.618924 -52.9953 0 0 0 1 
0.125554 0.612468 0.780461 22.2602 0.527834 -0.70734 0.470172 11.5124 -0.840017 -0.352921 0.412091 -56.3032 0 0 0 1 
-0.359738 0.685363 0.633139 17.4136 0.488136 -0.440057 0.753706 8.49034 -0.79518 -0.580195 0.176245 -52.7487 0 0 0 1 
-0.784522 0.552147 0.282239 21.9128 0.243087 -0.14488 0.959124 3.27215 -0.570468 -0.821063 0.0205586 -46.1974 0 0 0 1 
-0.961215 0.212701 -0.17557 37.6363 -0.168572 0.0507507 0.984382 1.54231 -0.21829 -0.975799 0.0129271 -41.1053 0 0 0 1 
-0.791232 -0.200727 -0.577633 60.2176 -0.59597 0.041489 0.801934 9.48581 0.137005 -0.978768 0.152455 -41.6328 0 0 0 1 
-0.345055 -0.504121 -0.791707 80.1173 -0.860675 -0.166528 0.481151 29.8399 0.3744 -0.847426 0.376423 -49.4655 0 0 0 1 
0.590374 -0.0645539 0.804545 -30.5362 -0.0326825 -0.997891 -0.0560847 -27.7579 -0.806468 -0.00681622 0.591238 -55.4233 0 0 0 1 
0.399966 0.103364 0.910682 -28.3722 0.0611004 -0.994417 0.0860333 -30.3654 -0.914491 -0.0212329 0.404049 -50.24 0 0 0 1 
0.177832 0.261415 0.948703 -25.5958 0.114529 -0.963016 0.243891 -32.5174 -0.977374 -0.0652823 0.201195 -45.5591 0 0 0 1 
-0.10948 0.511958 0.852005 -13.859 0.129135 -0.842568 0.522881 -43.9681 -0.985565 -0.167269 -0.0261323 -37.9771 0 0 0 1 
-0.444192 0.74273 0.501044 17.2512 0.0578996 -0.534277 0.843324 -56.8561 -0.894059 -0.403607 -0.194318 -34.6714 0 0 0 1 
-0.718037 0.695594 -0.0239152 57.5058 -0.138221 -0.108836 0.984403 -53.7125 -0.682142 -0.710143 -0.174294 -45.6891 0 0 0 1 
-0.813726 0.298526 -0.498731 88.5336 -0.442663 0.237795 0.864583 -31.3612 -0.376696 -0.924303 0.0613539 -70.1967 0 0 0 1 
-0.646259 -0.2775 -0.710874 97.3269 -0.760991 0.303842 0.573212 0.135334 -0.0569275 -0.911413 0.407536 -97.9185 0 0 0 1 
-0.244734 -0.73256 -0.635186 86.7052 -0.953076 0.0613611 0.296447 27.3235 0.17819 -0.677931 0.713203 -118.67 0 0 0 1 
0.185859 0.982294 0.0235813 37.3944 0.38974 -0.0957305 0.915936 -44.0064 -0.901976 0.161044 0.400631 -30.5715 0 0 0 1 
-0.0812303 0.992472 -0.0916516 48.5959 0.391615 0.116341 0.912744 -35.4828 -0.916537 -0.0382504 0.398118 -40.1679 0 0 0 1 
-0.339388 0.91825 -0.204042 55.2158 0.342921 0.322769 0.882171 -24.4679 -0.875912 -0.229428 0.424432 -52.2956 0 0 0 1 
-0.637942 0.725305 -0.258774 49.7157 0.226993 0.49821 0.836817 -14.3963 -0.735871 -0.4751 0.482467 -62.0595 0 0 0 1 
-0.891847 0.368613 -0.262172 38.3405 -0.00191954 0.576503 0.817093 -12.1657 -0.452334 -0.729225 0.513445 -60.3476 0 0 0 1 
-0.947214 -0.0746108 -0.311799 38.5062 -0.307826 0.483464 0.819455 -15.9266 -0.0896035 -0.872179 0.480912 -47.1996 0 0 0 1 
-0.760352 -0.447179 -0.471058 58.6133 -0.597365 0.196738 0.777464 -15.0913 0.25499 -0.87254 0.416719 -30.383 0 0 0 1 
-0.392468 -0.594643 -0.70169 91.7292 -0.77386 -0.198836 0.601336 3.03237 0.497102 -0.779015 0.382133 -19.9666 0 0 0 1 
0.0376042 -0.487333 -0.872406 119.317 -0.79515 -0.543361 0.269251 41.7052 0.605246 -0.683569 0.407936 -20.5055 0 0 0 1 
-0.494216 0.860684 -0.122367 -7.47963 0.480332 0.387669 0.786762 -13.3613 -0.724591 -0.330054 0.605006 -36.8582 0 0 0 1 
-0.735772 0.658189 -0.159459 -3.77726 0.341668 0.564062 0.751729 -14.5839 -0.584725 -0.498619 0.639903 -36.4622 0 0 0 1 
-0.903693 0.38957 -0.17769 -0.264919 0.158365 0.689658 0.706607 -14.8312 -0.397818 -0.610416 0.684933 -37.114 0 0 0 1 
-0.983573 0.0964651 -0.152575 2.62857 -0.037426 0.71789 0.69515 -15.7226 -0.17659 -0.689441 0.702486 -34.2502 0 0 0 1 
-0.972602 -0.190124 -0.133787 8.98975 -0.226084 0.639485 0.73481 -17.2612 0.0541499 -0.744924 0.664948 -26.7202 0 0 0 1 
-0.877687 -0.444318 -0.179577 21.1913 -0.400696 0.474826 0.783571 -16.648 0.262887 -0.759685 0.594785 -18.2762 0 0 0 1 
-0.716432 -0.62822 -0.303421 38.2872 -0.549965 0.240958 0.799674 -11.3529 0.42926 -0.739783 0.518129 -11.1838 0 0 0 1 
-0.509217 -0.713861 -0.480728 56.8499 -0.666235 -0.0266324 0.745266 0.123672 0.54482 -0.699781 0.462037 -7.12322 0 0 0 1 
-0.271807 -0.700955 -0.659381 72.5112 -0.744394 -0.28111 0.605686 17.3582 0.609917 -0.655468 0.445379 -6.97188 0 0 0 1 
-0.658254 0.745615 0.103731 -25.4671 0.538868 0.370479 0.756549 -1.29558 -0.525664 -0.553899 0.645657 -20.324 0 0 0 1 
-0.986935 0.137162 0.0845369 -9.11917 0.134933 0.416887 0.898887 -10.263 -0.0880511 -0.89855 0.429948 2.23883 0 0 0 1 
-0.857427 -0.487507 -0.164791 20.4022 -0.2648 0.143392 0.953583 -5.17112 0.441248 -0.861264 0.25204 11.5786 0 0 0 1 
-0.572604 -0.730789 -0.37158 37.2997 -0.42692 -0.121144 0.896138 5.6048 0.699903 -0.671768 0.242621 6.95563 0 0 0 1 
-0.470444 -0.783803 -0.405384 40.4692 -0.475815 -0.161573 0.864578 8.42436 0.743158 -0.599623 0.296934 1.87423 0 0 0 1 
-0.480263 -0.796509 -0.367316 39.1544 -0.506132 -0.0903624 0.857709 6.67499 0.716365 -0.597836 0.359741 -1.81651 0 0 0 1 
-0.557346 -0.774624 -0.298869 35.5234 -0.521499 0.0465057 0.851984 2.93546 0.646068 -0.63071 0.429886 -4.99165 0 0 0 1 
-0.64781 -0.724473 -0.235542 31.4217 -0.521731 0.196625 0.830142 -0.350395 0.555102 -0.660664 0.505356 -8.54534 0 0 0 1 
-0.704298 -0.681419 -0.199079 28.8151 -0.524018 0.309832 0.793353 -1.75435 0.478925 -0.663078 0.575289 -12.5437 0 0 0 1 
-0.0986257 0.935614 0.338968 -63.7675 0.644729 -0.199392 0.737948 13.3387 -0.758022 -0.291323 0.583552 -16.7538 0 0 0 1 
-0.926 0.364295 0.099059 -18.7655 0.1272 0.054019 0.990405 -4.75898 -0.355449 -0.929716 0.0963601 32.1989 0 0 0 1 
-0.738947 -0.410343 -0.534393 36.6689 -0.451205 -0.287648 0.844792 20.39 0.500372 -0.865377 -0.0274073 26.7367 0 0 0 1 
-0.176289 -0.579733 -0.795507 45.5543 -0.531796 -0.623977 0.572578 43.6767 0.828321 -0.523987 0.198299 1.03448 0 0 0 1 
0.0124956 -0.624016 -0.781312 42.7075 -0.555091 -0.654245 0.513652 47.0163 0.831696 -0.427281 0.35456 -9.66343 0 0 0 1 
-0.000979155 -0.706133 -0.708078 41.4442 -0.637261 -0.545239 0.544623 43.543 0.770648 -0.451764 0.449457 -13.3976 0 0 0 1 
-0.142725 -0.779877 -0.609443 40.9486 -0.732989 -0.330484 0.594565 36.7372 0.665099 -0.531575 0.524473 -14.3144 0 0 0 1 
-0.319319 -0.799138 -0.509326 39.5043 -0.789292 -0.0731682 0.609643 29.8541 0.524456 -0.596678 0.607389 -15.6442 0 0 0 1 
-0.433848 -0.790634 -0.432057 37.3515 -0.81069 0.133314 0.570095 26.4659 0.393137 -0.5976 0.698797 -19.1833 0 0 0 1 
0.175032 0.734764 0.655352 -105.866 0.513622 -0.63602 0.57591 37.8997 -0.839975 -0.235801 0.488714 -4.10829 0 0 0 1 
-0.951318 0.304758 -0.0460185 -5.186 -0.125117 -0.245401 0.961314 16.5209 -0.281675 -0.920272 -0.271585 56.2827 0 0 0 1 
-0.16319 -0.447886 -0.879072 25.4536 -0.589414 -0.670271 0.45092 63.4093 0.791177 -0.591723 0.154608 -9.05896 0 0 0 1 
0.654297 -0.302189 -0.693237 -20.274 -0.245673 -0.951909 0.183074 57.4362 0.715221 -0.0505249 0.69707 -33.9839 0 0 0 1 
0.799825 -0.27865 -0.531634 -32.3265 -0.199619 -0.958782 0.202216 49.7772 0.566068 0.0556132 0.822481 -32.0422 0 0 0 1 
0.754197 -0.452215 -0.476118 -29.4131 -0.37487 -0.891821 0.253235 51.2613 0.539129 0.0125066 0.84213 -31.9934 0 0 0 1 
0.546511 -0.704599 -0.452621 -18.3329 -0.638995 -0.700195 0.318454 54.7311 0.541305 -0.115184 0.8329 -33.1722 0 0 0 1 
0.242037 -0.886095 -0.395289 -6.70352 -0.839047 -0.395738 0.373351 54.0536 0.487256 -0.241302 0.839259 -33.8631 0 0 0 1 
0.00313994 -0.956762 -0.290855 -2.10862 -0.920086 -0.116695 0.37393 51.0179 0.391704 -0.266438 0.88067 -35.6909 0 0 0 1 
-0.317634 0.561914 0.763782 -76.4604 0.854619 -0.179296 0.487319 29.4632 -0.410774 -0.807531 0.423272 -55.2621 0 0 0 1 
-0.756406 -0.651986 0.0525789 -63.4366 0.410773 -0.410925 0.813884 -23.4445 0.509035 -0.637224 -0.578644 23.0232 0 0 0 1 
-0.115204 -0.0867141 -0.98955 43.6667 0.604503 -0.796603 -0.000570744 -5.34098 0.788229 0.598251 -0.144191 59.2468 0 0 0 1 
-0.0674735 0.749312 -0.658771 76.3768 0.828173 -0.326152 -0.455802 42.7456 0.556397 0.576331 0.598553 10.5963 0 0 0 1 
0.0402637 0.884781 -0.464264 67.9424 0.86392 -0.264274 -0.428722 37.3731 0.502018 0.383825 0.775021 -10.9117 0 0 0 1 
0.291203 0.821314 -0.490555 55.0533 0.809921 -0.484563 -0.330496 13.6883 0.509145 0.301069 0.806305 -16.4851 0 0 0 1 
0.591217 0.55648 -0.583775 30.3998 0.573556 -0.798976 -0.180752 -9.96469 0.567007 0.227964 0.791541 -20.5895 0 0 0 1 
0.778668 0.157257 -0.60741 -2.33324 0.173046 -0.984361 -0.0330133 -16.8046 0.603102 0.0794035 0.793702 -29.9656 0 0 0 1 
0.827336 -0.173565 -0.53422 -29.4808 -0.195588 -0.980561 0.0156745 -6.54242 0.526555 -0.0915191 0.8452 -39.16 0 0 0 1 
-0.231194 0.778098 0.58405 -78.2062 0.950086 0.0513008 0.307743 25.8771 -0.209492 -0.626046 0.75112 -124.71 0 0 0 1 
-0.638869 -0.717761 0.276887 -100.623 0.363975 0.0350809 0.930748 -46.8655 0.677768 -0.695406 -0.238834 -33.6608 0 0 0 1 
0.352451 -0.490851 -0.796771 -25.388 0.667035 -0.465405 0.581776 -88.1164 0.656386 0.736522 -0.163382 74.0694 0 0 0 1 
0.176457 0.388193 -0.904527 82.574 0.984281 -0.0764517 0.159205 -53.2032 0.00735039 0.918402 0.395581 94.472 0 0 0 1 
0.0503152 0.660388 -0.749237 105.278 0.997999 -0.00448202 0.0630705 -43.0188 -0.0382929 0.750911 0.659292 61.6261 0 0 0 1 
0.18521 0.744979 -0.640861 88.5232 0.973061 -0.23014 0.0136864 -55.0688 0.137292 0.626132 0.767535 26.2864 0 0 0 1 
0.435805 0.622022 -0.650509 56.3533 0.788602 -0.612247 -0.0571157 -60.15 0.4338 0.488101 0.757348 -8.83765 0 0 0 1 
0.567273 0.327503 -0.755608 35.767 0.406807 -0.909202 -0.0886644 -46.3934 0.716038 0.25709 0.648996 -37.5291 0 0 0 1 
0.532663 0.0654077 -0.843796 34.3466 0.0199343 -0.997702 -0.0647541 -27.3477 0.846092 -0.0176716 0.532743 -53.7119 0 0 0 1 
0.0801605 0.533534 0.841972 -117.578 0.78575 -0.553568 0.275973 41.7524 -0.613329 -0.639457 0.463598 -29.2932 0 0 0 1 
-0.893362 0.109091 0.435895 -57.3682 0.375517 -0.351481 0.857583 -21.3175 -0.246763 -0.929818 -0.273034 53.0842 0 0 0 1 
-0.725427 -0.490744 -0.482624 39.8618 -0.0723507 -0.642933 0.762498 -11.1962 0.684486 -0.588055 -0.430895 53.6292 0 0 0 1 
-0.194576 -0.473244 -0.859174 68.798 0.0326407 -0.878555 0.476527 6.91018 0.980345 -0.0646767 -0.186393 21.6229 0 0 0 1 
0.00998363 -0.487842 -0.872876 66.5929 0.119766 -0.866052 0.485398 -3.21376 0.992752 0.109387 -0.0497802 9.05974 0 0 0 1 
0.107095 -0.630711 -0.768592 52.6748 0.0915505 -0.763498 0.639288 -23.7598 0.990025 0.138829 0.024025 3.25542 0 0 0 1 
0.1385 -0.820235 -0.555007 25.9547 -0.0422458 -0.564791 0.824152 -42.8093 0.989461 0.090698 0.112875 -5.18475 0 0 0 1 
0.12167 -0.950854 -0.284735 -6.89151 -0.230305 -0.306082 0.923728 -49.3969 0.965482 0.046814 0.256228 -19.5859 0 0 0 1 
0.1227 -0.991083 -0.05196 -35.1431 -0.403694 -0.0976703 0.909666 -43.9402 0.906629 0.0906399 0.412078 -33.9125 0 0 0 1 
-0.2282 0.744817 0.627035 -71.8436 0.734761 -0.290801 0.612831 17.642 -0.638789 -0.600569 0.480901 -12.154 0 0 0 1 
-0.839487 0.380043 0.388368 -44.6446 0.402281 -0.0457909 0.914371 -15.815 -0.365284 -0.923835 0.114443 31.4952 0 0 0 1 
-0.976736 -0.210297 -0.0419721 14.8537 -0.0254622 -0.0806095 0.996421 -21.5198 0.212928 -0.974309 -0.0733795 50.6128 0 0 0 1 
-0.77618 -0.555891 -0.29754 50.115 -0.204652 -0.224236 0.952805 -10.855 0.596374 -0.80044 -0.0602836 38.8194 0 0 0 1 
-0.635262 -0.706458 -0.312027 54.2139 -0.233094 -0.209795 0.949555 -11.787 0.736282 -0.675947 0.0313962 23.1502 0 0 0 1 
-0.560223 -0.796832 -0.226291 46.4336 -0.256943 -0.0925456 0.961985 -17.9447 0.787483 -0.597071 0.152895 8.44691 0 0 0 1 
-0.540664 -0.835209 -0.100533 32.8926 -0.311277 0.0876002 0.946273 -22.3398 0.781529 -0.54291 0.307344 -6.7797 0 0 0 1 
-0.550824 -0.834574 0.00884677 19.5647 -0.394061 0.269397 0.878716 -20.4899 0.735737 -0.480532 0.477264 -22.5184 0 0 0 1 
-0.543296 -0.835774 0.0794456 10.044 -0.491175 0.393174 0.777278 -13.2261 0.680865 -0.38327 0.624121 -36.5805 0 0 0 1 
-0.999391 0.0327148 -0.0121564 0.140741 2.63715e-06 0.348387 0.937351 -7.52785 -0.0349003 -0.93678 0.348175 -4.03041 0 0 0 1 
-0.999391 0.0326429 -0.0123478 0.144009 2.46678e-06 0.353869 0.935295 -7.66776 -0.0349002 -0.934725 0.353653 -4.12374 0 0 0 1 
-0.999391 0.0325702 -0.0125386 0.147287 2.67734e-06 0.359338 0.933207 -7.80712 -0.0349004 -0.932639 0.35912 -4.21789 0 0 0 1 
-0.999391 0.0325232 -0.0126596 0.149395 2.5128e-06 0.3628 0.931867 -7.89521 -0.0349004 -0.931299 0.362579 -4.278 0 0 0 1 
-0.999391 0.0325077 -0.0126996 0.150091 2.56796e-06 0.36395 0.931419 -7.92444 -0.0349003 -0.930851 0.363728 -4.29806 0 0 0 1 
-0.999391 0.0325056 -0.0127047 0.150185 2.42292e-06 0.364093 0.931363 -7.92808 -0.0349002 -0.930795 0.363872 -4.30058 0 0 0 1 
-0.999391 0.0325117 -0.0126896 0.149916 2.55183e-06 0.363663 0.931531 -7.91713 -0.0349004 -0.930963 0.363441 -4.29305 0 0 0 1 
-0.999391 0.0325193 -0.0126695 0.149569 2.48139e-06 0.363088 0.931755 -7.90252 -0.0349001 -0.931187 0.362867 -4.28303 0 0 0 1 
-0.999391 0.0325233 -0.0126596 0.149393 2.43597e-06 0.3628 0.931867 -7.89521 -0.0349003 -0.931299 0.36258 -4.27802 0 0 0 1 
-0.999391 0.0323786 -0.0130225 0.138416 2.11594e-06 0.373202 0.92775 -8.16295 -0.0348993 -0.927185 0.372975 -3.96385 0 0 0 1 
-0.999391 0.0323016 -0.013212 0.141815 1.93923e-06 0.378627 0.925549 -8.30325 -0.0348992 -0.924985 0.378397 -4.06091 0 0 0 1 
-0.999391 0.0322239 -0.0134007 0.145224 2.14346e-06 0.384039 0.923317 -8.44296 -0.0348993 -0.922754 0.383805 -4.15877 0 0 0 1 
-0.999391 0.0321737 -0.0135205 0.147412 1.97492e-06 0.387464 0.921885 -8.53127 -0.0348993 -0.921323 0.387228 -4.22125 0 0 0 1 
-0.999391 0.0321571 -0.0135601 0.148135 2.02875e-06 0.388601 0.921406 -8.56057 -0.0348993 -0.920845 0.388365 -4.24209 0 0 0 1 
-0.999391 0.0321549 -0.0135651 0.148233 1.88354e-06 0.388743 0.921346 -8.56422 -0.0348991 -0.920785 0.388507 -4.24471 0 0 0 1 
-0.999391 0.0321613 -0.0135502 0.147954 2.01295e-06 0.388317 0.921526 -8.55324 -0.0348993 -0.920964 0.388081 -4.23689 0 0 0 1 
-0.999391 0.0321695 -0.0135303 0.147593 1.94318e-06 0.387749 0.921765 -8.5386 -0.0348991 -0.921204 0.387512 -4.22647 0 0 0 1 
-0.999391 0.0321737 -0.0135204 0.147413 1.89809e-06 0.387464 0.921885 -8.53127 -0.0348992 -0.921323 0.387228 -4.22126 0 0 0 1 
-0.999391 0.0319456 -0.0140523 0.12426 2.6216e-06 0.402716 0.915325 -9.38375 -0.0348997 -0.914768 0.402471 -3.55848 0 0 0 1 
-0.999391 0.0318626 -0.0142392 0.127909 2.44853e-06 0.408068 0.912952 -9.52639 -0.0348996 -0.912395 0.407819 -3.66269 0 0 0 1 
-0.99939 0.0317788 -0.0144253 0.131568 2.65634e-06 0.413405 0.910547 -9.66842 -0.0348997 -0.909992 0.413154 -3.76772 0 0 0 1 
-0.999391 0.0317249 -0.0145434 0.133915 2.4869e-06 0.416783 0.909006 -9.75818 -0.0348997 -0.908453 0.416529 -3.83474 0 0 0 1 
-0.999391 0.031707 -0.0145825 0.13469 2.53473e-06 0.417904 0.908492 -9.78795 -0.0348997 -0.907938 0.41765 -3.85709 0 0 0 1 
-0.999391 0.0317047 -0.0145874 0.134792 2.38131e-06 0.418044 0.908427 -9.79165 -0.0348996 -0.907873 0.41779 -3.85991 0 0 0 1 
-0.999391 0.0317116 -0.0145727 0.134492 2.50117e-06 0.417624 0.90862 -9.78049 -0.0348998 -0.908066 0.41737 -3.85152 0 0 0 1 
-0.999391 0.0317205 -0.0145531 0.134105 2.42149e-06 0.417063 0.908877 -9.76562 -0.0348996 -0.908324 0.416809 -3.84034 0 0 0 1 
-0.999391 0.031725 -0.0145435 0.133907 2.36714e-06 0.416783 0.909006 -9.75817 -0.0348997 -0.908452 0.416529 -3.83475 0 0 0 1 
-0.999391 0.031947 -0.0140538 0.124254 1.7151e-06 0.402716 0.915325 -9.38374 -0.0349016 -0.914768 0.402471 -3.55849 0 0 0 1 
-0.999391 0.031864 -0.0142408 0.127901 1.55316e-06 0.408068 0.912952 -9.52637 -0.0349015 -0.912395 0.407819 -3.66269 0 0 0 1 
-0.99939 0.0317802 -0.0144269 0.131558 1.77212e-06 0.413405 0.910547 -9.66841 -0.0349016 -0.909992 0.413154 -3.76772 0 0 0 1 
-0.999391 0.0317263 -0.014545 0.13391 1.60978e-06 0.416783 0.909006 -9.75817 -0.0349016 -0.908453 0.416529 -3.83474 0 0 0 1 
-0.999391 0.0317084 -0.014584 0.134686 1.69099e-06 0.417904 0.908492 -9.78794 -0.0349016 -0.907938 0.41765 -3.85709 0 0 0 1 
-0.999391 0.0317061 -0.0145889 0.134789 1.61908e-06 0.418044 0.908427 -9.79165 -0.0349014 -0.907873 0.417789 -3.85991 0 0 0 1 
-0.999391 0.031713 -0.0145741 0.134495 1.8385e-06 0.417624 0.90862 -9.78049 -0.0349016 -0.908066 0.417369 -3.85151 0 0 0 1 
-0.999391 0.0317219 -0.0145544 0.134112 1.83896e-06 0.417063 0.908878 -9.76562 -0.0349014 -0.908324 0.416809 -3.84034 0 0 0 1 
-0.999391 0.0317264 -0.0145447 0.133914 1.81511e-06 0.416783 0.909006 -9.75816 -0.0349015 -0.908452 0.416529 -3.83475 0 0 0 1 
-0.999391 0.0327148 -0.0121564 0.140745 2.63715e-06 0.348387 0.937351 -7.52784 -0.0349003 -0.93678 0.348175 -4.03041 0 0 0 1 
-0.999391 0.0326429 -0.0123478 0.144007 2.46678e-06 0.353869 0.935295 -7.66776 -0.0349002 -0.934725 0.353653 -4.12374 0 0 0 1 
-0.999391 0.0325702 -0.0125386 0.147291 2.67734e-06 0.359338 0.933207 -7.80711 -0.0349004 -0.932639 0.35912 -4.21789 0 0 0 1 
-0.999391 0.0325232 -0.0126596 0.149399 2.5128e-06 0.3628 0.931867 -7.89521 -0.0349004 -0.931299 0.362579 -4.27801 0 0 0 1 
-0.999391 0.0325077 -0.0126996 0.150095 2.56796e-06 0.36395 0.931419 -7.92444 -0.0349003 -0.930851 0.363728 -4.29807 0 0 0 1 
-0.999391 0.0325056 -0.0127047 0.150181 2.42292e-06 0.364093 0.931363 -7.92808 -0.0349002 -0.930795 0.363872 -4.30058 0 0 0 1 
-0.999391 0.0325117 -0.0126896 0.149916 2.55183e-06 0.363663 0.931531 -7.91713 -0.0349004 -0.930963 0.363441 -4.29306 0 0 0 1 
-0.999391 0.0325193 -0.0126695 0.149569 2.48139e-06 0.363088 0.931755 -7.90252 -0.0349001 -0.931187 0.362867 -4.28302 0 0 0 1 
-0.999391 0.0325233 -0.0126596 0.149395 2.43597e-06 0.3628 0.931867 -7.89521 -0.0349003 -0.931299 0.36258 -4.27802 0 0 0 1 
-0.999391 0.0323786 -0.0130225 0.138422 2.11594e-06 0.373202 0.92775 -8.16295 -0.0348993 -0.927185 0.372975 -3.96385 0 0 0 1 
-0.999391 0.0323016 -0.013212 0.141811 1.93923e-06 0.378627 0.925549 -8.30325 -0.0348992 -0.924985 0.378397 -4.0609 0 0 0 1 
-0.999391 0.0322239 -0.0134007 0.145227 2.14346e-06 0.384039 0.923317 -8.44296 -0.0348993 -0.922754 0.383805 -4.15877 0 0 0 1 
-0.999391 0.0321737 -0.0135205 0.147413 1.97492e-06 0.387464 0.921885 -8.53127 -0.0348993 -0.921323 0.387228 -4.22125 0 0 0 1 
-0.999391 0.0321571 -0.0135601 0.14814 2.02875e-06 0.388601 0.921406 -8.56057 -0.0348993 -0.920845 0.388365 -4.24209 0 0 0 1 
-0.999391 0.0321549 -0.0135651 0.14823 1.88354e-06 0.388743 0.921346 -8.56422 -0.0348991 -0.920785 0.388507 -4.24471 0 0 0 1 
-0.999391 0.0321613 -0.0135502 0.147953 2.01295e-06 0.388317 0.921526 -8.55324 -0.0348993 -0.920964 0.388081 -4.23689 0 0 0 1 
-0.999391 0.0321695 -0.0135303 0.147594 1.94318e-06 0.387749 0.921765 -8.5386 -0.0348991 -0.921204 0.387512 -4.22646 0 0 0 1 
-0.999391 0.0321737 -0.0135204 0.147413 1.89809e-06 0.387464 0.921885 -8.53127 -0.0348992 -0.921323 0.387228 -4.22126 0 0 0 1 
-0.999391 0.0319456 -0.0140523 0.124264 2.6216e-06 0.402716 0.915325 -9.38374 -0.0348997 -0.914768 0.402471 -3.55848 0 0 0 1 
-0.999391 0.0318626 -0.0142392 0.127907 2.44853e-06 0.408068 0.912952 -9.52639 -0.0348996 -0.912395 0.407819 -3.66268 0 0 0 1 
-0.99939 0.0317788 -0.0144253 0.131571 2.65634e-06 0.413405 0.910547 -9.66842 -0.0348997 -0.909992 0.413154 -3.76772 0 0 0 1 
-0.999391 0.0317249 -0.0145434 0.133919 2.4869e-06 0.416783 0.909006 -9.75817 -0.0348997 -0.908453 0.416529 -3.83474 0 0 0 1 
-0.999391 0.031707 -0.0145825 0.134693 2.53473e-06 0.417904 0.908492 -9.78794 -0.0348997 -0.907938 0.41765 -3.85709 0 0 0 1 
-0.999391 0.0317047 -0.0145874 0.134789 2.38131e-06 0.418044 0.908427 -9.79165 -0.0348996 -0.907873 0.41779 -3.8599 0 0 0 1 
-0.999391 0.0317116 -0.0145727 0.134493 2.50117e-06 0.417624 0.90862 -9.7805 -0.0348998 -0.908066 0.41737 -3.85152 0 0 0 1 
-0.999391 0.0317205 -0.0145531 0.134104 2.42149e-06 0.417063 0.908877 -9.76562 -0.0348996 -0.908324 0.416809 -3.84033 0 0 0 1 
-0.999391 0.031725 -0.0145435 0.133907 2.36714e-06 0.416783 0.909006 -9.75817 -0.0348997 -0.908452 0.416529 -3.83475 0 0 0 1 
-0.999391 0.0322547 -0.0133257 0.159538 6.29993e-07 0.381853 0.924223 -7.91749 -0.034899 -0.923661 0.38162 -4.56853 0 0 0 1 
-0.999391 0.0321762 -0.0135143 0.162874 6.58354e-07 0.387257 0.921972 -8.05424 -0.0348991 -0.92141 0.387021 -4.66413 0 0 0 1 
-0.999391 0.0320965 -0.0137025 0.166243 6.69962e-07 0.392647 0.919689 -8.19044 -0.0348991 -0.919129 0.392408 -4.76054 0 0 0 1 
-0.999391 0.0320452 -0.0138215 0.168399 6.93773e-07 0.396059 0.918225 -8.27652 -0.0348989 -0.917666 0.395818 -4.82207 0 0 0 1 
-0.999391 0.0320282 -0.013861 0.169112 6.54197e-07 0.397192 0.917736 -8.30506 -0.0348989 -0.917177 0.39695 -4.84259 0 0 0 1 
-0.999391 0.0320262 -0.013866 0.169197 6.3068e-07 0.397333 0.917675 -8.30862 -0.034899 -0.917115 0.397091 -4.84517 0 0 0 1 
-0.999391 0.0320326 -0.0138511 0.168929 7.01044e-07 0.396909 0.917858 -8.29793 -0.034899 -0.917299 0.396667 -4.83747 0 0 0 1 
-0.999391 0.0320411 -0.0138314 0.16857 5.86485e-07 0.396342 0.918103 -8.28365 -0.034899 -0.917544 0.396101 -4.82721 0 0 0 1 
-0.999391 0.0320453 -0.0138215 0.168393 6.19038e-07 0.396059 0.918225 -8.27651 -0.034899 -0.917666 0.395818 -4.82209 0 0 0 1 
-0.999391 0.0333274 -0.0103548 0.143993 7.4669e-07 0.296729 0.954962 -1.59133 -0.0348989 -0.95438 0.296548 -4.12317 0 0 0 1 
-0.999391 0.0332663 -0.0105498 0.146037 7.74801e-07 0.302314 0.953209 -1.7308 -0.0348991 -0.952628 0.30213 -4.18177 0 0 0 1 
-0.999391 0.0332039 -0.0107443 0.148113 7.86157e-07 0.307889 0.951422 -1.86993 -0.0348991 -0.950843 0.307702 -4.24117 0 0 0 1 
-0.999391 0.0331636 -0.0108675 0.149451 8.09805e-07 0.31142 0.950273 -1.95798 -0.0348989 -0.949694 0.31123 -4.27928 0 0 0 1 
-0.999391 0.0331502 -0.0109084 0.149892 7.70176e-07 0.312592 0.949888 -1.9872 -0.0348989 -0.949309 0.312401 -4.29202 0 0 0 1 
-0.999391 0.0331486 -0.0109135 0.149944 7.46652e-07 0.312738 0.949839 -1.99085 -0.034899 -0.949261 0.312548 -4.29363 0 0 0 1 
-0.999391 0.0331537 -0.0108982 0.149777 8.17036e-07 0.312299 0.949984 -1.97991 -0.034899 -0.949406 0.312109 -4.28881 0 0 0 1 
-0.999391 0.0331604 -0.0108778 0.149554 7.02504e-07 0.311713 0.950177 -1.96528 -0.0348989 -0.949598 0.311523 -4.28245 0 0 0 1 
-0.999391 0.0331637 -0.0108675 0.149445 7.35071e-07 0.31142 0.950273 -1.95797 -0.0348989 -0.949694 0.31123 -4.27928 0 0 0 1 
