a
24
11
20
0
-0.829015 -0.543285 -0.132576 -0.25659 0.00362743 -0.242289 0.970197 -0.332473 0.559215 -0.803827 -0.202832 -0.485827 0 0 0 1 
-0.932694 -0.351518 -0.0807217 -0.141929 0.00760378 -0.242927 0.970015 -0.475583 0.360587 -0.904114 -0.229249 -0.536956 0 0 0 1 
-0.989533 -0.14227 -0.0241831 -0.0182011 0.0114536 -0.244475 0.969588 -0.619165 0.143855 -0.959162 -0.243545 -0.564624 0 0 0 1 
-0.999756 -0.020307 0.00871055 0.0519627 0.0134371 -0.245792 0.969229 -0.684748 0.017541 -0.96911 -0.246005 -0.569384 0 0 0 1 
-0.988465 -0.149153 -0.026295 -0.0304145 0.0111279 -0.244672 0.969542 -0.538143 0.151044 -0.958065 -0.24351 -0.564556 0 0 0 1 
-0.933534 -0.34931 -0.0806007 -0.155996 0.00737487 -0.2435 0.969873 -0.333101 0.358413 -0.904815 -0.229892 -0.538199 0 0 0 1 
-0.933534 -0.34931 -0.0806007 -0.155996 0.00737487 -0.2435 0.969873 -0.333101 0.358413 -0.904815 -0.229892 -0.538199 0 0 0 1 
-0.914323 -0.394247 -0.0926414 -0.1793 0.00656953 -0.243161 0.969964 -0.332925 0.404932 -0.886252 -0.224918 -0.528572 0 0 0 1 
-0.88958 -0.444297 -0.106052 -0.205255 0.00563055 -0.242822 0.970055 -0.33275 0.456744 -0.862344 -0.218512 -0.516174 0 0 0 1 
-0.860463 -0.495251 -0.119705 -0.23168 0.00462528 -0.242524 0.970134 -0.332595 0.509492 -0.834211 -0.210973 -0.501584 0 0 0 1 
-0.829015 -0.543285 -0.132576 -0.25659 0.00362743 -0.242289 0.970197 -0.332473 0.559215 -0.803827 -0.202832 -0.485827 0 0 0 1 
-0.694658 -0.719231 0.012553 -0.0940735 -2.93556e-06 0.0174535 0.999848 -0.28134 0.719341 -0.694552 0.0121263 -0.184103 0 0 0 1 
-0.846741 -0.528695 0.0592564 -0.00941358 -0.0176525 0.139243 0.990101 -0.430971 0.531712 -0.837313 0.127235 -0.0402393 0 0 0 1 
-0.949791 -0.303427 0.0763531 0.0382196 -0.00528104 0.25954 0.965718 -0.599794 0.312841 -0.916827 0.248111 0.114166 0 0 0 1 
-0.990188 -0.128999 0.0537307 0.0235901 0.011697 0.306641 0.951753 -0.680656 0.139251 -0.943043 0.302123 0.183605 0 0 0 1 
-0.993314 -0.11519 -0.00769675 -0.0709186 -0.0279364 0.175145 0.984146 -0.498658 0.112016 -0.977781 0.177192 0.0184627 0 0 0 1 
-0.980903 -0.177842 -0.0787508 -0.187606 -0.0778344 -0.0121353 0.996893 -0.286608 0.178245 -0.983984 0.00193863 -0.211176 0 0 0 1 
-0.95694 -0.2794 -0.0787508 -0.192436 -0.0761395 -0.0202046 0.996893 -0.286992 0.280123 -0.959962 0.00193878 -0.210034 0 0 0 1 
-0.915027 -0.399031 -0.0591539 -0.172524 -0.0574908 -0.0161459 0.998216 -0.28507 0.399274 -0.916795 0.00816672 -0.199845 0 0 0 1 
-0.856509 -0.51487 -0.0360777 -0.147886 -0.0373584 -0.00787312 0.999271 -0.283298 0.514779 -0.857232 0.0124913 -0.191363 0 0 0 1 
-0.782316 -0.622777 -0.0114643 -0.120863 -0.0176545 0.00377177 0.999837 -0.282004 0.622632 -0.782391 0.0139455 -0.185904 0 0 0 1 
-0.694658 -0.719231 0.012553 -0.0940735 -2.93556e-06 0.0174535 0.999848 -0.28134 0.719341 -0.694552 0.0121263 -0.184103 0 0 0 1 
-0.694658 -0.691475 0.198276 -0.13433 -3.17155e-06 0.275638 0.961262 -0.260422 0.719341 -0.667747 0.191476 -0.222978 0 0 0 1 
-0.887927 -0.414008 0.200456 -0.0355685 -0.00431248 0.443262 0.896382 -0.395532 0.459964 -0.795057 0.395369 -0.0982554 0 0 0 1 
-0.986426 -0.100295 0.130022 0.0358658 0.0457685 0.592502 0.804268 -0.547815 0.157702 -0.799301 0.579868 0.045487 0 0 0 1 
-0.997545 0.0617636 0.0329957 0.0373045 0.0647664 0.634643 0.770087 -0.624387 -0.026623 -0.770334 0.637085 0.116833 0 0 0 1 
-0.987703 -0.155911 -0.0115961 -0.0719821 -0.0766279 0.41812 0.905154 -0.469419 0.136275 -0.894912 0.424925 -0.0330546 0 0 0 1 
-0.881705 -0.463954 -0.0856877 -0.19966 -0.126035 0.0566008 0.99041 -0.281888 0.454655 -0.884049 0.10838 -0.230252 0 0 0 1 
-0.829449 -0.553585 -0.0745543 -0.206415 -0.122083 0.0494179 0.991289 -0.282425 0.545078 -0.831325 0.108573 -0.227788 0 0 0 1 
-0.797609 -0.602885 -0.0187306 -0.191268 -0.0996472 0.101078 0.989876 -0.277628 0.594887 -0.7914 0.140697 -0.22355 0 0 0 1 
-0.766312 -0.640616 0.0487583 -0.172858 -0.0709823 0.159848 0.984586 -0.272034 0.638536 -0.751039 0.167966 -0.221117 0 0 0 1 
-0.732985 -0.669027 0.12303 -0.15317 -0.0369978 0.219803 0.974843 -0.266136 0.679238 -0.709993 0.185865 -0.220947 0 0 0 1 
-0.694658 -0.691475 0.198276 -0.13433 -3.17155e-06 0.275638 0.961262 -0.260422 0.719341 -0.667747 0.191476 -0.222978 0 0 0 1 
-0.694658 -0.710484 -0.112531 0.588737 -2.84429e-06 -0.156433 0.987689 -0.00873661 0.719341 -0.686105 -0.108666 0.475282 0 0 0 1 
-0.79291 -0.609116 -0.0164524 0.600359 -0.0395797 0.0245414 0.998915 -0.327181 0.608051 -0.792701 0.0435678 0.702947 0 0 0 1 
-0.877655 -0.478854 0.0205244 0.559124 -0.0866629 0.200663 0.975819 -0.656392 0.471393 -0.854654 0.217612 0.912223 0 0 0 1 
-0.944058 -0.329644 -0.00952935 0.416993 -0.0949259 0.243956 0.965129 -0.78741 0.315824 -0.912042 0.2616 1.07612 0 0 0 1 
-0.990349 -0.111686 -0.082068 0.056917 -0.0758741 -0.0586282 0.995392 -0.331105 0.115983 -0.992013 -0.0495884 1.12002 0 0 0 1 
-0.968969 0.135129 -0.206975 -0.355453 -0.243614 -0.380329 0.89219 0.257784 -0.0418424 -0.914926 -0.401447 0.955598 0 0 0 1 
-0.9679 0.0392965 -0.248244 -0.238133 -0.24373 -0.387888 0.888898 0.267039 0.0613605 -0.920869 -0.385014 0.963364 0 0 0 1 
-0.956964 -0.156174 -0.244601 0.00165275 -0.175955 -0.358016 0.916987 0.220236 0.230781 -0.920562 -0.315129 0.910029 0 0 0 1 
-0.907543 -0.358597 -0.218573 0.233612 -0.106411 -0.307119 0.945704 0.153906 0.406254 -0.881525 -0.240565 0.805479 0 0 0 1 
-0.81788 -0.548911 -0.172539 0.434656 -0.0453501 -0.237436 0.970344 0.0743048 0.573599 -0.80145 -0.169301 0.655673 0 0 0 1 
-0.694658 -0.710484 -0.112531 0.588737 -2.84429e-06 -0.156433 0.987689 -0.00873661 0.719341 -0.686105 -0.108666 0.475282 0 0 0 1 
-0.694659 -0.691474 0.198276 -0.13433 -2.11014e-06 0.275639 0.961262 -0.260423 0.71934 -0.667748 0.191476 -0.222979 0 0 0 1 
-0.772375 -0.591014 0.232677 -0.0902216 -0.0623839 0.43514 0.898199 -0.366684 0.632096 -0.679231 0.372961 -0.18507 0 0 0 1 
-0.844945 -0.494663 0.203413 -0.0302943 -0.141163 0.573077 0.807252 -0.452134 0.515889 -0.653369 0.554046 -0.139513 0 0 0 1 
-0.897257 -0.411566 0.159825 -0.0768477 -0.143921 0.61487 0.775385 -0.521781 0.417394 -0.672717 0.610929 -0.0940181 0 0 0 1 
-0.931679 -0.2985 0.207058 -0.444528 0.0628505 0.428926 0.901151 -0.536324 0.357806 -0.852597 0.38086 -0.080144 0 0 0 1 
-0.954059 -0.190695 0.231098 -0.829197 0.204858 0.147674 0.967588 -0.439406 0.218641 -0.970478 0.101824 -0.0692759 0 0 0 1 
-0.926212 -0.290877 0.239838 -0.815651 0.20687 0.139713 0.968342 -0.438468 0.315176 -0.946505 0.0692302 -0.000796974 0 0 0 1 
-0.886932 -0.405906 0.220438 -0.645807 0.165253 0.166805 0.972044 -0.402017 0.431328 -0.898564 0.0808677 0.00409724 0 0 0 1 
-0.833424 -0.513589 0.204038 -0.463066 0.11453 0.200675 0.972941 -0.358849 0.540637 -0.83424 0.108425 -0.0354602 0 0 0 1 
-0.768153 -0.609634 0.195675 -0.287025 0.0579899 0.238115 0.969505 -0.310809 0.637635 -0.756075 0.147556 -0.114878 0 0 0 1 
-0.694659 -0.691474 0.198276 -0.13433 -2.11014e-06 0.275639 0.961262 -0.260423 0.71934 -0.667748 0.191476 -0.222979 0 0 0 1 
-0.982893 -0.149942 -0.106949 0.575011 -0.00957779 -0.53829 0.842705 0.352738 0.183926 -0.829314 -0.527646 1.92209 0 0 0 1 
-0.850657 -0.508783 -0.132371 0.562996 0.0120103 -0.270531 0.962636 -0.238695 0.525583 -0.817284 -0.23624 1.00194 0 0 0 1 
-0.609399 -0.791984 -0.0373375 0.0583214 -0.0726825 0.00890869 0.997315 -0.576049 0.789525 -0.610477 0.0629925 0.0850893 0 0 0 1 
-0.468262 -0.881668 0.0582456 -0.462301 -0.0398381 0.0869185 0.995419 -0.774321 0.882691 -0.463796 0.0758244 -0.235921 0 0 0 1 
-0.702854 -0.70925 0.0544159 -0.419169 0.474396 -0.410365 0.778813 -0.66985 0.530043 -0.573207 -0.624891 0.987508 0 0 0 1 
-0.881114 -0.342035 0.326572 -1.02902 0.410743 -0.895754 0.170046 0.928049 -0.234366 -0.283967 -0.92975 1.96571 0 0 0 1 
-0.990462 -0.07616 0.114828 -0.619295 0.137778 -0.537148 0.832159 0.239481 0.00169763 -0.840043 -0.542518 1.44121 0 0 0 1 
-0.996667 -0.0760541 0.0294959 -0.325774 0.0617828 -0.467684 0.881734 0.247258 0.0532648 -0.880618 -0.470824 1.51777 0 0 0 1 
-0.994884 -0.0985816 -0.0221056 -0.039241 0.0275736 -0.475447 0.879313 0.286729 0.0971942 -0.874204 -0.475732 1.67583 0 0 0 1 
-0.990056 -0.126742 -0.0610476 0.258268 0.0130014 -0.51453 0.857374 0.325645 0.140076 -0.848054 -0.511061 1.83415 0 0 0 1 
-0.982893 -0.149942 -0.106949 0.575011 -0.00957779 -0.53829 0.842705 0.352738 0.183926 -0.829314 -0.527646 1.92209 0 0 0 1 
-0.728555 -0.353443 -0.586759 -0.282197 0.503662 -0.856976 -0.109164 -1.44389 0.464255 0.37506 -0.80237 -0.0608655 0 0 0 1 
-0.468352 -0.411482 -0.781875 -1.01849 0.347939 -0.899323 0.264872 -1.10929 0.812148 0.147992 -0.56437 -0.831918 0 0 0 1 
-0.146808 -0.574199 -0.805446 -1.92798 0.0894703 -0.818639 0.567296 -0.615497 0.98511 -0.0112199 -0.171556 -1.12327 0 0 0 1 
0.0422428 -0.617763 -0.785229 -2.67146 0.0875955 -0.780614 0.618844 -0.647511 0.99526 0.0949243 -0.021138 -1.08676 0 0 0 1 
-0.0970442 -0.337877 -0.936174 -3.08304 0.85741 -0.506024 0.0937514 -2.11392 0.505403 0.793586 -0.338806 0.091693 0 0 0 1 
-0.160662 -0.334332 -0.92866 -3.88167 0.826219 0.469164 -0.311845 -1.70564 -0.539953 0.817378 -0.200855 2.37301 0 0 0 1 
-0.471252 -0.297818 -0.830197 -2.51002 0.87757 -0.252534 -0.407551 -2.89081 0.0882771 0.920615 -0.380363 -0.180322 0 0 0 1 
-0.566382 -0.311716 -0.762918 -1.85491 0.783551 -0.490614 -0.381242 -2.58833 0.255459 0.813715 -0.522121 -0.512451 0 0 0 1 
-0.628897 -0.333639 -0.702264 -1.31473 0.694403 -0.647303 -0.31433 -2.22354 0.349706 0.685335 -0.638766 -0.455284 0 0 0 1 
-0.680021 -0.353787 -0.642188 -0.801929 0.608429 -0.761042 -0.225009 -1.84821 0.409127 0.543737 -0.732779 -0.240421 0 0 0 1 
-0.728555 -0.353443 -0.586759 -0.282197 0.503662 -0.856976 -0.109164 -1.44389 0.464255 0.37506 -0.80237 -0.0608655 0 0 0 1 
-0.648352 -0.366768 -0.667175 -0.733258 0.569475 -0.815244 -0.105242 -1.70283 0.505311 0.448173 -0.737429 -0.12302 0 0 0 1 
-0.40686 -0.286548 -0.867384 -1.4682 0.27828 -0.943275 0.181088 -0.987785 0.870072 0.167698 -0.463521 -0.865997 0 0 0 1 
-0.139752 -0.381361 -0.913802 -2.24517 -0.110077 -0.911154 0.39709 -0.148149 0.984049 -0.156083 -0.0853565 -0.891808 0 0 0 1 
0.0732083 -0.464103 -0.882751 -3.0413 -0.13052 -0.881972 0.452869 -0.098146 0.988739 -0.0820632 0.125143 -0.705806 0 0 0 1 
0.238217 -0.340925 -0.909408 -4.29629 0.895754 -0.284744 0.341387 -1.87982 0.375336 0.89593 -0.237554 0.732571 0 0 0 1 
0.470754 -0.455299 -0.755707 -5.88238 0.517628 0.83617 -0.18133 -0.448681 -0.714459 0.305813 -0.629306 2.43182 0 0 0 1 
0.00336981 -0.274338 -0.961628 -4.56379 0.925843 -0.362541 0.106671 -2.04105 0.377893 0.890676 -0.252772 -1.01659 0 0 0 1 
-0.205253 -0.217967 -0.954129 -3.62491 0.791333 -0.610613 -0.0307392 -1.89487 0.575904 0.761343 -0.297814 -1.27026 0 0 0 1 
-0.382921 -0.242999 -0.891248 -2.64435 0.696857 -0.709333 -0.106001 -1.80718 0.606434 0.661663 -0.440954 -1.03562 0 0 0 1 
-0.529585 -0.315195 -0.787523 -1.66483 0.640186 -0.757602 -0.127286 -1.78247 0.556509 0.571569 -0.602998 -0.560359 0 0 0 1 
-0.648352 -0.366768 -0.667175 -0.733258 0.569475 -0.815244 -0.105242 -1.70283 0.505311 0.448173 -0.737429 -0.12302 0 0 0 1 
-0.694659 -0.691474 0.198276 -0.134329 -2.16346e-06 0.275638 0.961262 -0.260423 0.71934 -0.667748 0.191476 -0.222978 0 0 0 1 
-0.887928 -0.414007 0.200456 -0.035568 -0.00431128 0.443261 0.896382 -0.395533 0.459963 -0.795058 0.395369 -0.0982547 0 0 0 1 
-0.986426 -0.100293 0.130022 0.0358658 0.04577 0.592502 0.804268 -0.547815 0.157701 -0.799302 0.579868 0.0454869 0 0 0 1 
-0.997545 0.0617654 0.0329962 0.0373048 0.0647679 0.634642 0.770087 -0.624389 -0.0266239 -0.770334 0.637085 0.116833 0 0 0 1 
-0.987703 -0.155909 -0.0115955 -0.0719819 -0.0766266 0.418119 0.905154 -0.469421 0.136274 -0.894913 0.424925 -0.0330541 0 0 0 1 
-0.881706 -0.463953 -0.0856871 -0.19966 -0.126035 0.0566009 0.99041 -0.281888 0.454653 -0.88405 0.108379 -0.230252 0 0 0 1 
-0.82945 -0.553583 -0.0745539 -0.206415 -0.122083 0.0494179 0.991289 -0.282426 0.545077 -0.831327 0.108573 -0.227787 0 0 0 1 
-0.79761 -0.602883 -0.0187302 -0.191268 -0.0996465 0.101078 0.989876 -0.277629 0.594886 -0.791401 0.140696 -0.22355 0 0 0 1 
-0.766313 -0.640615 0.0487588 -0.172858 -0.0709815 0.159848 0.984586 -0.272034 0.638534 -0.751041 0.167966 -0.221118 0 0 0 1 
-0.732986 -0.669026 0.123031 -0.15317 -0.0369968 0.219803 0.974843 -0.266135 0.679237 -0.709994 0.185864 -0.220947 0 0 0 1 
-0.694659 -0.691474 0.198276 -0.13433 -2.15112e-06 0.275638 0.961261 -0.260423 0.71934 -0.667748 0.191476 -0.222978 0 0 0 1 
-0.885961 -0.310718 -0.344279 0.145179 -0.203642 -0.406313 0.890752 -0.175047 0.416658 -0.859281 -0.296702 0.0643368 0 0 0 1 
-0.889477 -0.415441 -0.190364 0.554375 -0.125147 -0.179199 0.975821 -0.417223 0.43951 -0.891794 -0.107402 0.675644 0 0 0 1 
-0.877913 -0.478559 -0.0158348 0.647443 -0.0532429 0.0647016 0.996483 -0.749081 0.475851 -0.875668 0.0822823 1.41653 0 0 0 1 
-0.899245 -0.429665 -0.0821375 0.641641 -0.125656 0.0738608 0.98932 -1.01586 0.41901 -0.899962 0.120409 1.77573 0 0 0 1 
-0.739689 0.121455 -0.661898 1.22207 -0.642747 -0.418862 0.641428 -0.670894 0.19934 -0.899891 -0.387893 1.31539 0 0 0 1 
-0.187359 0.820872 -0.539504 1.09284 -0.923271 -0.334675 -0.188585 0.255177 0.335363 -0.462775 -0.820592 0.744775 0 0 0 1 
-0.373738 0.634197 -0.676841 0.926892 -0.910921 -0.388459 0.139008 -0.201189 0.174766 -0.668501 -0.722885 0.275441 0 0 0 1 
-0.579594 0.420093 -0.698278 0.711327 -0.795368 -0.478134 0.37253 -0.310774 0.177373 -0.771304 -0.611252 0.146421 0 0 0 1 
-0.744731 0.177913 -0.643213 0.496075 -0.626482 -0.518531 0.581933 -0.324848 0.229992 -0.836345 -0.497625 0.0882325 0 0 0 1 
-0.849985 -0.0735393 -0.521648 0.306292 -0.421987 -0.497721 0.757761 -0.270139 0.31536 -0.864214 -0.392023 0.0719629 0 0 0 1 
-0.885961 -0.310718 -0.344279 0.145178 -0.203642 -0.406313 0.890753 -0.175047 0.416658 -0.859281 -0.296702 0.0643365 0 0 0 1 
-0.707274 0.691763 0.145698 0.12286 -0.702331 -0.711073 -0.0332632 -1.9243 -0.080592 0.125855 -0.98877 -2.61652 0 0 0 1 
-0.819582 0.563144 0.105611 0.119502 -0.552328 -0.825549 0.115769 -1.63568 -0.152381 -0.0365504 -0.987645 -2.28483 0 0 0 1 
-0.907358 0.410406 0.0909307 -0.114877 -0.375077 -0.88811 0.265665 -1.32854 -0.189787 -0.206947 -0.959767 -1.69984 0 0 0 1 
-0.894606 0.439535 0.0805619 0.0283768 -0.378855 -0.84164 0.384851 -1.3512 -0.236959 -0.313768 -0.919456 -1.24247 0 0 0 1 
-0.501023 0.857807 -0.114643 1.63015 -0.843993 -0.455 0.28399 -1.43991 -0.191446 -0.239044 -0.951949 -0.7091 0 0 0 1 
0.060541 0.99526 -0.076102 1.94576 -0.976017 0.0430532 -0.213397 -0.227736 0.209109 -0.087196 -0.973997 -0.0270639 0 0 0 1 
0.111241 0.967218 0.228288 2.60143 -0.992033 0.0944052 0.0834228 -0.872593 -0.0591364 0.23575 -0.970013 -1.30596 0 0 0 1 
-0.0824131 0.960704 0.265059 2.28324 -0.988536 -0.112566 0.100634 -1.33977 -0.126516 0.253726 -0.958967 -1.79931 0 0 0 1 
-0.306051 0.917643 0.253506 1.69212 -0.940829 -0.332235 0.0667903 -1.70244 -0.145513 0.218064 -0.965026 -2.16186 0 0 0 1 
-0.524401 0.826113 0.206255 0.939197 -0.842142 -0.538969 0.017594 -1.90052 -0.1257 0.16447 -0.97834 -2.41849 0 0 0 1 
-0.707274 0.691762 0.145698 0.122859 -0.702331 -0.711073 -0.033263 -1.9243 -0.0805921 0.125854 -0.98877 -2.61652 0 0 0 1 
-0.642196 0.726917 0.243262 0.540248 -0.750171 -0.661228 -0.00451478 -2.07134 -0.15757 0.185388 -0.96995 -2.89677 0 0 0 1 
-0.766219 0.60825 0.207221 0.496118 -0.596046 -0.793246 0.124456 -1.79802 -0.240077 0.028153 -0.970345 -2.61067 0 0 0 1 
-0.865321 0.462556 0.193034 0.216887 -0.411169 -0.875346 0.254379 -1.49192 -0.286636 -0.14075 -0.947644 -2.0708 0 0 0 1 
-0.851532 0.491328 0.183003 0.364855 -0.401309 -0.835404 0.375567 -1.45644 -0.337408 -0.246366 -0.908548 -1.62987 0 0 0 1 
-0.448412 0.893443 -0.0261904 1.98281 -0.845532 -0.414501 0.336547 -1.36253 -0.289829 -0.173057 -0.941303 -1.08859 0 0 0 1 
0.122549 0.991946 -0.0320033 2.26575 -0.985561 0.117837 -0.121591 -0.12019 0.116841 -0.046442 -0.992064 -0.427583 0 0 0 1 
0.197527 0.943863 0.264774 3.00713 -0.972038 0.153594 0.177631 -0.642199 -0.126992 0.292457 -0.94781 -1.54406 0 0 0 1 
0.00783292 0.947859 0.318593 2.73201 -0.981414 -0.0538047 0.184205 -1.17816 -0.191743 0.314114 -0.929821 -2.01578 0 0 0 1 
-0.218406 0.920057 0.32526 2.15939 -0.95219 -0.273886 0.135359 -1.63917 -0.213622 0.280146 -0.935887 -2.38996 0 0 0 1 
-0.445865 0.845598 0.293546 1.39448 -0.872743 -0.483526 0.0672579 -1.94484 -0.19881 0.226202 -0.953576 -2.6737 0 0 0 1 
-0.642196 0.726916 0.243263 0.540247 -0.750171 -0.661229 -0.00451466 -2.07134 -0.15757 0.185388 -0.96995 -2.89677 0 0 0 1 
-0.992879 -0.118965 0.00627682 -0.281546 -0.0160252 0.185584 0.982498 -0.243295 0.118048 -0.9754 0.186169 -0.382345 0 0 0 1 
-0.957288 -0.266846 0.11132 -0.117827 -0.00154731 0.389734 0.920926 -0.314225 0.289131 -0.88142 0.3735 -0.430914 0 0 0 1 
-0.892515 -0.380997 0.241368 -0.316351 -0.0245583 0.575422 0.817488 -0.358408 0.450349 -0.723692 0.522929 -0.29492 0 0 0 1 
-0.878619 -0.387609 0.278905 -0.588771 -0.0191852 0.612247 0.790434 -0.425135 0.477138 -0.689139 0.545368 -0.120802 0 0 0 1 
-0.988564 -0.125278 0.0839431 -0.536609 0.0535139 0.228989 0.971957 -0.459018 0.140987 -0.965334 0.219666 0.121276 0 0 0 1 
-0.939679 0.341782 0.0137662 -1.31117 -0.090396 -0.286942 0.953673 -0.0349619 -0.329898 -0.894902 -0.300529 0.573833 0 0 0 1 
-0.829106 0.558135 0.0326948 -1.64405 -0.136756 -0.259158 0.956104 -0.0727043 -0.542108 -0.788241 -0.291198 0.523976 0 0 0 1 
-0.893982 0.448097 -0.00241324 -1.32667 -0.087226 -0.168734 0.981795 -0.155653 -0.439532 -0.877917 -0.189931 0.423217 0 0 0 1 
-0.960543 0.277071 -0.0243053 -0.943746 -0.0421494 -0.0586288 0.99739 -0.218148 -0.274922 -0.95906 -0.0679938 0.235477 0 0 0 1 
-0.997 0.0743915 -0.0213597 -0.576875 -0.0166074 0.063926 0.997817 -0.248887 -0.0755946 -0.995178 0.0624988 -0.0435776 0 0 0 1 
-0.992879 -0.118965 0.00627682 -0.281546 -0.0160252 0.185584 0.982498 -0.243295 0.118048 -0.9754 0.186169 -0.382345 0 0 0 1 
-0.766091 -0.642447 0.0191445 -0.0560561 0.252449 -0.273375 0.928189 -0.781956 0.591079 -0.71591 -0.371615 -0.859643 0 0 0 1 
-0.761336 -0.646415 -0.0501478 -0.336313 0.269911 -0.38632 0.881989 -1.03408 0.589504 -0.657955 -0.468594 -1.33891 0 0 0 1 
-0.754574 -0.650499 -0.0864243 -0.48633 0.308508 -0.467899 0.828187 -1.33239 0.579172 -0.598266 -0.553748 -1.80913 0 0 0 1 
-0.75079 -0.654328 -0.0903887 -0.508229 0.336796 -0.496927 0.799771 -1.49119 0.568228 -0.570017 -0.593462 -2.05671 0 0 0 1 
-0.755464 -0.651892 -0.065655 -0.451361 0.304457 -0.438017 0.845841 -1.21159 0.580155 -0.619014 -0.52938 -1.75279 0 0 0 1 
-0.762507 -0.64697 -0.00370602 -0.260241 0.269305 -0.322595 0.907418 -0.841554 0.588268 -0.690914 -0.420213 -1.24667 0 0 0 1 
-0.762507 -0.64697 -0.00370607 -0.260241 0.269304 -0.322595 0.907418 -0.841553 0.588268 -0.690914 -0.420213 -1.24667 0 0 0 1 
-0.765987 -0.642855 -0.00117611 -0.221769 0.263488 -0.315623 0.911568 -0.826105 0.586378 -0.69794 -0.411147 -1.15749 0 0 0 1 
-0.769776 -0.638301 0.00413809 -0.169265 0.258269 -0.305525 0.916489 -0.81025 0.583731 -0.70656 -0.400039 -1.05541 0 0 0 1 
-0.773501 -0.633676 0.0122707 -0.104928 0.254432 -0.292726 0.921724 -0.795928 0.580482 -0.716077 -0.387652 -0.948575 0 0 0 1 
-0.77684 -0.629294 0.0225675 -0.0335255 0.252319 -0.278243 0.926777 -0.784498 0.576936 -0.725652 -0.374933 -0.845136 0 0 0 1 
-0.75176 -0.585698 0.30301 1.22894 0.315494 0.0840511 0.945198 -0.868333 0.579069 -0.80616 -0.121598 0.336841 0 0 0 1 
-0.742925 -0.575847 0.341265 1.43907 0.354915 0.0933876 0.930222 -1.03266 0.567536 -0.812206 -0.134997 0.273159 0 0 0 1 
-0.734622 -0.575862 0.358767 1.53558 0.401956 0.0566012 0.913908 -1.17848 0.546591 -0.815585 -0.189891 -0.0281804 0 0 0 1 
-0.731404 -0.582846 0.354033 1.51158 0.427811 0.0121256 0.903787 -1.24565 0.531061 -0.812492 -0.24048 -0.314381 0 0 0 1 
-0.740055 -0.597004 0.309685 1.25702 0.383291 0.00397807 0.923619 -1.0563 0.552637 -0.802228 -0.225882 -0.266378 0 0 0 1 
-0.753314 -0.615284 0.232257 0.815055 0.320428 -0.0349803 0.946627 -0.793172 0.57432 -0.787529 -0.223505 -0.293483 0 0 0 1 
-0.753314 -0.615284 0.232257 0.815055 0.320428 -0.0349802 0.946627 -0.793171 0.57432 -0.787529 -0.223505 -0.293483 0 0 0 1 
-0.755547 -0.605417 0.250238 0.922244 0.318491 -0.00566822 0.947909 -0.801279 0.572462 -0.795888 -0.197102 -0.123609 0 0 0 1 
-0.757978 -0.594297 0.268849 1.03313 0.316794 0.0248875 0.948168 -0.816399 0.570185 -0.80386 -0.169406 0.0547929 0 0 0 1 
-0.760366 -0.582891 0.286499 1.1383 0.315696 0.0538092 0.947333 -0.837554 0.567608 -0.810767 -0.143102 0.224705 0 0 0 1 
-0.762504 -0.572135 0.302075 1.23115 0.315362 0.079004 0.945677 -0.862055 0.56492 -0.816346 -0.120188 0.373389 0 0 0 1 
-0.906269 -0.422515 0.0125556 -0.421101 0.006255 0.0162953 0.999848 -0.0192485 0.422656 -0.906209 0.0121251 1.45878 0 0 0 1 
-0.905825 -0.423509 0.0109903 -0.436057 0.00572126 0.013711 0.999889 -0.0230336 0.423613 -0.905788 0.00999685 1.44128 0 0 0 1 
-0.905852 -0.423431 0.0117849 -0.42954 0.00599665 0.0149994 0.999869 -0.0211186 0.423552 -0.905804 0.0110481 1.44968 0 0 0 1 
-0.906262 -0.422496 0.0136716 -0.412255 0.00681127 0.0177431 0.999819 -0.0175815 0.422662 -0.906191 0.013202 1.46732 0 0 0 1 
-0.906016 -0.423069 0.012164 -0.425655 0.00614797 0.0155816 0.99986 -0.0203681 0.4232 -0.905964 0.0115161 1.4536 0 0 0 1 
-0.906269 -0.422515 0.0125555 -0.421101 0.00625494 0.0162949 0.999848 -0.0192499 0.422656 -0.906209 0.0121249 1.45878 0 0 0 1 
-0.906269 -0.422516 0.0125555 -0.421101 0.00625482 0.016295 0.999848 -0.0192499 0.422656 -0.906209 0.0121249 1.45878 0 0 0 1 
-0.906269 -0.422515 0.0125554 -0.421646 0.00625507 0.0162951 0.999848 -0.0199866 0.422656 -0.90621 0.012125 1.45845 0 0 0 1 
-0.906211 -0.422648 0.0122737 -0.423615 0.00615479 0.0158391 0.999856 -0.019825 0.422782 -0.906156 0.0117522 1.45578 0 0 0 1 
-0.906269 -0.422515 0.0125556 -0.421685 0.00625498 0.0162954 0.999848 -0.0200543 0.422656 -0.906209 0.0121253 1.45841 0 0 0 1 
-0.906269 -0.422515 0.0125557 -0.4211 0.00625502 0.0162953 0.999848 -0.0192504 0.422656 -0.906209 0.0121251 1.45878 0 0 0 1 
-0.906268 -0.419815 0.049331 -0.127869 0.00625332 0.103375 0.994623 0.104562 0.422657 -0.901703 0.0910606 2.08572 0 0 0 1 
-0.906266 -0.419786 0.0496085 -0.125781 0.00639264 0.103735 0.994584 0.104692 0.422659 -0.901675 0.0913281 2.0877 0 0 0 1 
-0.906263 -0.419729 0.0501631 -0.121229 0.00666997 0.104455 0.994507 0.105081 0.422663 -0.901619 0.0918642 2.09211 0 0 0 1 
-0.906261 -0.4197 0.050441 -0.118886 0.00680937 0.104815 0.994469 0.10523 0.422664 -0.901591 0.0921322 2.09439 0 0 0 1 
-0.906264 -0.419758 0.0498861 -0.123469 0.00653141 0.104095 0.994546 0.104872 0.422662 -0.901647 0.0915961 2.08996 0 0 0 1 
-0.906268 -0.419815 0.049331 -0.127869 0.00625341 0.103375 0.994623 0.104561 0.422657 -0.901703 0.0910602 2.08572 0 0 0 1 
-0.906268 -0.419815 0.049331 -0.127869 0.00625328 0.103375 0.994623 0.104561 0.422657 -0.901703 0.0910602 2.08572 0 0 0 1 
-0.906268 -0.419815 0.0493308 -0.128413 0.00625353 0.103375 0.994623 0.103823 0.422657 -0.901703 0.0910603 2.08538 0 0 0 1 
-0.906268 -0.419815 0.0493313 -0.127832 0.00625371 0.103375 0.994623 0.104634 0.422658 -0.901703 0.0910603 2.08573 0 0 0 1 
-0.906268 -0.419815 0.049331 -0.128453 0.00625345 0.103375 0.994623 0.103755 0.422657 -0.901703 0.0910606 2.08535 0 0 0 1 
-0.906268 -0.419815 0.0493311 -0.127867 0.00625349 0.103375 0.994623 0.10456 0.422657 -0.901703 0.0910604 2.08572 0 0 0 1 
-0.519604 -0.797625 -0.306277 -0.134942 -0.23732 -0.209628 0.948544 -0.730911 0.820787 -0.565553 0.0803687 0.449333 0 0 0 1 
-0.521688 -0.803303 -0.287309 0.0664023 -0.278265 -0.158133 0.947398 -0.942355 0.80648 -0.574194 0.141035 0.839487 0 0 0 1 
-0.523887 -0.807991 -0.269616 0.195794 -0.334736 -0.0957722 0.937432 -1.19366 0.783259 -0.581359 0.22029 1.27922 0 0 0 1 
-0.525237 -0.811015 -0.257646 0.238592 -0.371246 -0.0540495 0.92696 -1.33577 0.765703 -0.582524 0.272697 1.54157 0 0 0 1 
-0.520393 -0.817493 -0.246774 0.235467 -0.333486 -0.0714801 0.940041 -1.10516 0.786116 -0.571486 0.235425 1.3021 0 0 0 1 
-0.512873 -0.825645 -0.2351 0.167432 -0.283794 -0.0953979 0.954128 -0.794415 0.810199 -0.556067 0.185386 0.934044 0 0 0 1 
-0.512873 -0.825645 -0.235099 0.167432 -0.283794 -0.0953979 0.954128 -0.794414 0.810199 -0.556067 0.185386 0.934044 0 0 0 1 
-0.514146 -0.819919 -0.251767 0.104865 -0.271979 -0.122533 0.95447 -0.775079 0.813438 -0.559212 0.160001 0.820873 0 0 0 1 
-0.51577 -0.813067 -0.270007 0.0305475 -0.259532 -0.15207 0.953687 -0.756788 0.816471 -0.561959 0.132583 0.695629 0 0 0 1 
-0.517645 -0.805467 -0.288559 -0.0512165 -0.247673 -0.181755 0.951642 -0.741709 0.818964 -0.564081 0.105408 0.568671 0 0 0 1 
-0.519604 -0.797625 -0.306276 -0.134941 -0.23732 -0.209627 0.948544 -0.730911 0.820786 -0.565553 0.0803696 0.449334 0 0 0 1 
-0.514047 -0.857585 0.0174424 1.388 -0.309769 0.204565 0.928545 -1.01442 0.799875 -0.471913 0.370809 1.74767 0 0 0 1 
-0.519592 -0.848873 0.0971582 1.86329 -0.361387 0.321384 0.875278 -1.49676 0.774225 -0.419675 0.47376 2.30505 0 0 0 1 
-0.524185 -0.84139 0.131502 2.06398 -0.418061 0.38877 0.821025 -1.95494 0.741927 -0.375393 0.55554 2.7327 0 0 0 1 
-0.525695 -0.84172 0.123096 2.01142 -0.448577 0.397243 0.80061 -2.12764 0.722788 -0.365659 0.586405 2.89052 0 0 0 1 
-0.519587 -0.850666 0.0799804 1.76007 -0.402008 0.325995 0.855638 -1.67844 0.753936 -0.412426 0.511358 2.50324 0 0 0 1 
-0.510275 -0.859922 -0.0123853 1.21197 -0.332413 0.18393 0.925025 -1.05774 0.793172 -0.476134 0.379704 1.79472 0 0 0 1 
-0.510275 -0.859922 -0.0123852 1.21197 -0.332412 0.18393 0.925025 -1.05774 0.793172 -0.476134 0.379704 1.79472 0 0 0 1 
-0.51105 -0.859551 -0.000249654 1.28492 -0.327168 0.194251 0.924786 -1.05838 0.794852 -0.472693 0.38049 1.79939 0 0 0 1 
-0.512009 -0.858928 0.00943181 1.34245 -0.321228 0.201645 0.925285 -1.0512 0.796655 -0.470724 0.379156 1.79245 0 0 0 1 
-0.51305 -0.858221 0.0153876 1.37706 -0.315235 0.205063 0.926594 -1.03591 0.798378 -0.470538 0.375749 1.77422 0 0 0 1 
-0.514047 -0.857585 0.0174423 1.38799 -0.309769 0.204565 0.928545 -1.01442 0.799874 -0.471913 0.370809 1.74767 0 0 0 1 
-0.707105 -0.706997 0.012555 0.970231 0.000304682 0.0174508 0.999848 0.012332 0.707108 -0.707001 0.012124 -0.451068 0 0 0 1 
-0.707495 -0.706621 0.011722 0.963766 0.000716632 0.0158692 0.999874 0.0101743 0.706718 -0.707414 0.0107208 -0.463532 0 0 0 1 
-0.707409 -0.706692 0.0125981 0.970694 0.000639332 0.0171841 0.999852 0.0124016 0.706804 -0.707312 0.0117044 -0.45541 0 0 0 1 
-0.707105 -0.706976 0.0136704 0.979087 0.00033196 0.0190009 0.999819 0.0150809 0.707108 -0.706982 0.0132008 -0.442518 0 0 0 1 
-0.707274 -0.706825 0.0127143 0.971497 0.000494588 0.0174903 0.999847 0.0123954 0.70694 -0.707172 0.0120208 -0.452699 0 0 0 1 
-0.707105 -0.706997 0.0125548 0.970232 0.000304665 0.0174505 0.999848 0.012332 0.707108 -0.707002 0.012124 -0.451067 0 0 0 1 
-0.707105 -0.706997 0.0125549 0.970232 0.000304894 0.0174504 0.999848 0.0123329 0.707108 -0.707001 0.0121237 -0.451068 0 0 0 1 
-0.707105 -0.706997 0.0125549 0.970041 0.000304735 0.0174507 0.999848 0.0115829 0.707108 -0.707002 0.0121239 -0.451646 0 0 0 1 
-0.707184 -0.706923 0.0122795 0.968089 0.000385566 0.0169822 0.999856 0.011692 0.70703 -0.707087 0.0117369 -0.454362 0 0 0 1 
-0.707105 -0.706997 0.0125551 0.970005 0.000304755 0.0174508 0.999848 0.011467 0.707108 -0.707001 0.0121241 -0.451731 0 0 0 1 
-0.707105 -0.706997 0.012555 0.970228 0.000304608 0.017451 0.999848 0.0123296 0.707108 -0.707001 0.0121242 -0.451069 0 0 0 1 
-0.707106 -0.703212 0.0741248 1.45977 0.000303108 0.104527 0.994522 0.135346 0.707108 -0.703255 0.0736983 0.0384174 0 0 0 1 
-0.707106 -0.703182 0.0744023 1.46194 0.000309901 0.104912 0.994482 0.13577 0.707107 -0.703227 0.0739661 0.0404758 0 0 0 1 
-0.707106 -0.703123 0.0749567 1.46646 0.000323473 0.105683 0.9944 0.136636 0.707108 -0.70317 0.0745016 0.044869 0 0 0 1 
-0.707106 -0.703094 0.0752341 1.46876 0.000330473 0.106068 0.994359 0.137023 0.707107 -0.703142 0.0747692 0.0470981 0 0 0 1 
-0.707106 -0.703153 0.0746796 1.46418 0.000317016 0.105298 0.994441 0.135893 0.707108 -0.703199 0.0742336 0.0424763 0 0 0 1 
-0.707106 -0.703212 0.0741247 1.45977 0.000303091 0.104527 0.994522 0.135347 0.707108 -0.703255 0.0736983 0.0384189 0 0 0 1 
-0.707106 -0.703212 0.0741248 1.45977 0.000303318 0.104526 0.994522 0.135348 0.707108 -0.703255 0.073698 0.0384182 0 0 0 1 
-0.707106 -0.703212 0.0741248 1.45958 0.00030316 0.104527 0.994522 0.134598 0.707108 -0.703255 0.0736982 0.0378391 0 0 0 1 
-0.707106 -0.703212 0.0741248 1.45977 0.000303192 0.104527 0.994522 0.135405 0.707108 -0.703255 0.0736983 0.0384381 0 0 0 1 
-0.707106 -0.703212 0.074125 1.45954 0.000303179 0.104527 0.994522 0.134481 0.707108 -0.703255 0.0736983 0.0377542 0 0 0 1 
-0.707106 -0.703212 0.0741249 1.45977 0.000303032 0.104527 0.994522 0.135344 0.707108 -0.703255 0.0736985 0.0384163 0 0 0 1 
-0.706766 -0.69792 0.115709 0.471455 -0.0984557 0.259004 0.960845 -0.911346 0.700563 -0.667701 0.251769 0.74576 0 0 0 1 
-0.690676 -0.721461 0.0495986 0.32679 -0.0865488 0.150559 0.984805 -0.867057 0.717966 -0.675889 0.166429 0.516224 0 0 0 1 
-0.675305 -0.737294 -0.0189736 0.166756 -0.0720991 0.0403911 0.996579 -0.854866 0.734006 -0.674363 0.0804345 0.274147 0 0 0 1 
-0.706876 -0.702795 -0.0800353 -0.0353897 -0.098421 -0.0143241 0.995042 -0.863425 0.700457 -0.711248 0.0590443 0.254949 0 0 0 1 
-0.838761 -0.525516 -0.142529 -0.419458 -0.227891 0.101078 0.968426 -0.919568 0.494517 -0.844759 0.204541 0.808665 0 0 0 1 
-0.923706 -0.303378 -0.233945 -0.93936 -0.32314 0.288966 0.901154 -1.11094 0.205788 -0.907998 0.364953 1.32666 0 0 0 1 
-0.923706 -0.303378 -0.233945 -0.939359 -0.32314 0.288966 0.901154 -1.11094 0.205788 -0.907998 0.364953 1.32666 0 0 0 1 
-0.903333 -0.400752 -0.152928 -0.605894 -0.277065 0.272974 0.92126 -1.0372 0.327451 -0.874576 0.357621 1.26933 0 0 0 1 
-0.860024 -0.506528 -0.0615499 -0.234251 -0.221026 0.261092 0.939669 -0.97273 0.459899 -0.821742 0.336502 1.15211 0 0 0 1 
-0.792639 -0.608906 0.0309449 0.136757 -0.159588 0.256193 0.953361 -0.929126 0.588435 -0.750732 0.300242 0.972608 0 0 0 1 
-0.706766 -0.69792 0.115709 0.471455 -0.0984557 0.259004 0.960845 -0.911346 0.700563 -0.667701 0.251769 0.74576 0 0 0 1 
-0.783724 -0.617825 0.0637879 -0.250014 -0.0938649 0.219334 0.971124 -0.621799 0.613976 -0.755106 0.22989 1.18821 0 0 0 1 
-0.761158 -0.648519 -0.00791979 -0.375183 -0.112662 0.120184 0.986338 -0.673183 0.638707 -0.751651 0.164542 0.974727 0 0 0 1 
-0.735572 -0.672643 -0.0805347 -0.501884 -0.126568 0.019666 0.991763 -0.748322 0.665519 -0.739706 0.0996008 0.760894 0 0 0 1 
-0.779236 -0.620403 -0.0888381 -0.581679 -0.125538 0.0156333 0.991966 -1.06151 0.614029 -0.784128 0.0900659 0.840187 0 0 0 1 
-0.950237 -0.298044 0.0906651 -0.797028 -0.0122099 0.32644 0.945139 -2.41032 0.311289 -0.896999 0.313835 1.61043 0 0 0 1 
-0.990255 0.0488199 0.130433 -1.50937 0.132743 0.614197 0.777908 -3.65592 0.0421341 -0.787641 0.614692 1.6817 0 0 0 1 
-0.945541 -0.183867 -0.268598 -1.82785 -0.312093 0.277697 0.908561 -1.00899 0.0924654 -0.942909 0.319958 1.34418 0 0 0 1 
-0.920554 -0.305203 -0.243785 -1.59354 -0.314625 0.209461 0.925817 -0.625873 0.231499 -0.928966 0.288845 1.30245 0 0 0 1 
-0.894166 -0.420149 -0.154734 -1.17562 -0.255999 0.196221 0.946552 -0.54282 0.367331 -0.885986 0.283012 1.31307 0 0 0 1 
-0.851322 -0.523347 -0.0368634 -0.688129 -0.170366 0.209309 0.962894 -0.598402 0.496212 -0.826013 0.267349 1.292 0 0 0 1 
-0.783724 -0.617825 0.0637879 -0.250014 -0.0938649 0.219334 0.971124 -0.621799 0.613976 -0.755106 0.22989 1.18821 0 0 0 1 
-0.827664 -0.56044 0.0296496 -0.831275 0.0377042 -0.00281569 0.999285 1.516 0.559956 -0.82819 -0.0234613 1.60763 0 0 0 1 
-0.816389 -0.57715 -0.0201505 -1.06541 0.0112305 -0.0507525 0.998648 0.961663 0.577393 -0.815059 -0.0479155 1.34656 0 0 0 1 
-0.801595 -0.593934 -0.0684652 -1.23547 -0.0116406 -0.0989895 0.99502 0.38079 0.597754 -0.7984 -0.0724357 1.1317 0 0 0 1 
-0.840653 -0.539751 -0.0443954 -1.2987 -0.0109895 -0.064957 0.997828 -0.290671 0.541462 -0.839315 -0.0486748 1.21372 0 0 0 1 
-0.958354 -0.220433 0.18157 -1.43498 0.125897 0.24457 0.961424 -1.61608 0.256336 -0.944243 0.206633 1.94271 0 0 0 1 
-0.959877 0.12219 0.252399 -2.07352 0.278277 0.526143 0.803576 -2.79288 0.034609 -0.841571 0.539036 2.11151 0 0 0 1 
-0.983093 -0.0757606 -0.1667 -2.74321 -0.179498 0.218843 0.959108 -0.396037 0.0361816 -0.972815 0.228742 1.52927 0 0 0 1 
-0.967335 -0.195674 -0.161168 -2.54323 -0.186664 0.119638 0.975112 0.279497 0.171523 -0.973344 0.152256 1.57577 0 0 0 1 
-0.942342 -0.319102 -0.100822 -2.07589 -0.127637 0.064211 0.98974 0.756141 0.309354 -0.945543 0.101238 1.68153 0 0 0 1 
-0.896696 -0.442092 -0.0221446 -1.44301 -0.0398461 0.030793 0.998731 1.13377 0.440849 -0.896441 0.0452276 1.71997 0 0 0 1 
-0.827664 -0.56044 0.0296496 -0.831275 0.0377042 -0.00281569 0.999285 1.516 0.559956 -0.82819 -0.0234613 1.60763 0 0 0 1 
