a
25
16
20
0
0
-0.694658 -0.697972 -0.174024 -0.33681 -2.30525e-08 -0.241922 0.970296 -0.361438 0.71934 -0.674024 -0.168053 -0.418515 0 0 0 1 
-0.694658 -0.699189 -0.169071 -0.432124 -3.23068e-08 -0.235036 0.971987 -0.686058 0.71934 -0.675199 -0.16327 -0.409257 0 0 0 1 
-0.694658 -0.701138 -0.160797 -0.525125 -4.94355e-08 -0.223534 0.974696 -1.03236 0.71934 -0.677081 -0.155279 -0.393793 0 0 0 1 
-0.694658 -0.701516 -0.159139 -0.622704 -5.45371e-08 -0.221229 0.975222 -1.33558 0.71934 -0.677446 -0.153679 -0.390695 0 0 0 1 
-0.694658 -0.697972 -0.174024 -0.731731 -2.30525e-08 -0.241922 0.970296 -1.53109 0.71934 -0.674024 -0.168053 -0.418515 0 0 0 1 
-0.694658 -0.676137 -0.245537 -0.886593 1.14195e-07 -0.341337 0.939941 -1.38627 0.71934 -0.652938 -0.237112 -0.552174 0 0 0 1 
-0.694658 -0.640937 -0.326573 -1.02698 2.8982e-07 -0.45399 0.891007 -1.13405 0.71934 -0.618945 -0.315368 -0.703632 0 0 0 1 
-0.694658 -0.640937 -0.326573 -1.02698 2.82369e-07 -0.45399 0.891007 -1.13405 0.71934 -0.618945 -0.315368 -0.703632 0 0 0 1 
-0.694658 -0.640937 -0.326573 -1.02698 2.82369e-07 -0.45399 0.891007 -1.13405 0.71934 -0.618945 -0.315368 -0.703632 0 0 0 1 
-0.694658 -0.650271 -0.307568 -0.938957 2.46575e-07 -0.427569 0.903982 -1.02861 0.71934 -0.627959 -0.297015 -0.66811 0 0 0 1 
-0.694658 -0.659565 -0.287096 -0.844934 1.9692e-07 -0.399111 0.916903 -0.918314 0.71934 -0.636934 -0.277246 -0.629849 0 0 0 1 
-0.694658 -0.668566 -0.26546 -0.746354 1.6388e-07 -0.369033 0.929416 -0.805192 0.71934 -0.645627 -0.256352 -0.58941 0 0 0 1 
-0.694658 -0.677059 -0.242982 -0.644705 1.09041e-07 -0.337785 0.941223 -0.691181 0.71934 -0.653829 -0.234645 -0.547399 0 0 0 1 
-0.694658 -0.68487 -0.220007 -0.541518 6.66474e-08 -0.305845 0.952081 -0.578106 0.71934 -0.661371 -0.212458 -0.504458 0 0 0 1 
-0.694658 -0.691868 -0.196895 -0.438356 2.01989e-08 -0.273717 0.96181 -0.467666 0.71934 -0.66813 -0.19014 -0.461262 0 0 0 1 
-0.694658 -0.697972 -0.174024 -0.33681 -2.30525e-08 -0.241922 0.970296 -0.361438 0.71934 -0.674024 -0.168053 -0.418515 0 0 0 1 
-0.829015 -0.543285 -0.132576 -0.25659 0.00362743 -0.242289 0.970197 -0.361628 0.559215 -0.803827 -0.202832 -0.485827 0 0 0 1 
-0.857979 -0.50374 -0.100581 -0.299568 0.00294138 -0.200619 0.979665 -0.671197 0.513675 -0.840237 -0.173609 -0.429267 0 0 0 1 
-0.882235 -0.466189 -0.065796 -0.341258 0.00580436 -0.15051 0.988591 -1.00547 0.470774 -0.871788 -0.135491 -0.355494 0 0 0 1 
-0.908309 -0.416364 -0.0402086 -0.392523 0.00957742 -0.116799 0.99311 -1.30096 0.418191 -0.901665 -0.110077 -0.306307 0 0 0 1 
-0.939645 -0.340341 -0.0351544 -0.462959 0.00765045 -0.123618 0.9923 -1.4885 0.342067 -0.932141 -0.118761 -0.323115 0 0 0 1 
-0.98283 -0.161923 -0.0884699 -0.582602 -0.0444407 -0.257626 0.965222 -1.33734 0.179084 -0.952581 -0.246006 -0.569388 0 0 0 1 
-0.988693 0.0492561 -0.141637 -0.669048 -0.149559 -0.392669 0.907438 -1.10225 0.0109196 -0.91836 -0.395596 -0.858905 0 0 0 1 
-0.988693 0.0492562 -0.141637 -0.669048 -0.149559 -0.392669 0.907438 -1.10225 0.0109196 -0.91836 -0.395596 -0.858905 0 0 0 1 
-0.988693 0.0492562 -0.141637 -0.669048 -0.149559 -0.392669 0.907438 -1.10225 0.0109196 -0.91836 -0.395596 -0.858905 0 0 0 1 
-0.989323 -0.0325627 -0.142054 -0.618618 -0.118839 -0.383977 0.915663 -1.006 0.0843618 -0.922768 -0.376008 -0.820995 0 0 0 1 
-0.982658 -0.118955 -0.142241 -0.564578 -0.0889932 -0.370427 0.924589 -0.903438 0.162674 -0.921213 -0.353417 -0.777272 0 0 0 1 
-0.967823 -0.207747 -0.141984 -0.507376 -0.0614622 -0.351995 0.933982 -0.796356 0.24401 -0.912656 -0.327901 -0.727888 0 0 0 1 
-0.944499 -0.296686 -0.141062 -0.447447 -0.037554 -0.32907 0.943559 -0.686661 0.32636 -0.896488 -0.299664 -0.673238 0 0 0 1 
-0.912953 -0.383563 -0.139272 -0.385263 -0.0183292 -0.302409 0.953002 -0.576324 0.407653 -0.872599 -0.269055 -0.613996 0 0 0 1 
-0.874014 -0.466343 -0.136466 -0.321401 -0.00450203 -0.273069 0.961984 -0.46733 0.485879 -0.841402 -0.236566 -0.551117 0 0 0 1 
-0.829015 -0.543285 -0.132576 -0.25659 0.00362743 -0.242289 0.970197 -0.361628 0.559215 -0.803827 -0.202832 -0.485827 0 0 0 1 
-0.694658 -0.719231 0.012553 -0.0940735 -2.93556e-06 0.0174535 0.999848 -0.310495 0.719341 -0.694552 0.0121263 -0.184103 0 0 0 1 
-0.796083 -0.602471 0.0572699 -0.131829 -0.0276712 0.130769 0.991027 -0.643787 0.604554 -0.787355 0.120774 -0.0435139 0 0 0 1 
-0.884294 -0.45806 0.0905837 -0.185157 -0.0335949 0.25591 0.966116 -1.02077 0.46572 -0.851288 0.241689 0.116525 0 0 0 1 
-0.943161 -0.318494 0.094914 -0.272589 -0.0260411 0.355545 0.934296 -1.36162 0.331314 -0.878721 0.34363 0.249422 0 0 0 1 
-0.971906 -0.225956 0.0658997 -0.395842 -0.0314762 0.402245 0.914991 -1.57271 0.233255 -0.887211 0.398056 0.310918 0 0 0 1 
-0.953285 -0.30005 -0.0348836 -0.593506 -0.123044 0.28024 0.952011 -1.34094 0.275876 -0.911831 0.304068 0.142518 0 0 0 1 
-0.897976 -0.410369 -0.158859 -0.796908 -0.208634 0.0791842 0.974783 -0.999249 0.387441 -0.908476 0.156722 -0.100657 0 0 0 1 
-0.897976 -0.410369 -0.158859 -0.796908 -0.208634 0.0791843 0.974783 -0.999249 0.387441 -0.908476 0.156722 -0.100657 0 0 0 1 
-0.897976 -0.410369 -0.158859 -0.796908 -0.208634 0.0791843 0.974783 -0.999249 0.387441 -0.908476 0.156722 -0.100657 0 0 0 1 
-0.882717 -0.451351 -0.130738 -0.698484 -0.178874 0.0654721 0.981691 -0.903644 0.434528 -0.889941 0.138528 -0.111571 0 0 0 1 
-0.862744 -0.495122 -0.102601 -0.596087 -0.147815 0.0529115 0.987599 -0.804458 0.483553 -0.867211 0.118836 -0.123355 0 0 0 1 
-0.83785 -0.540682 -0.075302 -0.491847 -0.116258 0.0419512 0.992333 -0.703451 0.533377 -0.840181 0.0980074 -0.135724 0 0 0 1 
-0.808101 -0.586953 -0.0495949 -0.387776 -0.0849983 0.0328795 0.995839 -0.602202 0.58288 -0.808953 0.0764599 -0.148345 0 0 0 1 
-0.77385 -0.632832 -0.0261032 -0.285725 -0.0547831 0.0258182 0.998164 -0.502128 0.630996 -0.773859 0.0546479 -0.160857 0 0 0 1 
-0.735735 -0.677249 -0.00529118 -0.187346 -0.026272 0.0207324 0.99944 -0.404502 0.67676 -0.735462 0.0330462 -0.172892 0 0 0 1 
-0.694658 -0.719231 0.012553 -0.0940735 -2.93556e-06 0.0174535 0.999848 -0.310495 0.719341 -0.694552 0.0121263 -0.184103 0 0 0 1 
-0.694658 -0.691475 0.198276 -0.13433 -3.17155e-06 0.275638 0.961262 -0.289578 0.719341 -0.667747 0.191476 -0.222978 0 0 0 1 
-0.821206 -0.522834 0.228616 -0.1664 -0.0227219 0.430279 0.90241 -0.609705 0.570179 -0.73587 0.365228 -0.0957899 0 0 0 1 
-0.91984 -0.322213 0.223771 -0.208512 -0.00943846 0.588428 0.808494 -0.969666 0.392181 -0.741573 0.544301 0.053999 0 0 0 1 
-0.975749 -0.138615 0.169409 -0.280711 0.0238901 0.701878 0.711896 -1.29536 0.217584 -0.69868 0.681546 0.182337 0 0 0 1 
-0.996377 -0.0208667 0.0824417 -0.389791 0.0388505 0.750665 0.659541 -1.49895 0.0756486 -0.660354 0.747134 0.243561 0 0 0 1 
-0.994974 -0.092319 -0.0387655 -0.582758 -0.0886307 0.631915 0.769954 -1.28345 0.046585 -0.76952 0.636921 0.074772 0 0 0 1 
-0.960486 -0.206651 -0.186447 -0.781043 -0.258168 0.411164 0.874239 -0.960952 0.104002 -0.887829 0.448268 -0.164941 0 0 0 1 
-0.960486 -0.206651 -0.186447 -0.781044 -0.258168 0.411164 0.874239 -0.960952 0.104002 -0.887829 0.448268 -0.164941 0 0 0 1 
-0.960486 -0.206651 -0.186447 -0.781043 -0.258168 0.411164 0.874239 -0.960952 0.104002 -0.887829 0.448268 -0.164941 0 0 0 1 
-0.954191 -0.270524 -0.127811 -0.690539 -0.228416 0.382739 0.895174 -0.869186 0.193248 -0.883362 0.426998 -0.175836 0 0 0 1 
-0.938122 -0.3397 -0.067317 -0.596594 -0.194493 0.355987 0.914028 -0.773574 0.286531 -0.870562 0.400028 -0.186463 0 0 0 1 
-0.911038 -0.412265 -0.00689407 -0.501053 -0.157285 0.33202 0.930067 -0.675717 0.381145 -0.84841 0.367326 -0.196406 0 0 0 1 
-0.872431 -0.486013 0.0515302 -0.405614 -0.117938 0.311675 0.942841 -0.57708 0.474294 -0.816487 0.329234 -0.20529 0 0 0 1 
-0.822613 -0.558604 0.106159 -0.311803 -0.0777494 0.295452 0.952188 -0.479012 0.563262 -0.775029 0.286474 -0.21281 0 0 0 1 
-0.762722 -0.627764 0.155458 -0.220979 -0.0380334 0.283501 0.958218 -0.382777 0.645607 -0.724941 0.240109 -0.218745 0 0 0 1 
-0.694658 -0.691475 0.198276 -0.13433 -3.17155e-06 0.275638 0.961262 -0.289578 0.719341 -0.667747 0.191476 -0.222978 0 0 0 1 
-0.694658 -0.710484 -0.112531 0.588737 -2.84429e-06 -0.156433 0.987689 -0.0378919 0.719341 -0.686105 -0.108666 0.475282 0 0 0 1 
-0.821206 -0.560861 0.105144 0.142852 -0.0227221 0.216253 0.976073 -0.623273 0.570178 -0.799168 0.190332 0.349075 0 0 0 1 
-0.91984 -0.320905 0.225641 -0.213726 -0.00943881 0.593122 0.805057 -0.965211 0.39218 -0.738394 0.548606 0.0418779 0 0 0 1 
-0.97575 -0.103743 0.192744 -0.35915 0.0238899 0.824819 0.564892 -1.04863 0.217582 -0.555798 0.802338 -0.196517 0 0 0 1 
-0.996378 0.00118259 0.0850316 -0.411625 0.0388504 0.895788 0.442781 -1.10904 0.0756468 -0.444481 0.892589 -0.244287 0 0 0 1 
-0.994975 -0.0897797 -0.0443298 -0.571894 -0.088631 0.583732 0.807095 -1.33343 0.0465841 -0.806968 0.588755 0.21174 0 0 0 1 
-0.960486 -0.0903502 -0.263256 -0.689727 -0.258167 -0.0642276 0.963963 -0.822446 0.104003 -0.993837 -0.0383642 1.02223 0 0 0 1 
-0.960486 -0.0903501 -0.263256 -0.689728 -0.258167 -0.0642276 0.963963 -0.822446 0.104002 -0.993837 -0.0383642 1.02223 0 0 0 1 
-0.960486 -0.0903501 -0.263256 -0.689728 -0.258167 -0.0642276 0.963963 -0.822446 0.104002 -0.993837 -0.0383642 1.02223 0 0 0 1 
-0.954192 -0.176835 -0.241346 -0.499076 -0.228416 -0.0904624 0.969352 -0.696779 0.193248 -0.980074 -0.0459265 0.973337 0 0 0 1 
-0.938122 -0.268601 -0.218588 -0.302695 -0.194493 -0.113603 0.974304 -0.572049 0.286531 -0.956529 -0.0543322 0.912582 0 0 0 1 
-0.911038 -0.362994 -0.195564 -0.10604 -0.157284 -0.132487 0.978626 -0.451121 0.381145 -0.922324 -0.0636075 0.84047 0 0 0 1 
-0.872431 -0.457142 -0.172872 0.0856805 -0.117938 -0.14634 0.982179 -0.336125 0.474294 -0.877272 -0.073757 0.758333 0 0 0 1 
-0.822613 -0.548156 -0.151107 0.267798 -0.0777491 -0.154819 0.984879 -0.228478 0.563262 -0.821922 -0.0847373 0.668253 0 0 0 1 
-0.762722 -0.633355 -0.130831 0.436444 -0.0380331 -0.15802 0.986703 -0.128964 0.645607 -0.757556 -0.096437 0.572891 0 0 0 1 
-0.694658 -0.710484 -0.112531 0.588737 -2.84429e-06 -0.156433 0.987689 -0.0378919 0.719341 -0.686105 -0.108666 0.475282 0 0 0 1 
-0.694659 -0.691474 0.198276 -0.13433 -2.11014e-06 0.275639 0.961262 -0.289578 0.71934 -0.667748 0.191476 -0.222979 0 0 0 1 
-0.697331 -0.669783 0.255186 -0.225543 -0.0723923 0.420028 0.90462 -0.585057 0.713084 -0.612346 0.341385 -0.167961 0 0 0 1 
-0.696901 -0.660131 0.280277 -0.305009 -0.191087 0.547603 0.814627 -0.874865 0.691241 -0.514157 0.507767 -0.110276 0 0 0 1 
-0.719726 -0.641681 0.265029 -0.406817 -0.292064 0.626169 0.722919 -1.12947 0.629835 -0.442898 0.638082 -0.0364279 0 0 0 1 
-0.781698 -0.578911 0.23197 -0.573019 -0.294427 0.670453 0.681033 -1.34162 0.549783 -0.464064 0.694539 0.0307697 0 0 0 1 
-0.937221 -0.258187 0.23443 -1.04634 0.0180273 0.635457 0.771926 -1.34204 0.348271 -0.727691 0.590909 -0.00906885 0 0 0 1 
-0.965827 0.174631 0.191525 -1.59228 0.256673 0.541752 0.80039 -1.13308 -0.0360141 -0.822198 0.568062 -0.333044 0 0 0 1 
-0.965827 0.174631 0.191525 -1.59228 0.256673 0.541752 0.80039 -1.13308 -0.0360142 -0.822198 0.568062 -0.333044 0 0 0 1 
-0.965827 0.174631 0.191525 -1.59228 0.256672 0.541752 0.80039 -1.13308 -0.0360142 -0.822198 0.568062 -0.333044 0 0 0 1 
-0.975047 0.0662557 0.211881 -1.40946 0.216495 0.494991 0.841495 -1.036 0.0491257 -0.866368 0.496984 -0.235169 0 0 0 1 
-0.972866 -0.0559031 0.224515 -1.20381 0.176589 0.447575 0.876638 -0.925294 0.149494 -0.892498 0.425559 -0.155701 0 0 0 1 
-0.955196 -0.187575 0.228947 -0.982036 0.138011 0.402018 0.905171 -0.804199 0.261828 -0.896213 0.358119 -0.102975 0 0 0 1 
-0.918938 -0.323179 0.226073 -0.753404 0.101276 0.360628 0.927195 -0.676519 0.381179 -0.87493 0.298664 -0.082875 0 0 0 1 
-0.862645 -0.456412 0.218019 -0.528782 0.066352 0.325195 0.943316 -0.546073 0.501439 -0.828213 0.250244 -0.0978135 0 0 0 1 
-0.786955 -0.580997 0.207712 -0.319206 0.0327959 0.296779 0.954383 -0.41622 0.616138 -0.757869 0.214497 -0.146259 0 0 0 1 
-0.694659 -0.691474 0.198276 -0.13433 -2.11014e-06 0.275639 0.961262 -0.289578 0.71934 -0.667748 0.191476 -0.222979 0 0 0 1 
-0.982893 -0.149942 -0.106949 0.575011 -0.0095778 -0.53829 0.842705 0.323583 0.183926 -0.829314 -0.527646 1.92209 0 0 0 1 
-0.961736 -0.083543 -0.26093 0.737091 -0.169029 -0.568602 0.80506 0.246885 0.215622 -0.81836 -0.532723 2.16563 0 0 0 1 
-0.899333 -0.0071919 -0.437204 0.815923 -0.345282 -0.601803 0.720148 0.136199 0.26829 -0.798612 -0.538738 2.38916 0 0 0 1 
-0.839742 0.0631183 -0.539305 0.669373 -0.466345 -0.592587 0.656782 -0.0893716 0.27813 -0.80303 -0.527055 2.55192 0 0 0 1 
-0.860078 0.103114 -0.499633 0.328971 -0.476683 -0.51137 0.715035 -0.457607 0.181767 -0.853153 -0.48897 2.69139 0 0 0 1 
-0.978829 0.193922 0.065482 -0.945953 0.0342533 -0.160215 0.986488 -1.28973 -0.201792 -0.967846 -0.15018 2.23608 0 0 0 1 
-0.632239 0.514093 0.57964 -2.96007 0.730058 0.144818 0.667865 -1.58975 -0.259402 -0.845421 0.466877 0.238114 0 0 0 1 
-0.632239 0.514093 0.57964 -2.96007 0.730058 0.144818 0.667865 -1.58975 -0.259402 -0.845421 0.466877 0.238114 0 0 0 1 
-0.632239 0.514093 0.57964 -2.96007 0.730058 0.144818 0.667865 -1.58975 -0.259402 -0.845421 0.466877 0.238114 0 0 0 1 
-0.719329 0.408815 0.561637 -2.5792 0.642038 0.0825522 0.762215 -1.47844 -0.26524 -0.908876 0.321857 0.623211 0 0 0 1 
-0.804198 0.296293 0.515245 -2.13085 0.540257 0.00302799 0.841495 -1.30572 -0.247769 -0.955093 0.16251 0.996801 0 0 0 1 
-0.880096 0.182664 0.438252 -1.62489 0.428516 -0.0919004 0.898849 -1.07007 -0.204462 -0.978871 -0.00260693 1.33321 0 0 0 1 
-0.940397 0.0749134 0.331726 -1.078 0.311915 -0.198682 0.929104 -0.776268 -0.13551 -0.977197 -0.163474 1.60855 0 0 0 1 
-0.979566 -0.0200297 0.200124 -0.512294 0.196272 -0.312436 0.929441 -0.43516 -0.0439093 -0.949728 -0.309983 1.80413 0 0 0 1 
-0.994055 -0.0962947 0.0508106 0.0470444 0.0874064 -0.427532 0.899765 -0.0623922 0.0649193 -0.898857 -0.433407 1.90913 0 0 0 1 
-0.982893 -0.149942 -0.106949 0.575011 -0.0095778 -0.53829 0.842705 0.323583 0.183926 -0.829314 -0.527646 1.92209 0 0 0 1 
-0.728555 -0.353443 -0.586759 -0.282198 0.503662 -0.856976 -0.109164 -1.47304 0.464255 0.37506 -0.80237 -0.0608655 0 0 0 1 
-0.807208 -0.207662 -0.552533 0.216624 0.322202 -0.939328 -0.11768 -1.42495 0.494572 0.273019 -0.825142 0.270236 0 0 0 1 
-0.837839 -0.0143185 -0.545729 0.578092 0.118892 -0.980447 -0.156806 -1.42296 0.532813 0.196261 -0.823159 0.620895 0 0 0 1 
-0.83647 0.115726 -0.535654 0.618219 -0.0729718 -0.992265 -0.100423 -1.35346 0.543132 0.0449136 -0.838445 0.88853 0 0 0 1 
-0.866011 0.102885 -0.489326 0.352581 -0.218591 -0.958037 0.185428 -1.15295 0.449715 -0.267545 -0.85216 1.20699 0 0 0 1 
-0.9958 0.0579275 0.0708941 -0.780066 0.0453182 -0.360947 0.931484 -1.18759 -0.0795475 -0.930785 -0.356806 1.72607 0 0 0 1 
-0.525173 0.733262 0.431881 -3.54243 0.772757 0.198353 0.602913 -1.79738 -0.356428 -0.650372 0.670802 0.479805 0 0 0 1 
-0.525173 0.733262 0.431881 -3.54243 0.772757 0.198353 0.602913 -1.79738 -0.356428 -0.650372 0.670802 0.479805 0 0 0 1 
-0.525173 0.733262 0.431881 -3.54243 0.772757 0.198353 0.602913 -1.79738 -0.356428 -0.650372 0.670802 0.479805 0 0 0 1 
-0.69695 0.477693 0.534855 -2.71769 0.651598 0.110378 0.750491 -1.53644 -0.299467 -0.871565 0.388192 0.731356 0 0 0 1 
-0.828016 0.169975 0.534321 -1.94494 0.531583 -0.0651437 0.844498 -1.22191 -0.178352 -0.983293 0.0364162 0.742971 0 0 0 1 
-0.899492 -0.134867 0.415603 -1.31751 0.436774 -0.303605 0.84679 -0.948867 -0.0119749 -0.943205 -0.331997 0.546625 0 0 0 1 
-0.907008 -0.373946 0.193652 -0.883774 0.38652 -0.556726 0.735295 -0.810915 0.167149 -0.741769 -0.649493 0.241441 0 0 0 1 
-0.863279 -0.497075 -0.0875534 -0.625184 0.388201 -0.764769 0.514226 -0.864926 0.322567 -0.409932 -0.853174 -0.036339 0 0 0 1 
-0.794001 -0.484508 -0.367172 -0.461425 0.434037 -0.874707 0.215639 -1.10725 0.425647 -0.0118517 -0.904812 -0.160924 0 0 0 1 
-0.728555 -0.353443 -0.586759 -0.282198 0.503662 -0.856976 -0.109164 -1.47304 0.464255 0.37506 -0.80237 -0.0608655 0 0 0 1 
-0.648352 -0.366767 -0.667175 -0.733258 0.569475 -0.815244 -0.105242 -1.73199 0.505311 0.448173 -0.737429 -0.123021 0 0 0 1 
-0.740541 -0.042907 -0.67064 -0.332205 0.255786 -0.940839 -0.222252 -1.37378 0.621428 0.336127 -0.707704 -0.011034 0 0 0 1 
-0.69018 0.349952 -0.633391 -0.304171 -0.0934321 -0.911057 -0.401554 -1.11985 0.71758 0.217966 -0.66149 0.223506 0 0 0 1 
-0.567669 0.608836 -0.554139 -0.644466 -0.395486 -0.792027 -0.465063 -0.920239 0.722041 0.0448472 -0.690396 0.496558 0 0 0 1 
-0.568921 0.651285 -0.502153 -1.02989 -0.62973 -0.737716 -0.243346 -0.516577 0.528933 -0.177777 -0.829835 0.911979 0 0 0 1 
-0.95265 0.300409 -0.0470242 -1.27322 -0.214388 -0.553933 0.804485 -0.367095 -0.215627 -0.776475 -0.592109 1.72282 0 0 0 1 
-0.610409 0.672709 0.418167 -3.22079 0.701625 0.214204 0.679588 -1.38883 -0.367592 -0.708223 0.602741 0.416549 0 0 0 1 
-0.610409 0.672709 0.418167 -3.22079 0.701625 0.214204 0.679588 -1.38883 -0.367592 -0.708223 0.602741 0.416549 0 0 0 1 
-0.610409 0.672709 0.418167 -3.22079 0.701625 0.214204 0.679588 -1.38883 -0.367592 -0.708223 0.602741 0.416549 0 0 0 1 
-0.772371 0.401255 0.492379 -2.48134 0.574454 0.110538 0.811039 -1.1293 -0.271007 -0.909272 0.315879 0.501674 0 0 0 1 
-0.881235 0.0862094 0.464751 -1.84113 0.459163 -0.0773161 0.884982 -0.865718 -0.112227 -0.993273 -0.0285494 0.373209 0 0 0 1 
-0.920775 -0.215571 0.32512 -1.37565 0.381281 -0.321169 0.866877 -0.693317 0.0824552 -0.92216 -0.377918 0.0930972 0 0 0 1 
-0.892314 -0.441971 0.0918603 -1.10487 0.358614 -0.570444 0.738911 -0.692719 0.274176 -0.692283 -0.667512 -0.218472 0 0 0 1 
-0.8158 -0.546247 -0.189959 -0.979355 0.393986 -0.765375 0.508897 -0.896714 0.423373 -0.340317 -0.839607 -0.420951 0 0 0 1 
-0.723446 -0.513753 -0.461176 -0.895219 0.473194 -0.855408 0.210632 -1.27299 0.502706 0.0658449 -0.861946 -0.403258 0 0 0 1 
-0.648352 -0.366767 -0.667175 -0.733258 0.569475 -0.815244 -0.105242 -1.73199 0.505311 0.448173 -0.737429 -0.123021 0 0 0 1 
-0.694659 -0.691474 0.198276 -0.134329 -2.16346e-06 0.275638 0.961262 -0.289578 0.71934 -0.667748 0.191476 -0.222978 0 0 0 1 
-0.821207 -0.522832 0.228616 -0.1664 -0.0227207 0.430279 0.90241 -0.609705 0.570178 -0.735871 0.365227 -0.09579 0 0 0 1 
-0.91984 -0.322212 0.223771 -0.208512 -0.00943695 0.588428 0.808494 -0.969667 0.39218 -0.741574 0.544301 0.0539984 0 0 0 1 
-0.975749 -0.138613 0.169409 -0.280711 0.0238918 0.701878 0.711896 -1.29536 0.217583 -0.69868 0.681545 0.182337 0 0 0 1 
-0.996378 -0.0208649 0.0824423 -0.389791 0.0388523 0.750665 0.65954 -1.49895 0.075648 -0.660354 0.747134 0.24356 0 0 0 1 
-0.994975 -0.0923173 -0.0387648 -0.582758 -0.0886291 0.631915 0.769954 -1.28346 0.0465841 -0.76952 0.636921 0.0747712 0 0 0 1 
-0.960487 -0.206649 -0.186446 -0.781043 -0.258167 0.411164 0.874239 -0.960953 0.104001 -0.887829 0.448268 -0.164942 0 0 0 1 
-0.960487 -0.206649 -0.186446 -0.781043 -0.258167 0.411164 0.874239 -0.960953 0.104001 -0.887829 0.448268 -0.164942 0 0 0 1 
-0.960487 -0.206649 -0.186446 -0.781043 -0.258167 0.411164 0.874239 -0.960953 0.104001 -0.887829 0.448268 -0.164942 0 0 0 1 
-0.954192 -0.270522 -0.12781 -0.690539 -0.228415 0.382739 0.895175 -0.869187 0.193247 -0.883362 0.426997 -0.175836 0 0 0 1 
-0.938123 -0.339698 -0.0673165 -0.596594 -0.194492 0.355987 0.914028 -0.773575 0.286529 -0.870563 0.400028 -0.186463 0 0 0 1 
-0.911039 -0.412263 -0.00689359 -0.501053 -0.157283 0.33202 0.930067 -0.675718 0.381144 -0.848411 0.367326 -0.196406 0 0 0 1 
-0.872432 -0.486011 0.0515303 -0.405613 -0.117937 0.311674 0.942841 -0.57708 0.474292 -0.816488 0.329234 -0.20529 0 0 0 1 
-0.822614 -0.558603 0.106159 -0.311803 -0.0777484 0.295452 0.952188 -0.479012 0.56326 -0.77503 0.286473 -0.21281 0 0 0 1 
-0.762723 -0.627763 0.155459 -0.220979 -0.0380323 0.283501 0.958218 -0.382776 0.645606 -0.724942 0.240108 -0.218745 0 0 0 1 
-0.694659 -0.691474 0.198276 -0.134329 -2.16346e-06 0.275638 0.961262 -0.289578 0.71934 -0.667748 0.191476 -0.222978 0 0 0 1 
-0.885961 -0.310718 -0.344279 0.145179 -0.203642 -0.406313 0.890752 -0.204202 0.416658 -0.859281 -0.296702 0.0643368 0 0 0 1 
-0.852714 -0.322725 -0.410765 0.642577 -0.163263 -0.582299 0.796413 -0.186839 0.49621 -0.746175 -0.443846 1.00065 0 0 0 1 
-0.826572 -0.32421 -0.460072 0.997931 -0.0870485 -0.73395 0.673602 -0.230255 0.556059 -0.59683 -0.578441 1.9786 0 0 0 1 
-0.783297 -0.300156 -0.544383 1.23294 -0.0361853 -0.85221 0.521947 -0.322203 0.620594 -0.428538 -0.656672 2.80386 0 0 0 1 
-0.686715 -0.216231 -0.694023 1.44912 -0.0520857 -0.937645 0.343672 -0.322512 0.725059 -0.272153 -0.632631 3.31549 0 0 0 1 
-0.276535 0.0259883 -0.960652 2.05902 -0.233145 -0.971585 0.0408294 0.378255 0.932294 -0.235262 -0.274736 2.79238 0 0 0 1 
0.303743 0.205854 -0.93025 2.43251 -0.256273 -0.922743 -0.287871 1.48492 0.917641 -0.325836 0.227522 1.36089 0 0 0 1 
0.303743 0.205855 -0.93025 2.43251 -0.256273 -0.922743 -0.287871 1.48492 0.917641 -0.325836 0.227522 1.36089 0 0 0 1 
0.303743 0.205855 -0.93025 2.43251 -0.256273 -0.922743 -0.287871 1.48491 0.917641 -0.325836 0.227522 1.36089 0 0 0 1 
0.143656 0.0911608 -0.98542 2.419 -0.368069 -0.919394 -0.13871 1.10893 0.918634 -0.382629 0.0985225 1.38411 0 0 0 1 
-0.0416684 -0.0230867 -0.998865 2.28196 -0.452303 -0.890992 0.0394614 0.720255 0.890891 -0.453434 -0.026684 1.34508 0 0 0 1 
-0.241116 -0.128057 -0.962011 2.01805 -0.496942 -0.835155 0.235722 0.355545 0.833614 -0.5349 -0.137732 1.23073 0 0 0 1 
-0.440158 -0.215033 -0.871792 1.64017 -0.493838 -0.752903 0.435041 0.0532711 0.749923 -0.622011 -0.225205 1.03611 0 0 0 1 
-0.623002 -0.27683 -0.731596 1.17598 -0.440454 -0.648767 0.620565 -0.153095 0.646427 -0.708848 -0.282253 0.76603 0 0 0 1 
-0.775177 -0.30903 -0.551001 0.663586 -0.340559 -0.530193 0.776476 -0.241269 0.532091 -0.789554 -0.30575 0.43486 0 0 0 1 
-0.885961 -0.310718 -0.344279 0.145179 -0.203642 -0.406313 0.890752 -0.204202 0.416658 -0.859281 -0.296702 0.0643368 0 0 0 1 
-0.707274 0.691763 0.145698 0.12286 -0.702331 -0.711073 -0.0332632 -1.95345 -0.080592 0.125855 -0.98877 -2.61652 0 0 0 1 
-0.6844 0.725804 0.0693099 0.545805 -0.722904 -0.663131 -0.194084 -2.33967 0.0949052 0.182935 -0.978533 -1.26035 0 0 0 1 
-0.668526 0.743668 0.00553678 0.846525 -0.693825 -0.621004 -0.364639 -2.71016 0.267732 0.247612 -0.931132 0.225595 0 0 0 1 
-0.614166 0.787189 -0.0559782 1.1112 -0.659445 -0.550876 -0.511535 -3.00414 0.433512 0.277253 -0.857437 1.55169 0 0 0 1 
-0.464715 0.878333 -0.11212 1.53105 -0.657253 -0.427019 -0.621027 -3.08503 0.593346 0.214909 -0.775729 2.44106 0 0 0 1 
0.0618419 0.977597 -0.201194 2.70472 -0.732751 -0.0923991 -0.674194 -2.23493 0.67768 -0.189119 -0.710622 1.75268 0 0 0 1 
0.611594 0.732222 -0.299673 3.26658 -0.632946 0.225568 -0.740607 -0.838024 0.474692 -0.642627 -0.601414 -0.159347 0 0 0 1 
0.611594 0.732222 -0.299673 3.26658 -0.632946 0.225568 -0.740607 -0.838023 0.474692 -0.642627 -0.601413 -0.159347 0 0 0 1 
0.611594 0.732222 -0.299673 3.26658 -0.632946 0.225568 -0.740607 -0.838025 0.474692 -0.642627 -0.601413 -0.159347 0 0 0 1 
0.447203 0.833728 -0.323893 3.07897 -0.759785 0.163025 -0.629404 -1.22557 0.471949 -0.527561 -0.706359 -0.27577 0 0 0 1 
0.254139 0.914006 -0.316238 2.76999 -0.86132 0.065156 -0.503868 -1.59086 0.439934 -0.400434 -0.80381 -0.475509 0 0 0 1 
0.0424808 0.960884 -0.273672 2.34749 -0.925055 -0.0656557 -0.374115 -1.89541 0.377449 -0.269054 -0.886082 -0.765096 0 0 0 1 
-0.174144 0.964612 -0.197986 1.83422 -0.941948 -0.221791 -0.252076 -2.10348 0.287067 -0.142595 -0.947238 -1.14135 0 0 0 1 
-0.380482 0.919819 -0.0957425 1.26482 -0.908119 -0.391184 -0.149313 -2.18837 0.174794 -0.0301346 -0.984144 -1.59093 0 0 0 1 
-0.562019 0.826809 0.022821 0.680583 -0.825667 -0.559178 -0.0747982 -2.13724 0.0490829 0.0608807 -0.996938 -2.09184 0 0 0 1 
-0.707274 0.691763 0.145698 0.12286 -0.702331 -0.711073 -0.0332632 -1.95345 -0.080592 0.125855 -0.98877 -2.61652 0 0 0 1 
-0.642196 0.726917 0.243263 0.540248 -0.750171 -0.661229 -0.00451475 -2.1005 -0.15757 0.185388 -0.96995 -2.89677 0 0 0 1 
-0.701891 0.699811 0.132712 0.612367 -0.711576 -0.680609 -0.174443 -2.25177 0.031752 0.216874 -0.975683 -1.50795 0 0 0 1 
-0.759716 0.649612 0.0288939 0.587463 -0.616157 -0.704968 -0.351239 -2.3551 0.2078 0.284646 -0.93584 -0.0256481 0 0 0 1 
-0.778632 0.624129 -0.0647766 0.543622 -0.511848 -0.691466 -0.509791 -2.38298 0.362966 0.363784 -0.857856 1.24727 0 0 0 1 
-0.72666 0.675329 -0.126083 0.602756 -0.455299 -0.61084 -0.647748 -2.29453 0.514459 0.413287 -0.751349 2.10446 0 0 0 1 
-0.388708 0.918135 -0.0770289 1.26699 -0.580459 -0.308955 -0.753402 -1.71832 0.715523 0.248141 -0.653033 1.8175 0 0 0 1 
0.0891638 0.995973 0.00937794 1.77227 -0.638983 0.0644219 -0.766519 -0.841024 0.764036 -0.0623533 -0.642154 0.605159 0 0 0 1 
0.0891635 0.995973 0.00937816 1.77227 -0.638983 0.064422 -0.766519 -0.841023 0.764036 -0.0623531 -0.642154 0.605159 0 0 0 1 
0.0891638 0.995973 0.00937805 1.77227 -0.638983 0.064422 -0.766519 -0.841024 0.764036 -0.0623534 -0.642154 0.605158 0 0 0 1 
-0.0205354 0.998395 -0.0527856 1.76117 -0.734451 -0.0508866 -0.67675 -1.12845 0.67835 -0.0248711 -0.734317 0.233468 0 0 0 1 
-0.142653 0.986049 -0.0857799 1.68211 -0.810106 -0.166112 -0.562259 -1.4097 0.568664 0.0107173 -0.822501 -0.202354 0 0 0 1 
-0.268994 0.95956 -0.0829845 1.53718 -0.857924 -0.277875 -0.432147 -1.66166 0.437731 0.0450506 -0.897977 -0.695563 0 0 0 1 
-0.389908 0.919861 -0.042739 1.33612 -0.87354 -0.384161 -0.298912 -1.86495 0.291377 0.0792142 -0.953323 -1.23227 0 0 0 1 
-0.496262 0.867613 0.0311655 1.09318 -0.857193 -0.483979 -0.176023 -2.00727 0.137636 0.114068 -0.983892 -1.79286 0 0 0 1 
-0.581365 0.803147 0.130269 0.82348 -0.813511 -0.576661 -0.0752519 -2.08468 -0.014683 0.149724 -0.988619 -2.35493 0 0 0 1 
-0.642196 0.726917 0.243263 0.540248 -0.750171 -0.661229 -0.00451475 -2.1005 -0.15757 0.185388 -0.96995 -2.89677 0 0 0 1 
-0.992879 -0.118965 0.00627682 -0.281546 -0.0160252 0.185584 0.982498 -0.272449 0.118048 -0.9754 0.186169 -0.382345 0 0 0 1 
-0.977161 -0.183971 0.106353 -0.140814 -0.00497628 0.520157 0.854056 -0.404822 0.212442 -0.834021 0.509193 -0.784443 0 0 0 1 
-0.95213 -0.192527 0.237449 -0.351785 -0.0222805 0.818394 0.574225 -0.292856 0.304881 -0.541447 0.783507 -0.958132 0 0 0 1 
-0.924147 -0.187743 0.332724 -0.80586 -0.0849871 0.950125 0.300066 -0.178604 0.372465 -0.249028 0.894011 -0.757141 0 0 0 1 
-0.894719 -0.261012 0.362424 -1.22591 -0.174006 0.951057 0.255367 -0.468584 0.411339 -0.165418 0.896346 -0.464729 0 0 0 1 
-0.83713 -0.546999 -0.00243198 -0.385433 -0.276315 0.419029 0.864907 -1.42159 0.472084 -0.724712 0.501926 0.466495 0 0 0 1 
-0.780115 -0.305602 -0.545919 0.497506 -0.28888 -0.598045 0.74759 0.359817 0.554949 -0.740912 -0.378262 2.07065 0 0 0 1 
-0.780115 -0.305602 -0.545919 0.497506 -0.28888 -0.598045 0.74759 0.359817 0.554949 -0.740912 -0.378262 2.07065 0 0 0 1 
-0.780115 -0.305602 -0.545919 0.497506 -0.28888 -0.598045 0.74759 0.359817 0.554949 -0.740912 -0.378262 2.07065 0 0 0 1 
-0.821383 -0.312098 -0.477415 0.459473 -0.283188 -0.503419 0.816317 0.165635 0.49511 -0.805707 -0.325117 1.85924 0 0 0 1 
-0.862236 -0.308825 -0.401468 0.392042 -0.266655 -0.397118 0.878176 -0.0124567 0.430633 -0.864248 -0.26006 1.59221 0 0 0 1 
-0.900572 -0.294135 -0.320085 0.29568 -0.238195 -0.282053 0.92936 -0.161168 0.363638 -0.913198 -0.183947 1.27125 0 0 0 1 
-0.93435 -0.267205 -0.23578 0.173669 -0.197648 -0.161973 0.966799 -0.268623 0.296524 -0.94993 -0.0985263 0.902229 0 0 0 1 
-0.961782 -0.228161 -0.151389 0.0317092 -0.145827 -0.041143 0.988454 -0.325711 0.231755 -0.972754 -0.00629849 0.49482 0 0 0 1 
-0.981535 -0.178091 -0.0698075 -0.122778 -0.0844604 0.0760606 0.99352 -0.327199 0.171627 -0.98107 0.0896978 0.0617435 0 0 0 1 
-0.992879 -0.118965 0.00627682 -0.281546 -0.0160252 0.185584 0.982498 -0.272449 0.118048 -0.9754 0.186169 -0.382345 0 0 0 1 
-0.766091 -0.642447 0.0191443 -0.0560565 0.252449 -0.273375 0.928189 -0.811111 0.591079 -0.71591 -0.371615 -0.859643 0 0 0 1 
-0.773004 -0.62923 -0.0808368 -0.387092 0.203221 -0.366309 0.90803 -1.10619 0.600971 -0.685483 -0.411031 -1.01795 0 0 0 1 
-0.767397 -0.616459 -0.176295 -0.725046 0.164528 -0.455078 0.87512 -1.45994 0.619704 -0.642559 -0.45065 -1.18583 0 0 0 1 
-0.775528 -0.586175 -0.234425 -0.964887 0.105064 -0.485987 0.867628 -1.68511 0.622509 -0.64824 -0.438483 -1.24424 0 0 0 1 
-0.825281 -0.520411 -0.219282 -0.988547 -0.00154796 -0.386213 0.922408 -1.61016 0.564721 -0.761585 -0.317929 -1.03805 0 0 0 1 
-0.919878 -0.2397 -0.310433 -1.10534 0.0144971 -0.811746 0.583831 -2.1627 0.391937 -0.532553 -0.750182 -1.86014 0 0 0 1 
-0.979707 0.103964 -0.171363 -0.739876 -0.105769 -0.99439 0.00141234 -2.92059 0.170255 -0.0195086 -0.985207 -2.23582 0 0 0 1 
-0.979707 0.103964 -0.171363 -0.739876 -0.105769 -0.99439 0.00141235 -2.92059 0.170255 -0.0195086 -0.985207 -2.23582 0 0 0 1 
-0.979707 0.103964 -0.171363 -0.739875 -0.105769 -0.99439 0.00141239 -2.92059 0.170255 -0.0195086 -0.985207 -2.23582 0 0 0 1 
-0.978845 -0.00702517 -0.204483 -0.754951 -0.0248393 -0.987938 0.152845 -2.62147 0.20309 -0.154691 -0.966864 -2.14023 0 0 0 1 
-0.967173 -0.12731 -0.219928 -0.737849 0.0536863 -0.948288 0.312839 -2.29855 0.248382 -0.290762 -0.923993 -2.0084 0 0 0 1 
-0.944075 -0.250764 -0.214101 -0.682093 0.124572 -0.872454 0.472552 -1.96469 0.305292 -0.419454 -0.854901 -1.83853 0 0 0 1 
-0.910177 -0.370391 -0.185443 -0.58413 0.18294 -0.761107 0.622294 -1.63471 0.371634 -0.532472 -0.760501 -1.63214 0 0 0 1 
-0.867289 -0.479232 -0.134711 -0.444004 0.224929 -0.618666 0.752768 -1.32381 0.444092 -0.622567 -0.644355 -1.39428 0 0 0 1 
-0.818163 -0.571311 -0.0649092 -0.26555 0.248241 -0.452796 0.85636 -1.04574 0.518638 -0.684529 -0.512284 -1.13322 0 0 0 1 
-0.766091 -0.642447 0.0191441 -0.0560567 0.252449 -0.273375 0.928189 -0.811111 0.591079 -0.71591 -0.371615 -0.859644 0 0 0 1 
-0.75176 -0.585698 0.30301 1.22894 0.315494 0.0840509 0.945198 -0.897488 0.579069 -0.806159 -0.121598 0.33684 0 0 0 1 
-0.732679 -0.451302 0.50942 2.25721 0.338305 0.407975 0.848001 -1.74077 0.590535 -0.793652 0.146237 1.606 0 0 0 1 
-0.692097 -0.262046 0.672557 3.03228 0.360543 0.681701 0.636626 -3.08613 0.625308 -0.683093 0.377324 2.65731 0 0 0 1 
-0.674195 -0.0938854 0.732562 3.27448 0.332291 0.847263 0.414401 -4.39383 0.659579 -0.52281 0.540023 3.21763 0 0 0 1 
-0.738506 -0.103873 0.666198 2.90929 0.215964 0.899564 0.379663 -4.71046 0.638725 -0.424258 0.6419 3.23976 0 0 0 1 
-0.925539 -0.317184 0.206813 1.31959 0.181872 0.106672 0.977519 -0.768058 0.332115 -0.942346 0.0410422 1.98365 0 0 0 1 
-0.990284 0.0404013 -0.133064 -0.53364 -0.0877075 -0.924007 0.372182 -1.24047 0.107915 -0.380237 -0.918572 -1.76157 0 0 0 1 
-0.990284 0.0404014 -0.133064 -0.53364 -0.0877075 -0.924006 0.372182 -1.24047 0.107915 -0.380237 -0.918572 -1.76157 0 0 0 1 
-0.990284 0.0404015 -0.133064 -0.533639 -0.0877074 -0.924006 0.372182 -1.24047 0.107915 -0.380237 -0.918572 -1.76157 0 0 0 1 
-0.989538 -0.0750073 -0.123243 -0.34833 0.00251073 -0.863054 0.505105 -1.052 0.144252 -0.499511 -0.854213 -1.46077 0 0 0 1 
-0.976722 -0.19266 -0.0943194 -0.127502 0.0902795 -0.768061 0.633982 -0.898351 0.194586 -0.610709 -0.767575 -1.13825 0 0 0 1 
-0.951103 -0.305544 -0.0452355 0.123183 0.169762 -0.639452 0.749855 -0.791343 0.25804 -0.70551 -0.660054 -0.806528 0 0 0 1 
-0.91333 -0.406574 0.0229368 0.395078 0.235488 -0.481372 0.844291 -0.738384 0.332226 -0.776517 -0.535395 -0.479752 0 0 0 1 
-0.865384 -0.489539 0.107064 0.677517 0.283098 -0.301311 0.910531 -0.741544 0.413481 -0.818268 -0.399338 -0.172224 0 0 0 1 
-0.810306 -0.549962 0.202351 0.959079 0.309953 -0.109178 0.944463 -0.797357 0.497326 -0.828023 -0.25893 0.103245 0 0 0 1 
-0.75176 -0.585698 0.30301 1.22894 0.315494 0.0840513 0.945198 -0.897489 0.579069 -0.80616 -0.121598 0.336842 0 0 0 1 
-0.906269 -0.422515 0.0125557 -0.4211 0.00625506 0.0162953 0.999848 -0.0484037 0.422656 -0.906209 0.0121251 1.45878 0 0 0 1 
-0.912575 -0.408909 0.00023376 -0.622762 -0.00435979 0.0103018 0.999938 -0.0382943 0.408886 -0.912517 0.0111838 1.12705 0 0 0 1 
-0.921645 -0.387422 0.0217891 -0.537567 -0.00700884 0.0727644 0.997325 0.0678267 0.387971 -0.919027 0.0697782 1.27633 0 0 0 1 
-0.937193 -0.345914 0.04487 -0.392565 0.00293152 0.120821 0.99267 0.111374 0.348799 -0.930455 0.112219 1.31647 0 0 0 1 
-0.956252 -0.292275 0.0125556 -0.657065 0.00846254 0.0152643 0.999848 -0.0354919 0.292423 -0.956212 0.0121232 0.229255 0 0 0 1 
-0.986637 -0.131725 -0.0958951 -0.561925 -0.0184667 -0.494355 0.869064 -0.75577 0.161884 -0.859222 -0.485316 -1.04182 0 0 0 1 
-0.988733 0.120447 -0.0888845 -0.314326 -0.147015 -0.893131 0.425093 -0.844231 0.0281845 -0.433371 -0.900775 -1.49774 0 0 0 1 
-0.988733 0.120447 -0.0888844 -0.314325 -0.147015 -0.893131 0.425093 -0.84423 0.0281844 -0.433371 -0.900775 -1.49774 0 0 0 1 
-0.988733 0.120447 -0.0888843 -0.314326 -0.147015 -0.893131 0.425093 -0.844232 0.0281843 -0.433371 -0.900775 -1.49774 0 0 0 1 
-0.992579 0.0398294 -0.114891 -0.363697 -0.0969104 -0.829808 0.54957 -0.647977 0.0734485 -0.556626 -0.82751 -1.15337 0 0 0 1 
-0.990589 -0.0467451 -0.128641 -0.407805 -0.0523186 -0.73918 0.671473 -0.468649 0.126477 -0.671884 -0.729778 -0.764291 0 0 0 1 
-0.982525 -0.135177 -0.12795 -0.442813 -0.0164211 -0.621793 0.78301 -0.314883 0.185403 -0.771428 -0.608707 -0.339484 0 0 0 1 
-0.968827 -0.220946 -0.112056 -0.464832 0.00828085 -0.480946 0.876711 -0.193208 0.247599 -0.848454 -0.467783 0.109215 0 0 0 1 
-0.950534 -0.299678 -0.0817184 -0.470247 0.0202912 -0.322426 0.946377 -0.107695 0.309956 -0.897906 -0.312558 0.568071 0 0 0 1 
-0.92912 -0.367704 -0.0391026 -0.456203 0.0193097 -0.153848 0.987906 -0.0597878 0.369273 -0.917128 -0.150044 1.0226 0 0 0 1 
-0.906269 -0.422515 0.0125556 -0.4211 0.00625508 0.0162954 0.999848 -0.0484033 0.422656 -0.906209 0.0121252 1.45878 0 0 0 1 
-0.906268 -0.419815 0.0493311 -0.127867 0.00625339 0.103375 0.994623 0.075407 0.422658 -0.901703 0.0910605 2.08572 0 0 0 1 
-0.906268 -0.419815 0.0493312 -0.268346 0.00625439 0.103374 0.994623 0.0799718 0.422657 -0.901704 0.0910586 1.7523 0 0 0 1 
-0.906268 -0.419815 0.049331 -0.406502 0.00625412 0.103374 0.994623 0.0843539 0.422658 -0.901704 0.0910588 1.42296 0 0 0 1 
-0.906268 -0.419815 0.049331 -0.544553 0.00625401 0.103374 0.994623 0.0886007 0.422657 -0.901703 0.0910589 1.09252 0 0 0 1 
-0.906268 -0.419815 0.0493311 -0.686409 0.0062541 0.103374 0.994623 0.0936316 0.422658 -0.901703 0.0910588 0.752306 0 0 0 1 
-0.975044 -0.207826 -0.0780805 -0.583991 0.0160622 -0.416814 0.90885 -0.349995 0.221428 -0.884915 -0.40975 -0.589157 0 0 0 1 
-0.988733 0.112239 -0.0990451 -0.409446 -0.147014 -0.852683 0.501316 -0.17054 0.0281867 -0.510229 -0.859577 -1.32038 0 0 0 1 
-0.988733 0.112239 -0.0990451 -0.409445 -0.147014 -0.852683 0.501316 -0.17054 0.0281866 -0.510229 -0.859577 -1.32038 0 0 0 1 
-0.988733 0.11224 -0.099045 -0.409446 -0.147014 -0.852684 0.501316 -0.170542 0.0281865 -0.510229 -0.859577 -1.32038 0 0 0 1 
-0.992579 0.0296623 -0.117926 -0.406703 -0.0969096 -0.778753 0.6198 -0.00116593 0.0734509 -0.626629 -0.775849 -0.881071 0 0 0 1 
-0.990589 -0.0577811 -0.124079 -0.392931 -0.0523181 -0.677845 0.733341 0.132093 0.126479 -0.732931 -0.668443 -0.399257 0 0 0 1 
-0.982525 -0.145816 -0.115683 -0.366827 -0.016421 -0.551183 0.834222 0.219926 0.185406 -0.821544 -0.539157 0.11059 0 0 0 1 
-0.968827 -0.229874 -0.0923739 -0.327517 0.0082805 -0.402706 0.915292 0.257072 0.247601 -0.885995 -0.392056 0.631473 0 0 0 1 
-0.950533 -0.305662 -0.0552902 -0.274508 0.0202905 -0.238718 0.970877 0.242615 0.309959 -0.921729 -0.233111 1.14542 0 0 0 1 
-0.929119 -0.369715 -0.00690766 -0.207769 0.0193085 -0.0671617 0.997555 0.17981 0.369275 -0.926715 -0.0695399 1.63516 0 0 0 1 
-0.906268 -0.419815 0.0493311 -0.127867 0.00625355 0.103375 0.994623 0.0754067 0.422658 -0.901703 0.0910605 2.08572 0 0 0 1 
-0.519604 -0.797625 -0.306277 -0.134943 -0.23732 -0.209628 0.948544 -0.760066 0.820787 -0.565553 0.0803687 0.449332 0 0 0 1 
-0.525212 -0.740289 -0.419672 -0.424749 -0.187894 -0.380113 0.905654 -1.09682 0.829968 -0.554515 -0.0605441 0.257578 0 0 0 1 
-0.531717 -0.672518 -0.514778 -0.691568 -0.144144 -0.527093 0.837494 -1.51978 0.834566 -0.519512 -0.183324 0.0902301 0 0 0 1 
-0.547292 -0.618722 -0.563608 -0.871328 -0.0872039 -0.627593 0.773643 -1.86893 0.832386 -0.472558 -0.289522 -0.0407248 0 0 0 1 
-0.577985 -0.616602 -0.534542 -0.89434 -0.00323442 -0.653302 0.75709 -1.95984 0.816041 -0.439316 -0.375604 -0.118876 0 0 0 1 
-0.648626 -0.495669 -0.577579 -1.03471 -0.0652166 -0.71988 0.691028 -1.89876 0.758308 -0.485887 -0.434607 -0.0773329 0 0 0 1 
-0.698293 -0.364641 -0.615974 -1.15739 -0.173 -0.749044 0.639535 -1.65544 0.694592 -0.553146 -0.459969 0.0281309 0 0 0 1 
-0.698294 -0.364641 -0.615973 -1.15739 -0.173 -0.749044 0.639535 -1.65544 0.694592 -0.553146 -0.459969 0.0281309 0 0 0 1 
-0.698294 -0.364641 -0.615973 -1.15739 -0.173 -0.749044 0.639535 -1.65544 0.694592 -0.553146 -0.459969 0.0281308 0 0 0 1 
-0.677459 -0.434909 -0.593214 -1.03034 -0.168892 -0.69296 0.700915 -1.4957 0.715908 -0.575031 -0.396 0.0748089 0 0 0 1 
-0.653932 -0.505811 -0.562609 -0.891753 -0.16868 -0.627451 0.760166 -1.33958 0.73751 -0.591998 -0.32499 0.128328 0 0 0 1 
-0.628258 -0.575034 -0.52405 -0.744382 -0.173014 -0.553451 0.814714 -1.19225 0.758524 -0.602518 -0.248221 0.187651 0 0 0 1 
-0.60115 -0.640441 -0.477968 -0.591451 -0.182234 -0.472485 0.862293 -1.05803 0.778081 -0.605469 -0.167324 0.251305 0 0 0 1 
-0.573433 -0.700201 -0.425316 -0.436493 -0.196325 -0.386576 0.901119 -0.940119 0.795381 -0.600231 -0.0842084 0.317479 0 0 0 1 
-0.545972 -0.7529 -0.3675 -0.283146 -0.21492 -0.298105 0.930023 -0.840542 0.809768 -0.58675 -0.000944141 0.384167 0 0 0 1 
-0.519604 -0.797625 -0.306277 -0.134942 -0.23732 -0.209628 0.948544 -0.760066 0.820787 -0.565553 0.0803687 0.449332 0 0 0 1 
-0.514047 -0.857585 0.0174428 1.388 -0.309769 0.204566 0.928545 -1.04358 0.799874 -0.471913 0.37081 1.74767 0 0 0 1 
-0.520311 -0.824402 0.222796 2.58164 -0.329985 0.434719 0.837932 -1.78565 0.787646 -0.362466 0.498229 2.74994 0 0 0 1 
-0.530382 -0.758317 0.379013 3.47647 -0.340372 0.599939 0.72403 -2.56396 0.776429 -0.255007 0.576307 3.47693 0 0 0 1 
-0.552779 -0.679057 0.483028 3.99096 -0.319611 0.708073 0.629668 -3.15031 0.7696 -0.193686 0.608442 3.9783 0 0 0 1 
-0.595989 -0.606881 0.525825 3.99904 -0.249448 0.76236 0.597146 -3.35191 0.763265 -0.224726 0.605743 4.31497 0 0 0 1 
-0.608954 -0.783095 0.12624 2.34888 -0.255404 0.344253 0.90347 -1.40854 0.750962 -0.517929 0.409641 3.83706 0 0 0 1 
-0.652233 -0.646063 -0.396478 -0.013665 -0.255208 -0.30535 0.917404 -0.576706 0.713765 -0.699546 -0.0342785 2.06197 0 0 0 1 
-0.652233 -0.646063 -0.396478 -0.0136647 -0.255208 -0.30535 0.917404 -0.576705 0.713765 -0.699546 -0.0342785 2.06197 0 0 0 1 
-0.652233 -0.646063 -0.396478 -0.0136645 -0.255208 -0.30535 0.917404 -0.576705 0.713765 -0.699546 -0.0342785 2.06197 0 0 0 1 
-0.636714 -0.688365 -0.347488 0.221635 -0.252083 -0.240062 0.937456 -0.612102 0.728731 -0.684488 0.0206742 2.04995 0 0 0 1 
-0.61893 -0.728635 -0.293286 0.455086 -0.252108 -0.169351 0.952766 -0.661353 0.743886 -0.663635 0.078879 2.02687 0 0 0 1 
-0.599275 -0.765341 -0.234784 0.679563 -0.255844 -0.0948018 0.962059 -0.723313 0.75856 -0.636605 0.138995 1.99194 0 0 0 1 
-0.57829 -0.797252 -0.173117 0.889028 -0.263599 -0.0182227 0.96446 -0.795739 0.772073 -0.603371 0.199617 1.94525 0 0 0 1 
-0.556626 -0.823504 -0.109583 1.07879 -0.275397 0.0584618 0.959551 -0.875588 0.783788 -0.56429 0.259332 1.88772 0 0 0 1 
-0.534982 -0.843633 -0.0455849 1.24566 -0.290971 0.133325 0.947397 -0.959381 0.793178 -0.520104 0.316799 1.82108 0 0 0 1 
-0.514047 -0.857585 0.0174424 1.388 -0.309769 0.204565 0.928545 -1.04357 0.799874 -0.471913 0.370809 1.74767 0 0 0 1 
-0.707106 -0.706997 0.0125553 0.970232 0.000304904 0.0174508 0.999848 -0.0168228 0.707108 -0.707002 0.0121241 -0.451069 0 0 0 1 
-0.713138 -0.700857 0.0152552 0.936162 0.00706334 0.0145764 0.999869 -0.0163531 0.700988 -0.713153 0.00544457 -0.191461 0 0 0 1 
