a
25
2
0
1
0
-0.822128 -0.10332 -0.559849 -0.938634 0.185805 -0.97824 -0.0923176 -4.715 0.538128 0.179919 -0.823436 -1.19502 0 0 0 1 
-0.822128 -0.10332 -0.559849 -0.938634 0.185805 -0.97824 -0.0923176 -4.715 0.538128 0.179919 -0.823436 -1.19502 0 0 0 1 
-0.824918 0.447569 -0.345242 -0.52328 -0.26302 -0.844556 -0.466418 -5.43904 0.50033 0.293951 -0.814409 -1.17755 0 0 0 1 
-0.824918 0.447569 -0.345242 -0.52328 -0.26302 -0.844556 -0.466418 -5.43904 0.50033 0.293951 -0.814409 -1.17755 0 0 0 1 
-0.886531 0.292311 -0.358633 -0.656947 -0.209964 -0.944905 -0.251137 -4.9209 0.412284 0.147341 -0.899062 -1.29537 0 0 0 1 
-0.886531 0.292311 -0.358633 -0.656947 -0.209964 -0.944905 -0.251137 -4.9209 0.412284 0.147341 -0.899062 -1.29537 0 0 0 1 
-0.894178 0.263142 -0.36222 -0.657531 -0.147213 -0.936865 -0.317194 -4.90573 0.422818 0.230304 -0.876462 -1.29649 0 0 0 1 
-0.894178 0.263142 -0.36222 -0.657531 -0.147213 -0.936865 -0.317194 -4.90573 0.422818 0.230304 -0.876462 -1.29649 0 0 0 1 
-0.903434 0.195388 -0.381616 -0.564339 -0.18421 -0.980668 -0.0660064 -5.44737 0.387136 -0.0106653 -0.921961 -1.01864 0 0 0 1 
-0.903434 0.195388 -0.381616 -0.564339 -0.18421 -0.980668 -0.0660064 -5.44737 0.387136 -0.0106653 -0.921961 -1.01864 0 0 0 1 
-0.970419 -0.146635 -0.191797 -0.783339 0.203879 -0.923226 -0.32571 -5.07223 0.129312 0.355178 -0.925812 -1.10304 0 0 0 1 
-0.970419 -0.146635 -0.191797 -0.783339 0.203879 -0.923226 -0.32571 -5.07223 0.129312 0.355178 -0.925812 -1.10304 0 0 0 1 
-0.902032 -0.3299 -0.278395 -0.682745 0.178505 -0.872274 0.455273 -6.23522 0.393031 -0.360976 -0.845708 -1.33752 0 0 0 1 
-0.902032 -0.3299 -0.278395 -0.682745 0.178505 -0.872274 0.455273 -6.23522 0.393031 -0.360976 -0.845708 -1.33752 0 0 0 1 
-0.809863 -0.378866 -0.447865 -1.0114 0.364711 -0.923167 0.121443 -6.93408 0.459465 0.0649893 -0.885815 -1.90958 0 0 0 1 
-0.809863 -0.378866 -0.447865 -1.0114 0.364711 -0.923167 0.121443 -6.93408 0.459465 0.0649893 -0.885815 -1.90958 0 0 0 1 
-0.729396 -0.392666 -0.560174 -1.52431 0.236301 -0.913073 0.332354 -6.04974 0.641984 -0.110048 -0.758779 -2.28005 0 0 0 1 
-0.729396 -0.392666 -0.560174 -1.52431 0.236301 -0.913073 0.332354 -6.04974 0.641984 -0.110048 -0.758779 -2.28005 0 0 0 1 
-0.619767 0.51933 -0.588375 -0.200901 -0.340152 -0.853407 -0.39496 -4.89201 0.707238 0.0446459 -0.705564 -1.39625 0 0 0 1 
-0.619767 0.51933 -0.588375 -0.200901 -0.340152 -0.853407 -0.39496 -4.89201 0.707238 0.0446459 -0.705564 -1.39625 0 0 0 1 
0.610002 0.715132 0.341298 0.525788 0.354678 0.138746 -0.924637 -3.33407 0.708591 -0.685081 0.169006 -2.34551 0 0 0 1 
0.610002 0.715132 0.341298 0.525788 0.354678 0.138746 -0.924637 -3.33407 0.708591 -0.685081 0.169006 -2.34551 0 0 0 1 
0.721028 0.485738 0.494144 1.13122 0.367553 0.336428 -0.867019 -3.42684 0.587387 -0.806768 -0.0640395 -2.73606 0 0 0 1 
0.721028 0.485738 0.494144 1.13122 0.367553 0.336428 -0.867019 -3.42684 0.587387 -0.806768 -0.0640395 -2.73606 0 0 0 1 
0.321476 0.538473 0.77891 0.145233 -0.144636 0.840845 -0.521594 -4.9165 0.935807 -0.0550221 -0.348194 -2.28846 0 0 0 1 
0.321476 0.538473 0.77891 0.145233 -0.144636 0.840845 -0.521594 -4.9165 0.935807 -0.0550221 -0.348194 -2.28846 0 0 0 1 
-0.34505 0.749537 -0.564921 -0.308479 -0.932572 -0.205765 0.296599 -7.33997 -0.10607 -0.62917 -0.769996 -1.11286 0 0 0 1 
-0.34505 0.749537 -0.564921 -0.308479 -0.932572 -0.205765 0.296599 -7.33997 -0.10607 -0.62917 -0.769996 -1.11286 0 0 0 1 
-0.79949 0.598525 0.0508277 0.205655 -0.597493 -0.801101 0.0352024 -3.97328 -0.0617876 0.00222512 -0.998087 -0.701281 0 0 0 1 
-0.79949 0.598525 0.0508277 0.205655 -0.597493 -0.801101 0.0352024 -3.97328 -0.0617876 0.00222512 -0.998087 -0.701281 0 0 0 1 
-0.814248 0.538031 -0.217999 -1.00815 -0.558319 -0.622944 0.547924 -1.68722 -0.158998 -0.567859 -0.807623 0.441549 0 0 0 1 
-0.814248 0.538031 -0.217999 -1.00815 -0.558319 -0.622944 0.547924 -1.68722 -0.158998 -0.567859 -0.807623 0.441549 0 0 0 1 
-0.787689 0.0596582 -0.613178 -3.17913 -0.363425 -0.848674 0.384285 -2.8493 0.497462 -0.525542 -0.690172 0.136247 0 0 0 1 
-0.787689 0.0596582 -0.613178 -3.17913 -0.363425 -0.848674 0.384285 -2.8493 0.497462 -0.525542 -0.690172 0.136247 0 0 0 1 
-0.755024 -0.183323 -0.629549 -3.81685 -0.395116 -0.639024 0.659948 -0.244683 0.52328 -0.747022 -0.410044 1.87254 0 0 0 1 
-0.755024 -0.183323 -0.629549 -3.81685 -0.395116 -0.639024 0.659948 -0.244683 0.52328 -0.747022 -0.410044 1.87254 0 0 0 1 
-0.635512 -0.1535 -0.756679 -1.03932 0.130495 -0.987293 0.0906829 -3.77853 0.760984 0.041113 -0.647467 -0.468762 0 0 0 1 
-0.635512 -0.1535 -0.756679 -1.03932 0.130495 -0.987293 0.0906829 -3.77853 0.760984 0.041113 -0.647467 -0.468762 0 0 0 1 
-0.535882 -0.753575 -0.38073 0.974113 0.0266999 -0.465845 0.884463 -0.35267 0.843871 -0.463802 -0.269758 1.50889 0 0 0 1 
-0.535882 -0.753575 -0.38073 0.974113 0.0266999 -0.465845 0.884463 -0.35267 0.843871 -0.463802 -0.269758 1.50889 0 0 0 1 
-0.927815 -0.32586 -0.181586 1.3345 0.0697847 -0.629797 0.773619 -0.866104 0.366454 -0.705104 -0.607075 -1.14098 0 0 0 1 
-0.927815 -0.32586 -0.181586 1.3345 0.0697847 -0.629797 0.773619 -0.866104 0.366454 -0.705104 -0.607075 -1.14098 0 0 0 1 
-0.926564 -0.372716 -0.0506105 2.2739 0.0709444 -0.305312 0.949606 1.12833 0.369385 -0.876281 -0.309333 0.872297 0 0 0 1 
-0.926564 -0.372716 -0.0506105 2.2739 0.0709444 -0.305312 0.949606 1.12833 0.369385 -0.876281 -0.309333 0.872297 0 0 0 1 
-0.399113 0.64825 -0.648445 -2.01505 -0.883607 -0.0830789 0.460799 -4.15955 -0.244841 -0.756882 -0.605956 0.445339 0 0 0 1 
-0.399113 0.64825 -0.648445 -2.01505 -0.883607 -0.0830789 0.460799 -4.15955 -0.244841 -0.756882 -0.605956 0.445339 0 0 0 1 
-0.50924 0.247706 -0.824206 -0.31897 -0.782774 -0.531336 0.323954 -1.99861 0.357686 -0.810138 -0.464476 1.3947 0 0 0 1 
-0.50924 0.247706 -0.824206 -0.31897 -0.782774 -0.531336 0.323954 -1.99861 0.357686 -0.810138 -0.464476 1.3947 0 0 0 1 
-0.134393 0.0221125 -0.990682 1.6411 -0.979306 -0.15563 0.129376 -5.77296 0.151319 -0.987568 -0.0425703 3.53391 0 0 0 1 
-0.134393 0.0221125 -0.990682 1.6411 -0.979306 -0.15563 0.129376 -5.77296 0.151319 -0.987568 -0.0425703 3.53391 0 0 0 1 
