a
25
16
25
0
0
-0.694658 -0.697972 -0.174024 -0.33681 -2.30525e-08 -0.241922 0.970296 -0.208817 0.71934 -0.674024 -0.168053 -0.418515 0 0 0 1 
-0.694658 -0.697972 -0.174024 0.327814 -2.35181e-08 -0.241922 0.970296 -0.803201 0.71934 -0.674024 -0.168053 0.317692 0 0 0 1 
-0.694658 -0.697972 -0.174024 0.992436 -2.30525e-08 -0.241922 0.970296 -1.39758 0.71934 -0.674024 -0.168053 1.0539 0 0 0 1 
-0.694658 -0.697972 -0.174024 1.55212 -2.30525e-08 -0.241922 0.970296 -1.89812 0.71934 -0.674024 -0.168053 1.67386 0 0 0 1 
-0.694658 -0.697972 -0.174024 1.55212 -2.30525e-08 -0.241922 0.970296 -1.89812 0.71934 -0.674024 -0.168053 1.67386 0 0 0 1 
-0.694658 -0.697972 -0.174024 1.55212 -2.30525e-08 -0.241922 0.970296 -1.89812 0.71934 -0.674024 -0.168053 1.67386 0 0 0 1 
-0.694658 -0.697972 -0.174024 1.55212 -2.30525e-08 -0.241922 0.970296 -1.89812 0.71934 -0.674024 -0.168053 1.67386 0 0 0 1 
-0.694658 -0.697972 -0.174024 1.55212 -2.30525e-08 -0.241922 0.970296 -1.89812 0.71934 -0.674024 -0.168053 1.67386 0 0 0 1 
-0.694658 -0.697972 -0.174024 1.33609 -2.39838e-08 -0.241922 0.970296 -1.70492 0.71934 -0.674024 -0.168053 1.43457 0 0 0 1 
-0.694658 -0.697972 -0.174024 1.1094 -2.30525e-08 -0.241922 0.970296 -1.50219 0.71934 -0.674024 -0.168053 1.18346 0 0 0 1 
-0.694658 -0.697972 -0.174024 0.874515 -2.30525e-08 -0.241922 0.970296 -1.29212 0.71934 -0.674024 -0.168053 0.923277 0 0 0 1 
-0.694658 -0.697972 -0.174024 0.63389 -2.30525e-08 -0.241922 0.970296 -1.07693 0.71934 -0.674024 -0.168053 0.656735 0 0 0 1 
-0.694658 -0.697972 -0.174024 0.389985 -2.30525e-08 -0.241922 0.970296 -0.858802 0.71934 -0.674024 -0.168053 0.38656 0 0 0 1 
-0.694658 -0.697972 -0.174024 0.145261 -2.30525e-08 -0.241922 0.970296 -0.639941 0.71934 -0.674024 -0.168053 0.115477 0 0 0 1 
-0.694658 -0.697972 -0.174024 -0.0978241 -2.39838e-08 -0.241922 0.970296 -0.422545 0.71934 -0.674024 -0.168053 -0.153789 0 0 0 1 
-0.694658 -0.697972 -0.174024 -0.33681 -2.30525e-08 -0.241922 0.970296 -0.208817 0.71934 -0.674024 -0.168053 -0.418515 0 0 0 1 
-0.829015 -0.543285 -0.132576 -0.25659 0.00362743 -0.242289 0.970197 -0.209007 0.559215 -0.803827 -0.202832 -0.485827 0 0 0 1 
-0.891264 -0.441114 -0.105199 0.461018 0.00569165 -0.242843 0.970049 -0.803678 0.453449 -0.863971 -0.218948 0.219189 0 0 0 1 
-0.940086 -0.332347 -0.0760553 1.18205 0.00767009 -0.243636 0.969836 -1.39847 0.340852 -0.911146 -0.231588 0.930932 0 0 0 1 
-0.970238 -0.236838 -0.0504639 1.79126 0.00924768 -0.244482 0.96961 -1.89944 0.241978 -0.940285 -0.239396 1.53578 0 0 0 1 
-0.970238 -0.236838 -0.0504639 1.79126 0.00924768 -0.244482 0.96961 -1.89944 0.241978 -0.940285 -0.239396 1.53578 0 0 0 1 
-0.970238 -0.236838 -0.0504639 1.79126 0.00924768 -0.244482 0.96961 -1.89944 0.241978 -0.940285 -0.239396 1.53578 0 0 0 1 
-0.970238 -0.236838 -0.0504639 1.79126 0.00924768 -0.244482 0.96961 -1.89944 0.241978 -0.940285 -0.239396 1.53578 0 0 0 1 
-0.970238 -0.236838 -0.0504639 1.79126 0.00924768 -0.244482 0.96961 -1.89944 0.241978 -0.940285 -0.239396 1.53578 0 0 0 1 
-0.959813 -0.274055 -0.0604363 1.55593 0.00864956 -0.244137 0.969702 -1.70607 0.280507 -0.93021 -0.236697 1.30171 0 0 0 1 
-0.94723 -0.312644 -0.070776 1.30923 0.00800714 -0.2438 0.969793 -1.50316 0.320455 -0.91805 -0.233438 1.05691 0 0 0 1 
-0.932439 -0.352054 -0.081336 1.05391 0.00732666 -0.243479 0.969879 -1.29293 0.361254 -0.903756 -0.229608 0.804142 0 0 0 1 
-0.915465 -0.391746 -0.0919713 0.792696 0.00661526 -0.243179 0.969959 -1.07758 0.402343 -0.887355 -0.225213 0.546105 0 0 0 1 
-0.896413 -0.431194 -0.102541 0.528334 0.00588083 -0.242907 0.970032 -0.859312 0.44318 -0.868946 -0.220281 0.285477 0 0 0 1 
-0.875467 -0.469902 -0.112913 0.263536 0.00513191 -0.242666 0.970096 -0.640327 0.48325 -0.848708 -0.214858 0.0248901 0 0 0 1 
-0.85289 -0.507405 -0.122962 0.00100265 0.00437762 -0.24246 0.970152 -0.422824 0.522073 -0.826894 -0.209013 -0.233064 0 0 0 1 
-0.829015 -0.543285 -0.132576 -0.25659 0.00362743 -0.242289 0.970197 -0.209007 0.559215 -0.803827 -0.202832 -0.485827 0 0 0 1 
-0.694658 -0.719231 0.012553 -0.0940735 -2.93556e-06 0.0174535 0.999848 -0.157874 0.719341 -0.694552 0.0121263 -0.184103 0 0 0 1 
-0.831915 -0.55425 0.0269411 0.597193 -0.0402422 0.108683 0.993262 -0.756524 0.553443 -0.825225 0.112719 0.677306 0 0 0 1 
-0.931331 -0.363656 0.0194414 1.26108 -0.0597725 0.205303 0.976872 -1.36772 0.359237 -0.908628 0.212941 1.54048 0 0 0 1 
-0.981577 -0.191034 -0.00358007 1.7989 -0.0593254 0.28691 0.956119 -1.89149 0.181624 -0.938717 0.292958 2.26355 0 0 0 1 
-0.981577 -0.191034 -0.00358007 1.7989 -0.0593254 0.28691 0.956119 -1.89149 0.181624 -0.938717 0.292958 2.26355 0 0 0 1 
-0.981577 -0.191034 -0.00358007 1.7989 -0.0593254 0.28691 0.956119 -1.89149 0.181624 -0.938717 0.292958 2.26355 0 0 0 1 
-0.981577 -0.191034 -0.00358007 1.7989 -0.0593254 0.28691 0.956119 -1.89149 0.181624 -0.938717 0.292958 2.26355 0 0 0 1 
-0.981577 -0.191034 -0.00358005 1.7989 -0.0593254 0.28691 0.956119 -1.89149 0.181624 -0.938717 0.292958 2.26355 0 0 0 1 
-0.965985 -0.258501 0.00706781 1.59357 -0.0613442 0.255615 0.96483 -1.6884 0.251217 -0.931578 0.262778 1.98516 0 0 0 1 
-0.944461 -0.328241 0.0158691 1.37506 -0.0609667 0.222464 0.973033 -1.47653 0.32292 -0.918024 0.23012 1.69204 0 0 0 1 
-0.916727 -0.398887 0.0223667 1.14531 -0.0578821 0.188003 0.980461 -1.2584 0.395298 -0.897521 0.195436 1.38751 0 0 0 1 
-0.882786 -0.469045 0.0262094 0.906365 -0.0519021 0.15283 0.986889 -1.03648 0.466901 -0.86985 0.159261 1.07503 0 0 0 1 
-0.842921 -0.537352 0.0271701 0.660467 -0.0429726 0.117574 0.992134 -0.813175 0.536319 -0.835122 0.122197 0.758085 0 0 0 1 
-0.797696 -0.602534 0.0251577 0.410014 -0.0311782 0.082866 0.996073 -0.590819 0.602253 -0.793779 0.0848878 0.440227 0 0 0 1 
-0.747931 -0.663469 0.0202224 0.157583 -0.0167395 0.0493089 0.998643 -0.371661 0.663566 -0.746578 0.0479858 0.124996 0 0 0 1 
-0.694658 -0.719231 0.012553 -0.0940735 -2.93556e-06 0.0174535 0.999848 -0.157874 0.719341 -0.694552 0.0121263 -0.184103 0 0 0 1 
-0.694658 -0.691475 0.198276 -0.13433 -3.17155e-06 0.275638 0.961262 -0.136957 0.719341 -0.667747 0.191476 -0.222978 0 0 0 1 
-0.852188 -0.508855 0.121827 0.57811 -0.0386966 0.293489 0.955179 -0.739209 0.521803 -0.809278 0.269799 0.642899 0 0 0 1 
-0.956013 -0.289845 0.0450449 1.25886 -0.0520117 0.318641 0.946448 -1.35552 0.288677 -0.902473 0.3197 1.51687 0 0 0 1 
-0.996099 -0.0871939 -0.0135928 1.80608 -0.042621 0.340473 0.939288 -1.88517 0.0772723 -0.936203 0.342861 2.25249 0 0 0 1 
-0.996099 -0.0871939 -0.0135928 1.80608 -0.042621 0.340473 0.939288 -1.88517 0.0772723 -0.936203 0.342861 2.25249 0 0 0 1 
-0.996099 -0.0871939 -0.0135928 1.80608 -0.042621 0.340473 0.939288 -1.88517 0.0772723 -0.936203 0.342861 2.25249 0 0 0 1 
-0.996099 -0.0871939 -0.0135928 1.80608 -0.042621 0.340473 0.939288 -1.88517 0.0772723 -0.936203 0.342861 2.25249 0 0 0 1 
-0.996099 -0.087194 -0.0135928 1.80608 -0.042621 0.340473 0.939288 -1.88517 0.0772723 -0.936203 0.342861 2.25249 0 0 0 1 
-0.985969 -0.166731 0.00807772 1.59771 -0.0484735 0.332284 0.941933 -1.67962 0.159734 -0.928326 0.335704 1.96899 0 0 0 1 
-0.968093 -0.24852 0.0321631 1.37521 -0.0516081 0.32332 0.944882 -1.46543 0.245221 -0.913073 0.325829 1.67085 0 0 0 1 
-0.941902 -0.330791 0.0582926 1.1405 -0.0515809 0.313939 0.948041 -1.24515 0.331903 -0.889955 0.312762 1.36161 0 0 0 1 
-0.90723 -0.41176 0.0859543 0.895715 -0.0481014 0.30456 0.951278 -1.02129 0.417876 -0.858893 0.296112 1.04491 0 0 0 1 
-0.864325 -0.489723 0.114515 0.643179 -0.0410519 0.295632 0.95442 -0.796263 0.501255 -0.820228 0.275626 0.724446 0 0 0 1 
-0.813849 -0.563141 0.143257 0.385449 -0.0304962 0.287591 0.957268 -0.572395 0.580276 -0.774703 0.251229 0.403896 0 0 0 1 
-0.75684 -0.63072 0.171423 0.125293 -0.0166775 0.280826 0.959614 -0.351913 0.653388 -0.723415 0.223059 0.0869048 0 0 0 1 
-0.694658 -0.691475 0.198276 -0.13433 -3.17155e-06 0.275638 0.961262 -0.136957 0.719341 -0.667747 0.191476 -0.222978 0 0 0 1 
-0.694658 -0.710484 -0.112531 0.588737 -2.84429e-06 -0.156433 0.987689 0.11473 0.719341 -0.686105 -0.108666 0.475282 0 0 0 1 
-0.852188 -0.484822 -0.196782 1.2879 -0.0386958 -0.316661 0.94775 -0.281663 0.521803 -0.815276 -0.251094 1.83604 0 0 0 1 
-0.956013 -0.233403 -0.177658 1.72637 -0.0520104 -0.46119 0.885776 -0.653935 0.288677 -0.856054 -0.428764 3.19154 0 0 0 1 
-0.996099 -0.0388793 -0.0792204 1.92097 -0.0426192 -0.574133 0.817652 -0.947127 0.0772728 -0.817839 -0.570236 4.25094 0 0 0 1 
-0.996099 -0.0388793 -0.0792204 1.92097 -0.0426192 -0.574133 0.817652 -0.947127 0.0772728 -0.817839 -0.570236 4.25094 0 0 0 1 
-0.996099 -0.0388793 -0.0792204 1.92097 -0.0426192 -0.574133 0.817652 -0.947127 0.0772728 -0.817839 -0.570236 4.25094 0 0 0 1 
-0.996099 -0.0388793 -0.0792204 1.92097 -0.0426192 -0.574133 0.817652 -0.947127 0.0772728 -0.817839 -0.570236 4.25094 0 0 0 1 
-0.996099 -0.0388793 -0.0792204 1.92097 -0.0426191 -0.574133 0.817653 -0.947128 0.0772728 -0.817839 -0.570236 4.25094 0 0 0 1 
-0.985969 -0.109964 -0.125588 1.86178 -0.0484718 -0.531332 0.845776 -0.836549 0.159734 -0.839997 -0.518547 3.85483 0 0 0 1 
-0.968093 -0.190285 -0.163061 1.77871 -0.0516065 -0.485364 0.872788 -0.716936 0.245222 -0.853354 -0.460058 3.42132 0 0 0 1 
-0.941902 -0.277662 -0.18901 1.66654 -0.0515796 -0.436476 0.898237 -0.589607 0.331904 -0.8558 -0.396796 2.95634 0 0 0 1 
-0.90723 -0.369222 -0.201519 1.52108 -0.0481004 -0.384877 0.921714 -0.455975 0.417877 -0.845899 -0.331412 2.4677 0 0 0 1 
-0.864325 -0.461634 -0.19959 1.33976 -0.041051 -0.330772 0.942817 -0.317457 0.501256 -0.823094 -0.266944 1.9648 0 0 0 1 
-0.813849 -0.551422 -0.183258 1.12218 -0.0304955 -0.27441 0.96113 -0.175385 0.580276 -0.787803 -0.206512 1.45804 0 0 0 1 
-0.75684 -0.6353 -0.153583 0.870347 -0.0166769 -0.216132 0.976222 -0.0309606 0.653388 -0.741405 -0.152983 0.958121 0 0 0 1 
-0.694658 -0.710484 -0.112531 0.588737 -2.84429e-06 -0.156433 0.987689 0.11473 0.719341 -0.686105 -0.108666 0.475282 0 0 0 1 
-0.694659 -0.691474 0.198276 -0.13433 -2.11014e-06 0.275639 0.961262 -0.136957 0.71934 -0.667748 0.191476 -0.222978 0 0 0 1 
-0.852189 -0.508854 0.121828 0.57811 -0.0386956 0.293489 0.955179 -0.739211 0.521802 -0.809279 0.269799 0.642899 0 0 0 1 
-0.956014 -0.289844 0.0450453 1.25886 -0.0520106 0.318641 0.946448 -1.35552 0.288675 -0.902474 0.3197 1.51687 0 0 0 1 
-0.996099 -0.0871922 -0.0135923 1.80608 -0.0426198 0.340473 0.939288 -1.88517 0.0772708 -0.936203 0.34286 2.25249 0 0 0 1 
-0.996099 -0.0871922 -0.0135923 1.80608 -0.0426198 0.340473 0.939288 -1.88517 0.0772708 -0.936203 0.34286 2.25249 0 0 0 1 
-0.996099 -0.0871922 -0.0135923 1.80608 -0.0426198 0.340473 0.939288 -1.88517 0.0772708 -0.936203 0.34286 2.25249 0 0 0 1 
-0.996099 -0.0871922 -0.0135923 1.80608 -0.0426198 0.340473 0.939288 -1.88517 0.0772708 -0.936203 0.34286 2.25249 0 0 0 1 
-0.996099 -0.0871922 -0.0135922 1.80608 -0.0426199 0.340473 0.939288 -1.88517 0.0772708 -0.936203 0.342861 2.25249 0 0 0 1 
-0.98597 -0.166729 0.00807821 1.59771 -0.0484724 0.332284 0.941933 -1.67962 0.159732 -0.928326 0.335703 1.96899 0 0 0 1 
-0.968093 -0.248519 0.0321636 1.37521 -0.0516069 0.32332 0.944882 -1.46543 0.24522 -0.913073 0.325829 1.67085 0 0 0 1 
-0.941903 -0.330789 0.0582932 1.1405 -0.0515798 0.313939 0.948041 -1.24515 0.331902 -0.889956 0.312762 1.36161 0 0 0 1 
-0.907231 -0.411758 0.0859548 0.895715 -0.0481003 0.30456 0.951278 -1.02129 0.417875 -0.858894 0.296111 1.04491 0 0 0 1 
-0.864326 -0.489721 0.114515 0.64318 -0.0410508 0.295632 0.95442 -0.796264 0.501254 -0.820229 0.275625 0.724446 0 0 0 1 
-0.81385 -0.563139 0.143257 0.38545 -0.0304951 0.287591 0.957268 -0.572396 0.580275 -0.774704 0.251229 0.403897 0 0 0 1 
-0.756841 -0.630719 0.171424 0.125293 -0.0166763 0.280826 0.959614 -0.351913 0.653386 -0.723417 0.223058 0.0869053 0 0 0 1 
-0.694659 -0.691474 0.198276 -0.13433 -2.11014e-06 0.275639 0.961262 -0.136957 0.71934 -0.667748 0.191476 -0.222978 0 0 0 1 
-0.982893 -0.149942 -0.106949 0.575011 -0.0095778 -0.53829 0.842705 0.476204 0.183926 -0.829314 -0.527646 1.92209 0 0 0 1 
-0.823075 -0.565863 -0.0484547 0.812293 0.281704 -0.480852 0.830316 -0.736465 0.493144 -0.669762 -0.555183 1.87336 0 0 0 1 
-0.494064 -0.869382 -0.00869088 0.796993 0.517065 -0.301851 0.800956 -1.85216 0.69896 -0.391229 -0.59866 1.90094 0 0 0 1 
-0.134861 -0.990856 0.00409274 0.676045 0.635681 -0.0833498 0.767439 -2.64095 0.760081 -0.106099 -0.641109 2.07761 0 0 0 1 
-0.134861 -0.990856 0.00409274 0.676045 0.635681 -0.0833498 0.767439 -2.64095 0.760081 -0.106099 -0.641109 2.07761 0 0 0 1 
-0.134861 -0.990856 0.00409274 0.676045 0.635681 -0.0833498 0.767439 -2.64095 0.760081 -0.106099 -0.641109 2.07761 0 0 0 1 
-0.134861 -0.990856 0.00409274 0.676045 0.635681 -0.0833498 0.767439 -2.64095 0.760081 -0.106099 -0.641109 2.07761 0 0 0 1 
-0.134861 -0.990856 0.00409274 0.676045 0.635681 -0.0833498 0.767439 -2.64095 0.760081 -0.106099 -0.641109 2.07761 0 0 0 1 
-0.27886 -0.960331 0.00161976 0.728099 0.600106 -0.172941 0.781002 -2.3563 0.74974 -0.218762 -0.624526 1.98844 0 0 0 1 
-0.423323 -0.905969 -0.00432529 0.776526 0.548771 -0.260212 0.794444 -2.03036 0.720867 -0.333933 -0.607323 1.92381 0 0 0 1 
-0.562147 -0.826919 -0.0139503 0.813412 0.48177 -0.341129 0.807174 -1.66618 0.672226 -0.44703 -0.590149 1.88436 0 0 0 1 
-0.689155 -0.724104 -0.0272061 0.830487 0.400373 -0.411806 0.818607 -1.26913 0.60396 -0.553254 -0.573709 1.86806 0 0 0 1 
-0.798646 -0.600207 -0.0437791 0.820088 0.306962 -0.46886 0.828218 -0.846712 0.517628 -0.648014 -0.558694 1.87049 0 0 0 1 
-0.885944 -0.459479 -0.0631138 0.776094 0.20484 -0.509738 0.835589 -0.408114 0.416107 -0.727356 -0.545719 1.8853 0 0 0 1 
-0.94784 -0.307355 -0.0844609 0.694715 0.0979335 -0.532968 0.840449 0.0363951 0.303331 -0.788339 -0.535268 1.90506 0 0 0 1 
-0.982893 -0.149942 -0.106949 0.575011 -0.0095778 -0.53829 0.842705 0.476204 0.183926 -0.829314 -0.527646 1.92209 0 0 0 1 
-0.728555 -0.353443 -0.586759 -0.282198 0.503662 -0.856976 -0.109164 -1.32042 0.464255 0.37506 -0.80237 -0.0608653 0 0 0 1 
-0.398818 -0.490245 -0.774987 -0.919214 0.653537 -0.74479 0.134825 -2.01407 0.643299 0.452712 -0.617429 0.464328 0 0 0 1 
-0.00605056 -0.586906 -0.809633 -1.33678 0.716475 -0.567354 0.405923 -2.44725 0.697587 0.577625 -0.423936 1.20235 0 0 0 1 
0.325154 -0.6022 -0.72913 -1.42424 0.692037 -0.373941 0.617457 -2.6525 0.644484 0.705353 -0.295156 1.94477 0 0 0 1 
0.325154 -0.6022 -0.72913 -1.42424 0.692037 -0.373941 0.617457 -2.6525 0.644484 0.705353 -0.295156 1.94477 0 0 0 1 
0.325154 -0.6022 -0.72913 -1.42424 0.692037 -0.373941 0.617457 -2.6525 0.644484 0.705353 -0.295156 1.94477 0 0 0 1 
0.325154 -0.6022 -0.72913 -1.42424 0.692037 -0.373941 0.617457 -2.6525 0.644484 0.705353 -0.295156 1.94477 0 0 0 1 
0.325154 -0.6022 -0.72913 -1.42424 0.692037 -0.373941 0.617457 -2.6525 0.644485 0.705353 -0.295156 1.94477 0 0 0 1 
0.20005 -0.605208 -0.770522 -1.42249 0.709956 -0.452434 0.53969 -2.58731 0.675235 0.655001 -0.339162 1.64794 0 0 0 1 
0.0646486 -0.596079 -0.800319 -1.377 0.717307 -0.529795 0.452535 -2.50048 0.693752 0.60333 -0.393321 1.3499 0 0 0 1 
-0.0774262 -0.574882 -0.814565 -1.28523 0.71246 -0.60343 0.358152 -2.38721 0.697428 0.552614 -0.456302 1.05837 0 0 0 1 
-0.221821 -0.542758 -0.810068 -1.14808 0.694522 -0.671066 0.259444 -2.24314 0.684424 0.505059 -0.525813 0.781062 0 0 0 1 
-0.36375 -0.501759 -0.784809 -0.970056 0.663442 -0.730957 0.159832 -2.06498 0.653859 0.462536 -0.598773 0.525148 0 0 0 1 
-0.498374 -0.454571 -0.738234 -0.759053 0.620054 -0.78203 0.0629469 -1.85108 0.605935 0.426374 -0.671602 0.296785 0 0 0 1 
-0.621217 -0.404168 -0.67137 -0.525666 0.566013 -0.823931 -0.0277211 -1.60191 0.541958 0.397225 -0.740604 0.100568 0 0 0 1 
-0.728555 -0.353443 -0.586759 -0.282198 0.503662 -0.856976 -0.109164 -1.32042 0.464255 0.37506 -0.80237 -0.0608653 0 0 0 1 
-0.648352 -0.366767 -0.667175 -0.733259 0.569475 -0.815244 -0.105242 -1.57937 0.505311 0.448173 -0.737429 -0.12302 0 0 0 1 
-0.183651 -0.251004 -0.950405 -2.17055 0.619224 -0.780441 0.08646 -1.96177 0.763436 0.572635 -0.298756 0.569286 0 0 0 1 
0.331077 -0.159252 -0.930069 -3.02446 0.502621 -0.804426 0.316657 -1.70863 0.7986 0.572309 0.186284 1.99172 0 0 0 1 
0.683581 -0.163245 -0.711385 -2.93262 0.279767 -0.841618 0.461962 -1.19223 0.674127 0.514811 0.529644 3.49427 0 0 0 1 
0.683581 -0.163245 -0.711385 -2.93262 0.279767 -0.841618 0.461962 -1.19223 0.674127 0.514811 0.529644 3.49427 0 0 0 1 
0.683581 -0.163245 -0.711385 -2.93262 0.279767 -0.841618 0.461962 -1.19223 0.674127 0.514811 0.529644 3.49427 0 0 0 1 
0.683581 -0.163245 -0.711385 -2.93262 0.279767 -0.841618 0.461962 -1.19223 0.674127 0.514811 0.529644 3.49427 0 0 0 1 
0.683581 -0.163245 -0.711385 -2.93262 0.279767 -0.841618 0.461963 -1.19223 0.674127 0.514811 0.529644 3.49427 0 0 0 1 
0.562224 -0.151076 -0.813068 -3.067 0.377342 -0.827994 0.414776 -1.40891 0.735878 0.540002 0.408511 2.90017 0 0 0 1 
0.414192 -0.152806 -0.897271 -3.07332 0.464524 -0.812268 0.35276 -1.61545 0.782728 0.562914 0.265453 2.2928 0 0 0 1 
0.243653 -0.169284 -0.954974 -2.94107 0.535926 -0.797165 0.278047 -1.79062 0.808342 0.579543 0.103508 1.69995 0 0 0 1 
0.0575469 -0.199344 -0.978239 -2.6728 0.587218 -0.785676 0.194648 -1.91271 0.807381 0.585641 -0.071845 1.15139 0 0 0 1 
-0.134972 -0.239696 -0.96142 -2.28489 0.61573 -0.780501 0.108149 -1.96246 0.776312 0.577378 -0.252933 0.67557 0 0 0 1 
-0.323502 -0.285231 -0.902214 -1.80624 0.620875 -0.783509 0.0250801 -1.92605 0.714047 0.552048 -0.430559 0.296021 0 0 0 1 
-0.497653 -0.329717 -0.802265 -1.27491 0.604262 -0.795341 -0.0479579 -1.79739 0.622262 0.508645 -0.595039 0.0281119 0 0 0 1 
-0.648352 -0.366767 -0.667175 -0.733259 0.569475 -0.815244 -0.105242 -1.57937 0.505311 0.448173 -0.737429 -0.12302 0 0 0 1 
-0.694659 -0.691474 0.198276 -0.134329 -2.16346e-06 0.275638 0.961262 -0.136958 0.71934 -0.667748 0.191476 -0.222978 0 0 0 1 
-0.852189 -0.508854 0.121827 0.578111 -0.0386956 0.293489 0.955179 -0.73921 0.521802 -0.809279 0.269798 0.6429 0 0 0 1 
-0.956014 -0.289844 0.0450455 1.25886 -0.0520106 0.318641 0.946448 -1.35552 0.288675 -0.902474 0.3197 1.51687 0 0 0 1 
-0.996099 -0.0871923 -0.0135922 1.80608 -0.0426198 0.340473 0.939288 -1.88517 0.0772709 -0.936203 0.342861 2.25249 0 0 0 1 
-0.996099 -0.0871923 -0.0135922 1.80608 -0.0426198 0.340473 0.939288 -1.88517 0.0772709 -0.936203 0.342861 2.25249 0 0 0 1 
-0.996099 -0.0871923 -0.0135922 1.80608 -0.0426198 0.340473 0.939288 -1.88517 0.0772709 -0.936203 0.342861 2.25249 0 0 0 1 
-0.996099 -0.0871923 -0.0135922 1.80608 -0.0426198 0.340473 0.939288 -1.88517 0.0772709 -0.936203 0.342861 2.25249 0 0 0 1 
-0.996099 -0.0871922 -0.0135922 1.80608 -0.0426198 0.340473 0.939288 -1.88517 0.0772709 -0.936203 0.342861 2.25249 0 0 0 1 
-0.98597 -0.166729 0.00807834 1.59771 -0.0484723 0.332284 0.941933 -1.67962 0.159732 -0.928326 0.335704 1.96899 0 0 0 1 
-0.968093 -0.248519 0.0321637 1.37521 -0.0516069 0.32332 0.944882 -1.46543 0.24522 -0.913073 0.325829 1.67085 0 0 0 1 
-0.941903 -0.330789 0.0582931 1.1405 -0.0515798 0.313939 0.948041 -1.24515 0.331902 -0.889956 0.312762 1.36161 0 0 0 1 
-0.907231 -0.411758 0.0859548 0.895715 -0.0481004 0.30456 0.951278 -1.02129 0.417875 -0.858894 0.296111 1.04491 0 0 0 1 
-0.864326 -0.489721 0.114515 0.64318 -0.0410508 0.295631 0.95442 -0.796264 0.501254 -0.820229 0.275625 0.724447 0 0 0 1 
-0.81385 -0.563139 0.143257 0.385449 -0.0304952 0.287591 0.957268 -0.572395 0.580275 -0.774704 0.251229 0.403896 0 0 0 1 
-0.756841 -0.630718 0.171424 0.125292 -0.0166764 0.280826 0.959614 -0.351913 0.653386 -0.723416 0.223059 0.0869043 0 0 0 1 
-0.694659 -0.691474 0.198276 -0.134329 -2.16346e-06 0.275638 0.961262 -0.136958 0.71934 -0.667748 0.191476 -0.222978 0 0 0 1 
-0.885961 -0.310718 -0.344279 0.145179 -0.203642 -0.406313 0.890752 -0.0515817 0.416658 -0.859281 -0.296702 0.0643369 0 0 0 1 
-0.952426 -0.0943667 -0.289792 0.807537 -0.141541 -0.705135 0.694803 -0.0211082 0.269909 -0.702766 -0.658233 1.53644 0 0 0 1 
-0.984977 0.0878805 -0.148651 1.30651 -0.140532 -0.908185 0.394274 -0.0526843 0.100353 -0.409242 -0.906891 2.78048 0 0 0 1 
-0.981541 0.190308 0.0189814 1.64131 -0.187533 -0.977179 0.0997667 -0.203106 -0.0375346 -0.0943655 -0.99483 3.63978 0 0 0 1 
-0.981541 0.190308 0.0189814 1.64131 -0.187533 -0.977179 0.0997667 -0.203106 -0.0375346 -0.0943655 -0.99483 3.63978 0 0 0 1 
-0.981541 0.190308 0.0189814 1.64131 -0.187533 -0.977179 0.0997667 -0.203106 -0.0375346 -0.0943655 -0.99483 3.63978 0 0 0 1 
-0.981541 0.190308 0.0189812 1.64131 -0.187533 -0.977179 0.0997667 -0.203106 -0.0375345 -0.0943655 -0.99483 3.63978 0 0 0 1 
-0.981541 0.190308 0.0189812 1.64131 -0.187533 -0.977179 0.0997668 -0.203104 -0.0375345 -0.0943655 -0.99483 3.63978 0 0 0 1 
-0.986282 0.157443 -0.0495921 1.51875 -0.164488 -0.962597 0.215295 -0.127677 0.0138405 -0.220499 -0.975289 3.32785 0 0 0 1 
-0.986644 0.113786 -0.11656 1.38154 -0.146868 -0.9309 0.334448 -0.0725785 0.0704508 -0.3471 -0.935178 2.97403 0 0 0 1 
-0.98203 0.0596278 -0.17906 1.2275 -0.136095 -0.881064 0.452994 -0.0378385 0.130752 -0.469223 -0.873346 2.57765 0 0 0 1 
-0.972148 -0.00398209 -0.234335 1.05442 -0.133208 -0.813267 0.566439 -0.0214648 0.192832 -0.581878 -0.790085 2.13966 0 0 0 1 
-0.957051 -0.0752957 -0.279973 0.86034 -0.138768 -0.728913 0.670396 -0.0197684 0.254553 -0.680454 -0.687158 1.66306 0 0 0 1 
-0.937136 -0.151999 -0.314121 0.644012 -0.152796 -0.63055 0.760961 -0.027859 0.313734 -0.76112 -0.567686 1.15303 0 0 0 1 
-0.913118 -0.231411 -0.335656 0.405234 -0.174763 -0.521652 0.835068 -0.0402617 0.368339 -0.821176 -0.435887 0.617008 0 0 0 1 
-0.885961 -0.310718 -0.344279 0.145179 -0.203642 -0.406313 0.890752 -0.0515817 0.416658 -0.859281 -0.296702 0.0643368 0 0 0 1 
-0.707274 0.691763 0.145698 0.12286 -0.702331 -0.711073 -0.0332632 -1.80083 -0.0805918 0.125854 -0.98877 -2.61652 0 0 0 1 
-0.744575 0.636033 0.202659 1.09818 -0.667537 -0.710229 -0.22354 -2.09602 -0.00175556 0.301724 -0.953394 -0.267025 0 0 0 1 
-0.789275 0.549149 0.274738 1.7447 -0.613477 -0.686055 -0.391119 -2.08306 0.0262973 0.477246 -0.878376 1.84367 0 0 0 1 
-0.821593 0.453939 0.344853 2.08182 -0.570016 -0.645489 -0.508356 -1.95561 0.00816402 0.614233 -0.789082 3.30547 0 0 0 1 
-0.821593 0.453939 0.344853 2.08182 -0.570016 -0.645489 -0.508356 -1.95561 0.00816402 0.614233 -0.789082 3.30547 0 0 0 1 
-0.821593 0.453939 0.344853 2.08182 -0.570016 -0.645489 -0.508356 -1.95561 0.00816402 0.614233 -0.789082 3.30547 0 0 0 1 
-0.821593 0.45394 0.344853 2.08182 -0.570016 -0.645489 -0.508356 -1.95561 0.00816414 0.614233 -0.789082 3.30547 0 0 0 1 
-0.821593 0.45394 0.344853 2.08182 -0.570016 -0.645489 -0.508356 -1.95561 0.00816418 0.614233 -0.789083 3.30547 0 0 0 1 
-0.810368 0.492832 0.316893 1.97022 -0.585599 -0.663288 -0.465964 -2.0093 0.0194508 0.563174 -0.82611 2.78057 0 0 0 1 
-0.796796 0.530795 0.288746 1.82876 -0.603708 -0.679092 -0.417577 -2.06088 0.0255629 0.507042 -0.861542 2.17599 0 0 0 1 
-0.781452 0.56676 0.260991 1.65164 -0.623452 -0.692245 -0.363462 -2.10097 0.0253261 0.446744 -0.894303 1.49545 0 0 0 1 
-0.76511 0.599807 0.234177 1.43385 -0.64365 -0.702297 -0.304129 -2.11925 0.017957 0.38342 -0.9234 0.74717 0 0 0 1 
-0.74866 0.629211 0.208813 1.17193 -0.662947 -0.709042 -0.240336 -2.10564 0.00316473 0.318362 -0.947964 -0.0561568 0 0 0 1 
-0.733012 0.654474 0.18536 0.864647 -0.679957 -0.712531 -0.173088 -2.0515 -0.0187933 0.252912 -0.967307 -0.897878 0 0 0 1 
-0.718996 0.675336 0.164216 0.513479 -0.693415 -0.713051 -0.103603 -1.95077 -0.0471274 0.18836 -0.980969 -1.75839 0 0 0 1 
-0.707274 0.691763 0.145698 0.12286 -0.702331 -0.711073 -0.0332632 -1.80083 -0.080592 0.125855 -0.98877 -2.61652 0 0 0 1 
-0.642196 0.726917 0.243262 0.540248 -0.750171 -0.661229 -0.00451466 -1.94788 -0.15757 0.185388 -0.96995 -2.89677 0 0 0 1 
-0.800346 0.504347 0.324162 1.17698 -0.587684 -0.766946 -0.257724 -1.83555 -0.118633 0.396773 -0.910219 -0.666574 0 0 0 1 
-0.896159 0.209552 0.391137 1.7103 -0.394037 -0.781141 -0.484308 -1.39203 -0.204045 0.588139 -0.782597 1.10962 0 0 0 1 
-0.899985 -0.0732335 0.429726 2.17542 -0.246192 -0.728135 -0.639694 -0.948867 -0.359745 0.68151 -0.637281 2.17808 0 0 0 1 
-0.899985 -0.0732335 0.429726 2.17542 -0.246192 -0.728135 -0.639694 -0.948867 -0.359745 0.68151 -0.637281 2.17808 0 0 0 1 
-0.899985 -0.0732335 0.429726 2.17542 -0.246192 -0.728135 -0.639694 -0.948867 -0.359745 0.68151 -0.637281 2.17808 0 0 0 1 
-0.899985 -0.0732335 0.429726 2.17542 -0.246192 -0.728135 -0.639694 -0.948868 -0.359745 0.681511 -0.637281 2.17808 0 0 0 1 
-0.899985 -0.0732335 0.429726 2.17542 -0.246192 -0.728135 -0.639695 -0.948865 -0.359746 0.681511 -0.637281 2.17808 0 0 0 1 
-0.908138 0.0377604 0.416965 1.98871 -0.299572 -0.754343 -0.584144 -1.11645 -0.292477 0.655394 -0.696359 1.81158 0 0 0 1 
-0.903511 0.152079 0.400675 1.80329 -0.360849 -0.774336 -0.519799 -1.29865 -0.231206 0.614228 -0.754499 1.36533 0 0 0 1 
-0.885547 0.266118 0.380773 1.61746 -0.42823 -0.785347 -0.447045 -1.48383 -0.180072 0.558938 -0.809421 0.834158 0 0 0 1 
-0.854755 0.376327 0.357455 1.42769 -0.499056 -0.785121 -0.366782 -1.65761 -0.142615 0.491898 -0.858893 0.217708 0 0 0 1 
-0.812606 0.479555 0.331209 1.22932 -0.57005 -0.772276 -0.280417 -1.8044 -0.121309 0.416674 -0.900926 -0.478398 0 0 0 1 
-0.761323 0.57333 0.302786 1.01755 -0.637687 -0.746548 -0.189794 -1.90925 -0.11723 0.337577 -0.93397 -1.24217 0 0 0 1 
-0.703583 0.656028 0.273127 0.788532 -0.698633 -0.708865 -0.0970648 -1.95976 -0.129933 0.259109 -0.957069 -2.05574 0 0 0 1 
-0.642196 0.726917 0.243263 0.540247 -0.750171 -0.661229 -0.00451475 -1.94788 -0.15757 0.185388 -0.96995 -2.89677 0 0 0 1 
-0.992879 -0.118965 0.00627682 -0.281546 -0.0160252 0.185584 0.982498 -0.119829 0.118048 -0.9754 0.186169 -0.382345 0 0 0 1 
-0.990388 -0.138224 -0.0050426 0.333933 -0.0457464 0.292936 0.955037 -0.759865 0.130532 -0.946089 0.296443 -0.0578139 0 0 0 1 
-0.987249 -0.158563 -0.0140831 1.07617 -0.0766457 0.39594 0.915073 -1.39558 0.13952 -0.904484 0.403044 0.203063 0 0 0 1 
-0.984132 -0.176327 -0.0198384 1.80691 -0.103275 0.47829 0.872109 -1.92496 0.144288 -0.860319 0.48891 0.431485 0 0 0 1 
-0.984132 -0.176327 -0.0198384 1.80691 -0.103275 0.47829 0.872109 -1.92496 0.144288 -0.860319 0.48891 0.431485 0 0 0 1 
-0.984132 -0.176327 -0.0198384 1.80691 -0.103275 0.47829 0.872109 -1.92496 0.144288 -0.860319 0.48891 0.431485 0 0 0 1 
-0.984132 -0.176327 -0.0198384 1.80691 -0.103275 0.47829 0.872109 -1.92496 0.144288 -0.860319 0.48891 0.431485 0 0 0 1 
-0.984132 -0.176327 -0.0198384 1.80691 -0.103275 0.47829 0.872109 -1.92496 0.144288 -0.860319 0.48891 0.431484 0 0 0 1 
-0.985384 -0.169413 -0.0178226 1.514 -0.0929486 0.447036 0.889674 -1.72112 0.142755 -0.878327 0.456249 0.338979 0 0 0 1 
-0.986632 -0.162233 -0.0154287 1.22115 -0.0821744 0.413512 0.906783 -1.5066 0.14073 -0.895929 0.421316 0.248291 0 0 0 1 
-0.987851 -0.154887 -0.0126513 0.934351 -0.0710956 0.378043 0.923054 -1.28339 0.138186 -0.91274 0.384462 0.157962 0 0 0 1 
-0.989021 -0.147473 -0.00949725 0.658602 -0.0598548 0.340997 0.938157 -1.05363 0.135114 -0.928425 0.34608 0.0655667 0 0 0 1 
-0.990121 -0.140085 -0.00598715 0.39758 -0.0485933 0.302777 0.951822 -0.819649 0.131523 -0.94271 0.306593 -0.0318866 0 0 0 1 
-0.991139 -0.132816 -0.00215466 0.153522 -0.0374483 0.263822 0.963845 -0.584082 0.127445 -0.955384 0.266458 -0.137454 0 0 0 1 
-0.99206 -0.12575 0.00195309 -0.0727367 -0.0265513 0.224597 0.97409 -0.349786 0.12293 -0.966304 0.226152 -0.253728 0 0 0 1 
-0.992879 -0.118965 0.00627682 -0.281546 -0.0160252 0.185584 0.982498 -0.119829 0.118048 -0.9754 0.186169 -0.382345 0 0 0 1 
-0.766091 -0.642447 0.0191439 -0.0560571 0.252449 -0.273376 0.928189 -0.65849 0.591079 -0.71591 -0.371616 -0.859644 0 0 0 1 
-0.933797 -0.357796 0.00213432 0.73169 0.154855 -0.398758 0.903887 -1.15245 0.322556 -0.844378 -0.427766 0.00872016 0 0 0 1 
-0.984259 -0.0632266 0.165033 1.71402 0.176634 -0.382708 0.906827 -1.77044 -0.00582387 -0.921703 -0.387852 1.14147 0 0 0 1 
-0.925063 0.142697 0.35199 2.50333 0.28989 -0.333517 0.897067 -2.45511 -0.245404 -0.931882 -0.267158 2.20323 0 0 0 1 
-0.925062 0.142697 0.35199 2.50333 0.289891 -0.333518 0.897067 -2.45511 -0.245404 -0.931882 -0.267159 2.20323 0 0 0 1 
-0.925062 0.142697 0.351991 2.50333 0.289891 -0.333518 0.897067 -2.45511 -0.245404 -0.931882 -0.267158 2.20323 0 0 0 1 
-0.925062 0.142696 0.351991 2.50333 0.289891 -0.333518 0.897067 -2.45511 -0.245403 -0.931882 -0.267159 2.20323 0 0 0 1 
-0.925062 0.142696 0.351991 2.50333 0.289891 -0.333518 0.897067 -2.45511 -0.245403 -0.931882 -0.267159 2.20323 0 0 0 1 
-0.957905 0.0702393 0.278361 2.20882 0.237065 -0.353346 0.904957 -2.16936 -0.161921 -0.932852 -0.321821 1.79162 0 0 0 1 
-0.97914 -0.0156177 0.202586 1.88552 0.19366 -0.373457 0.907208 -1.899 -0.0614887 -0.927516 -0.368691 1.3603 0 0 0 1 
-0.985187 -0.113096 0.1289 1.53885 0.163386 -0.390836 0.905843 -1.64779 0.0520683 -0.913486 -0.403525 0.925039 0 0 0 1 
-0.973662 -0.219127 0.0629748 1.17869 0.148907 -0.402005 0.903448 -1.41686 0.172654 -0.88903 -0.424047 0.501149 0 0 0 1 
-0.944058 -0.329568 0.0118277 0.820185 0.151488 -0.401526 0.903232 -1.20405 0.292927 -0.854495 -0.428989 0.103867 0 0 0 1 
-0.897818 -0.440066 -0.016286 0.483621 0.170882 -0.38224 0.908126 -1.00553 0.40586 -0.812548 -0.418381 -0.2545 0 0 0 1 
-0.837517 -0.546066 -0.0194272 0.178639 0.20461 -0.346387 0.915506 -0.824869 0.506656 -0.762777 -0.401835 -0.583443 0 0 0 1 
-0.766091 -0.642447 0.0191519 -0.0560411 0.252449 -0.273364 0.928193 -0.658484 0.591079 -0.715915 -0.371607 -0.859626 0 0 0 1 
-0.75176 -0.585698 0.30301 1.22894 0.315494 0.084051 0.945198 -0.744867 0.579069 -0.80616 -0.121598 0.336842 0 0 0 1 
-0.880678 -0.0957877 0.463931 2.74383 0.325763 0.588563 0.739914 -2.36546 0.343927 -0.802757 0.48713 4.21545 0 0 0 1 
-0.919515 0.297311 0.257098 1.97289 0.381979 0.830119 0.406195 -4.64255 0.0926562 -0.471708 0.876873 6.77561 0 0 0 1 
-0.869137 0.493985 -0.0240869 0.604115 0.488394 0.864936 0.115576 -6.61788 -0.0779265 -0.0886876 0.993007 7.63486 0 0 0 1 
-0.869137 0.493985 -0.0240864 0.604115 0.488395 0.864935 0.115577 -6.61788 -0.0779266 -0.0886886 0.993006 7.63486 0 0 0 1 
-0.869137 0.493986 -0.0240865 0.604113 0.488395 0.864935 0.115577 -6.61788 -0.0779264 -0.088688 0.993007 7.63486 0 0 0 1 
-0.869136 0.493986 -0.0240869 0.604111 0.488395 0.864935 0.115575 -6.61789 -0.0779262 -0.0886869 0.993007 7.63486 0 0 0 1 
-0.869136 0.493986 -0.0240867 0.604113 0.488395 0.864935 0.115576 -6.61789 -0.0779262 -0.0886874 0.993007 7.63486 0 0 0 1 
-0.897128 0.43288 0.0881854 1.16305 0.441303 0.868952 0.223994 -5.87879 -0.0203336 -0.239868 0.970593 7.44152 0 0 0 1 
-0.91511 0.348954 0.202002 1.71458 0.399864 0.849776 0.343496 -5.06728 0.051792 -0.39511 0.917173 7.05406 0 0 0 1 
-0.920482 0.239531 0.308767 2.20693 0.366463 0.803485 0.469167 -4.21595 0.135709 -0.545011 0.827373 6.44055 0 0 0 1 
-0.911633 0.104743 0.397436 2.57412 0.34261 0.727812 0.594061 -3.36729 0.227035 -0.677731 0.699383 5.59279 0 0 0 1 
-0.888611 -0.0527386 0.455619 2.74232 0.328147 0.620934 0.711871 -2.55978 0.320453 -0.782086 0.534463 4.52067 0 0 0 1 
-0.853098 -0.227961 0.469317 2.62876 0.320923 0.479959 0.816486 -1.82669 0.411379 -0.847157 0.336294 3.24734 0 0 0 1 
-0.806375 -0.407937 0.42819 2.18245 0.319416 0.308926 0.895845 -1.21809 0.497727 -0.859158 0.118808 1.8659 0 0 0 1 
-0.751762 -0.585703 0.302995 1.22885 0.315489 0.0840341 0.945201 -0.744848 0.579069 -0.806157 -0.121609 0.336764 0 0 0 1 
-0.906269 -0.422515 0.0125556 -0.421099 0.00625498 0.0162952 0.999848 0.104218 0.422656 -0.906209 0.012125 1.45878 0 0 0 1 
-0.985831 -0.167514 0.00876187 0.152614 0.00820638 0.00400761 0.999958 0.0788736 0.167541 -0.985862 0.00257623 1.62145 0 0 0 1 
-0.994587 0.103333 0.0109609 0.695769 0.0117894 0.00741059 0.999904 0.0794954 -0.103242 -0.99462 0.00858866 2.06516 0 0 0 1 
-0.945559 0.32527 0.0108066 1.03968 0.0131249 0.00493365 0.999902 0.0726647 -0.325185 -0.945608 0.00893425 2.4988 0 0 0 1 
-0.94556 0.32527 0.0108058 1.03967 0.0131241 0.00493402 0.999902 0.0726652 -0.325185 -0.945608 0.00893432 2.4988 0 0 0 1 
-0.94556 0.32527 0.0108053 1.03967 0.0131238 0.00493417 0.999902 0.0726676 -0.325185 -0.945608 0.00893435 2.4988 0 0 0 1 
-0.94556 0.32527 0.010805 1.03967 0.0131236 0.00493478 0.999902 0.0726705 -0.325185 -0.945608 0.00893482 2.49881 0 0 0 1 
-0.94556 0.32527 0.0108047 1.03966 0.0131232 0.0049348 0.999902 0.0726695 -0.325185 -0.945608 0.00893464 2.4988 0 0 0 1 
-0.970435 0.241119 0.0108735 0.918916 0.0128083 0.00645815 0.999897 0.0759931 -0.241024 -0.970474 0.00935552 2.32682 0 0 0 1 
-0.988522 0.150676 0.0109672 0.77608 0.0122294 0.00745363 0.999898 0.07864 -0.150579 -0.988555 0.0092106 2.15353 0 0 0 1 
-0.998407 0.0553665 0.0108868 0.610221 0.0113078 0.0072964 0.99991 0.0799317 -0.055282 -0.99844 0.00791078 1.97938 0 0 0 1 
-0.999026 -0.042883 0.0104216 0.421624 0.0101512 0.00651981 0.999928 0.0804 0.0429482 -0.999059 0.00607803 1.81404 0 0 0 1 
-0.989781 -0.142298 0.00923301 0.210056 0.0086542 0.00468574 0.999952 0.0793958 0.142334 -0.989813 0.00340635 1.65894 0 0 0 1 
-0.970485 -0.241064 0.00684475 -0.025077 0.00669155 0.00145399 0.999977 0.076478 0.241069 -0.970508 -0.000201955 1.51647 0 0 0 1 
-0.942216 -0.334916 0.00776974 -0.238412 0.00593876 0.00649065 0.999961 0.0870275 0.334954 -0.942225 0.00412653 1.46109 0 0 0 1 
-0.906269 -0.422515 0.0125556 -0.421102 0.00625487 0.0162954 0.999848 0.104198 0.422656 -0.906209 0.0121252 1.45878 0 0 0 1 
-0.906268 -0.419815 0.0493311 -0.127867 0.00625345 0.103375 0.994623 0.228028 0.422657 -0.901703 0.0910603 2.08572 0 0 0 1 
-0.969173 -0.24403 0.0339518 0.179825 0.00918293 0.101928 0.99475 0.221829 0.246209 -0.964397 0.0965454 2.27836 0 0 0 1 
-0.991917 0.126878 0.0015017 0.662147 0.0139839 0.0975465 0.995133 0.209301 -0.126114 -0.98711 0.0985323 2.81888 0 0 0 1 
-0.950958 0.308983 -0.0144306 0.819381 0.0156864 0.0947654 0.995376 0.203255 -0.308921 -0.946335 0.0949648 3.14665 0 0 0 1 
-0.950958 0.308983 -0.0144304 0.819382 0.0156865 0.0947653 0.995376 0.203253 -0.308921 -0.946335 0.0949646 3.14665 0 0 0 1 
-0.950958 0.308983 -0.0144304 0.819383 0.0156865 0.0947651 0.995376 0.203253 -0.308922 -0.946335 0.0949646 3.14664 0 0 0 1 
-0.950958 0.308982 -0.0144307 0.819381 0.0156862 0.0947655 0.995377 0.203256 -0.308921 -0.946335 0.0949648 3.14665 0 0 0 1 
-0.950958 0.308982 -0.0144306 0.819382 0.0156862 0.0947652 0.995377 0.203254 -0.308921 -0.946335 0.0949644 3.14664 0 0 0 1 
-0.959397 0.281801 -0.0120528 0.799453 0.0154611 0.0952086 0.995337 0.204131 -0.281634 -0.954738 0.0956998 3.09495 0 0 0 1 
-0.979121 0.203214 -0.00517701 0.734675 0.0147523 0.0964338 0.995231 0.206568 -0.202744 -0.974374 0.097418 2.95092 0 0 0 1 
-0.996513 0.0832677 0.00531679 0.616493 0.0135104 0.0981494 0.99508 0.210621 -0.0823362 -0.991682 0.098932 2.7465 0 0 0 1 
-0.998061 -0.0596436 0.01782 0.446417 0.0117903 0.0999626 0.994922 0.215464 0.0611224 -0.993202 0.0990654 2.52593 0 0 0 1 
-0.979063 -0.201305 0.0302138 0.246469 0.00982723 0.101512 0.994786 0.220317 0.203322 -0.974255 0.0974078 2.33187 0 0 0 1 
-0.947144 -0.31825 0.0404451 0.0565735 0.00800289 0.102594 0.994691 0.224413 0.32071 -0.942439 0.0946241 2.1911 0 0 0 1 
-0.917965 -0.39386 0.0470605 -0.0790536 0.00671648 0.103191 0.994639 0.227087 0.396604 -0.91336 0.0920801 2.11081 0 0 0 1 
-0.906268 -0.419815 0.0493309 -0.12787 0.0062532 0.103375 0.994623 0.228009 0.422657 -0.901703 0.0910606 2.08571 0 0 0 1 
-0.519605 -0.797625 -0.306277 -0.134943 -0.23732 -0.209628 0.948544 -0.607444 0.820786 -0.565554 0.0803685 0.449331 0 0 0 1 
-0.720934 -0.581204 -0.377434 0.186166 -0.17763 -0.371462 0.911298 -1.18865 0.669852 -0.724029 -0.16456 0.644663 0 0 0 1 
-0.872155 -0.349352 -0.342489 0.766903 -0.145494 -0.483167 0.863355 -1.8312 0.467094 -0.802809 -0.370568 0.848748 0 0 0 1 
-0.949107 -0.131738 -0.286079 1.36651 -0.167559 -0.557906 0.812813 -2.46453 0.266684 -0.819382 -0.507439 1.05357 0 0 0 1 
-0.949107 -0.131738 -0.286079 1.36651 -0.167559 -0.557906 0.812813 -2.46453 0.266684 -0.819381 -0.507439 1.05357 0 0 0 1 
-0.949107 -0.131738 -0.286079 1.36651 -0.167559 -0.557906 0.812813 -2.46453 0.266684 -0.819382 -0.507439 1.05357 0 0 0 1 
-0.949107 -0.131738 -0.286079 1.36651 -0.167559 -0.557906 0.812813 -2.46453 0.266684 -0.819381 -0.507439 1.05357 0 0 0 1 
-0.949107 -0.131738 -0.286079 1.36651 -0.167559 -0.557906 0.812813 -2.46453 0.266684 -0.819382 -0.507439 1.05357 0 0 0 1 
-0.924272 -0.217818 -0.31349 1.11875 -0.161406 -0.521211 0.838026 -2.21255 0.345932 -0.825163 -0.446583 0.992301 0 0 0 1 
-0.890433 -0.307438 -0.335576 0.880772 -0.158948 -0.480841 0.862281 -1.95828 0.426457 -0.821142 -0.37929 0.931481 0 0 0 1 
-0.847375 -0.398455 -0.350984 0.657892 -0.160747 -0.437482 0.884743 -1.7064 0.50608 -0.806128 -0.306661 0.869311 0 0 0 1 
-0.795376 -0.488594 -0.358682 0.454195 -0.167155 -0.392004 0.904651 -1.46111 0.582612 -0.779493 -0.230119 0.803353 0 0 0 1 
-0.735205 -0.575575 -0.358032 0.272391 -0.178278 -0.345406 0.921364 -1.226 0.653981 -0.74122 -0.151332 0.730844 0 0 0 1 
-0.668078 -0.657254 -0.348838 0.113794 -0.193975 -0.298767 0.934405 -1.00402 0.718363 -0.691922 -0.0721086 0.649066 0 0 0 1 
-0.59559 -0.731763 -0.331355 -0.0216018 -0.213858 -0.253168 0.943489 -0.797349 0.774298 -0.632795 0.00570894 0.55573 0 0 0 1 
-0.519605 -0.797625 -0.306277 -0.134944 -0.23732 -0.209628 0.948544 -0.607445 0.820786 -0.565554 0.0803685 0.449331 0 0 0 1 
-0.514048 -0.857584 0.0174434 1.388 -0.309769 0.204566 0.928545 -0.890955 0.799874 -0.471913 0.37081 1.74768 0 0 0 1 
-0.71592 -0.662141 0.221422 2.98965 -0.347453 0.612969 0.70961 -2.57453 0.605586 -0.43109 0.6689 4.35926 0 0 0 1 
-0.856722 -0.483008 0.180919 3.24621 -0.367557 0.81781 0.44282 -4.37401 0.361843 -0.312875 0.878168 6.39061 0 0 0 1 
-0.901737 -0.430174 0.0426724 3.02274 -0.411851 0.884906 0.217532 -5.87996 0.131338 -0.178582 0.97512 7.60584 0 0 0 1 
-0.901737 -0.430174 0.0426726 3.02274 -0.411851 0.884906 0.217533 -5.87996 0.131338 -0.178582 0.97512 7.60584 0 0 0 1 
-0.901737 -0.430174 0.0426725 3.02274 -0.411851 0.884906 0.217532 -5.87996 0.131338 -0.178582 0.97512 7.60584 0 0 0 1 
-0.901737 -0.430174 0.0426724 3.02274 -0.411851 0.884906 0.217532 -5.87996 0.131338 -0.178582 0.97512 7.60584 0 0 0 1 
-0.901737 -0.430174 0.0426724 3.02274 -0.411851 0.884906 0.217532 -5.87996 0.131338 -0.178582 0.97512 7.60584 0 0 0 1 
-0.890311 -0.446433 0.0896914 3.08656 -0.395532 0.85579 0.333435 -5.17871 0.225613 -0.261385 0.938497 7.12986 0 0 0 1 
-0.867338 -0.479841 0.132202 3.12101 -0.379182 0.809094 0.448986 -4.46257 0.322406 -0.339293 0.883705 6.54293 0 0 0 1 
-0.832251 -0.529604 0.163945 3.09688 -0.363371 0.744428 0.560168 -3.75103 0.418712 -0.406628 0.811993 5.85205 0 0 0 1 
-0.785375 -0.592571 0.179011 2.98579 -0.348657 0.662405 0.663067 -3.06356 0.511492 -0.458343 0.726841 5.07538 0 0 0 1 
-0.727917 -0.663515 0.172874 2.76524 -0.335556 0.564596 0.754079 -2.41864 0.597946 -0.490897 0.633625 4.24106 0 0 0 1 
-0.661837 -0.735839 0.143227 2.42292 -0.324504 0.453446 0.830111 -1.83288 0.675773 -0.50292 0.53889 3.38407 0 0 0 1 
-0.58963 -0.802596 0.0904276 1.95931 -0.315835 0.332166 0.888771 -1.3202 0.743361 -0.495486 0.449343 2.54152 0 0 0 1 
-0.514048 -0.857584 0.0174438 1.388 -0.309769 0.204567 0.928545 -0.890957 0.799874 -0.471913 0.370811 1.74768 0 0 0 1 
-0.707105 -0.706997 0.0125551 0.970231 0.000304773 0.0174509 0.999847 0.135797 0.707108 -0.707001 0.0121242 -0.451068 0 0 0 1 
-0.825277 -0.564695 0.00613057 1.43998 0.00361596 0.00557155 0.999978 0.121323 0.564716 -0.825281 0.00255612 0.448509 0 0 0 1 
-0.914299 -0.405006 0.00527985 2.03111 0.0040789 0.00382848 0.999985 0.120327 0.40502 -0.914306 0.00184831 1.44679 0 0 0 1 
-0.965897 -0.258905 0.00343193 2.57756 0.00412979 -0.00215143 0.999989 0.111261 0.258895 -0.965901 -0.00314721 2.27979 0 0 0 1 
-0.965897 -0.258905 0.00343208 2.57756 0.00412991 -0.00215143 0.99999 0.111263 0.258895 -0.965901 -0.00314735 2.27979 0 0 0 1 
-0.965897 -0.258905 0.00343197 2.57756 0.00412981 -0.00215127 0.999989 0.111263 0.258895 -0.965901 -0.00314711 2.27979 0 0 0 1 
