a
24
21
20
0
-0.829015 -0.543285 -0.132576 -0.25659 0.00362743 -0.242289 0.970197 -0.363421 0.559215 -0.803827 -0.202832 -0.485827 0 0 0 1 
-0.775929 -0.625192 -0.0840759 -0.162722 0.0950534 -0.247634 0.96418 -0.642223 0.623618 -0.740143 -0.251573 -0.580162 0 0 0 1 
-0.704039 -0.709279 -0.0353847 -0.0684843 0.195279 -0.24126 0.95061 -0.99019 0.682785 -0.662357 -0.308363 -0.690075 0 0 0 1 
-0.636742 -0.771073 -0.0023649 -0.00457707 0.27481 -0.229798 0.933634 -1.23565 0.720444 -0.593834 -0.35822 -0.786569 0 0 0 1 
-0.607455 -0.794337 0.00516096 0.00998867 0.307812 -0.229394 0.92338 -1.19536 0.732291 -0.5625 -0.383853 -0.836179 0 0 0 1 
-0.629901 -0.776558 -0.0135288 -0.0261839 0.287084 -0.248981 0.924982 -0.799512 0.721671 -0.578763 -0.379771 -0.828278 0 0 0 1 
-0.681607 -0.730034 -0.0496308 -0.0960564 0.230698 -0.278772 0.932237 -0.181217 0.6944 -0.623969 -0.35843 -0.786974 0 0 0 1 
-0.741903 -0.663489 -0.0967526 -0.187257 0.153011 -0.308022 0.938994 0.539831 0.652815 -0.681839 -0.330044 -0.732035 0 0 0 1 
-0.794141 -0.589792 -0.146578 -0.283691 0.0710002 -0.329575 0.941456 1.24848 0.603572 -0.737242 -0.303605 -0.680864 0 0 0 1 
-0.829015 -0.526451 -0.188638 -0.365094 0.00362869 -0.342376 0.939556 1.83682 0.559215 -0.778221 -0.285745 -0.646298 0 0 0 1 
-0.829015 -0.526451 -0.188638 -0.365094 0.00362869 -0.342376 0.939556 1.83682 0.559215 -0.778221 -0.285745 -0.646298 0 0 0 1 
-0.798894 -0.582228 -0.150926 -0.292106 0.0624855 -0.329911 0.941942 1.28928 0.598217 -0.743081 -0.299945 -0.67378 0 0 0 1 
-0.758758 -0.642167 -0.10912 -0.211193 0.127907 -0.31115 0.941714 0.664655 0.638691 -0.700576 -0.318225 -0.709161 0 0 0 1 
-0.710562 -0.700441 -0.0669628 -0.129601 0.194076 -0.286573 0.938195 0.00965762 0.67634 -0.65365 -0.339567 -0.750466 0 0 0 1 
-0.658243 -0.752288 -0.0278987 -0.0539957 0.255588 -0.258187 0.931673 -0.627149 0.70809 -0.606137 -0.362226 -0.794321 0 0 0 1 
-0.607455 -0.794337 0.00516096 0.00998867 0.307812 -0.229394 0.92338 -1.19536 0.732291 -0.5625 -0.383853 -0.836179 0 0 0 1 
-0.607455 -0.794337 0.00516096 0.00998867 0.307812 -0.229394 0.92338 -1.19536 0.732291 -0.5625 -0.383853 -0.836179 0 0 0 1 
-0.666606 -0.745146 -0.0198453 -0.0384089 0.242072 -0.241584 0.939701 -0.999288 0.705009 -0.621607 -0.34142 -0.754053 0 0 0 1 
-0.727559 -0.684034 -0.0524889 -0.101588 0.165289 -0.249033 0.954286 -0.783412 0.665836 -0.685623 -0.29425 -0.662759 0 0 0 1 
-0.783321 -0.61491 -0.0910731 -0.176265 0.0835806 -0.249365 0.964796 -0.566156 0.615973 -0.748133 -0.246728 -0.570783 0 0 0 1 
-0.829015 -0.543285 -0.132576 -0.25659 0.00362743 -0.242289 0.970197 -0.363421 0.559215 -0.803827 -0.202832 -0.485827 0 0 0 1 
-0.694658 -0.719231 0.012553 -0.0940735 -2.93556e-06 0.0174535 0.999848 -0.312288 0.719341 -0.694552 0.0121263 -0.184103 0 0 0 1 
-0.691638 -0.71009 0.131948 0.0623402 0.0415592 0.14326 0.988812 -0.587878 0.721048 -0.689383 0.0695735 -0.108808 0 0 0 1 
-0.682519 -0.682314 0.261945 0.233491 0.0864837 0.280487 0.955954 -0.945983 0.725733 -0.675111 0.132429 -0.0260145 0 0 0 1 
-0.670913 -0.647355 0.361673 0.365439 0.121486 0.385189 0.914807 -1.20736 0.731517 -0.657693 0.179783 0.0366776 0 0 0 1 
-0.665377 -0.632171 0.39703 0.412352 0.135604 0.420647 0.897033 -1.16876 0.734088 -0.650704 0.194164 0.0557981 0 0 0 1 
-0.670211 -0.649534 0.359058 0.361919 0.126136 0.377067 0.917557 -0.751272 0.731373 -0.660247 0.170785 0.0248014 0 0 0 1 
-0.679954 -0.680888 0.272131 0.246866 0.10094 0.280676 0.95448 -0.103364 0.726274 -0.676471 0.122117 -0.0395504 0 0 0 1 
-0.689026 -0.707691 0.156257 0.0942128 0.0662504 0.153199 0.985972 0.639684 0.721703 -0.689712 0.0586729 -0.123064 0 0 0 1 
-0.693939 -0.719145 0.0357628 -0.0637478 0.0297426 0.0209965 0.999337 1.35475 0.71942 -0.694542 -0.00681898 -0.208853 0 0 0 1 
-0.694657 -0.716603 -0.0626955 -0.192254 -1.27828e-06 -0.0871557 0.996195 1.93751 0.719341 -0.692014 -0.0605424 -0.278918 0 0 0 1 
-0.694657 -0.716603 -0.0626955 -0.192254 -1.27828e-06 -0.0871557 0.996195 1.93751 0.719341 -0.692014 -0.0605424 -0.278918 0 0 0 1 
-0.694177 -0.719389 0.0244572 -0.078529 0.02597 0.00892462 0.999623 1.3944 0.719336 -0.69455 -0.0124873 -0.216259 0 0 0 1 
-0.690914 -0.712445 0.122719 0.0501717 0.0551101 0.117352 0.99156 0.764839 0.720833 -0.691846 0.0418174 -0.145186 0 0 0 1 
-0.684515 -0.693994 0.223186 0.182301 0.0847447 0.228326 0.96989 0.0936188 0.724056 -0.682818 0.0974802 -0.0720383 0 0 0 1 
-0.675535 -0.665634 0.31715 0.306405 0.112305 0.332227 0.936489 -0.569257 0.728725 -0.668249 0.149677 -0.00315517 0 0 0 1 
-0.665377 -0.632171 0.39703 0.412352 0.135604 0.420647 0.897033 -1.16876 0.734088 -0.650704 0.194164 0.0557982 0 0 0 1 
-0.665377 -0.632171 0.39703 0.412352 0.135604 0.420647 0.897033 -1.16876 0.734088 -0.650704 0.194164 0.0557981 0 0 0 1 
-0.676509 -0.66527 0.315834 0.304703 0.10698 0.335542 0.935931 -0.957507 0.728623 -0.666954 0.155826 0.00494003 0 0 0 1 
-0.686049 -0.693637 0.219555 0.177574 0.0730292 0.234595 0.969346 -0.731005 0.72388 -0.681054 0.110288 -0.0552226 0 0 0 1 
-0.692317 -0.712273 0.115602 0.0408818 0.0363598 0.125566 0.991419 -0.51044 0.720676 -0.69058 0.0610334 -0.120022 0 0 0 1 
-0.694658 -0.719231 0.012553 -0.0940735 -2.93556e-06 0.0174535 0.999848 -0.312288 0.719341 -0.694552 0.0121263 -0.184103 0 0 0 1 
-0.694658 -0.691475 0.198276 -0.13433 -3.17155e-06 0.275638 0.961262 -0.29137 0.719341 -0.667747 0.191476 -0.222978 0 0 0 1 
-0.687297 -0.611806 0.391557 0.00889759 0.0724046 0.478667 0.875006 -0.546449 0.722759 -0.629739 0.284689 -0.154129 0 0 0 1 
-0.66177 -0.476313 0.578953 0.172322 0.148007 0.674037 0.723719 -0.875277 0.734952 -0.564624 0.37556 -0.0751883 0 0 0 1 
-0.629025 -0.338742 0.699701 0.304444 0.202642 0.797504 0.568264 -1.11018 0.750509 -0.499241 0.433006 -0.0124743 0 0 0 1 
-0.613552 -0.283516 0.737002 0.352826 0.223516 0.832799 0.506445 -1.06172 0.75736 -0.475462 0.447596 0.00739817 0 0 0 1 
-0.627054 -0.344174 0.698819 0.300381 0.210658 0.788751 0.577491 -0.655564 0.749951 -0.50933 0.422086 -0.0242789 0 0 0 1 
-0.654615 -0.465479 0.595659 0.184684 0.172428 0.67524 0.717161 -0.0314722 0.736035 -0.572172 0.36176 -0.0882377 0 0 0 1 
-0.680365 -0.591312 0.432958 0.0378045 0.115124 0.497202 0.859963 0.684253 0.723774 -0.634933 0.270205 -0.167814 0 0 0 1 
-0.693732 -0.678367 0.241978 -0.107972 0.0519124 0.288002 0.956222 1.3771 0.71836 -0.675924 0.164581 -0.246338 0 0 0 1 
-0.694657 -0.715401 0.0751908 -0.223064 -1.31352e-06 0.104529 0.994522 1.947 0.719341 -0.690852 0.0726125 -0.308671 0 0 0 1 
-0.694657 -0.715401 0.0751908 -0.223064 -1.31352e-06 0.104529 0.994522 1.947 0.719341 -0.690852 0.0726125 -0.308671 0 0 0 1 
-0.694297 -0.68422 0.223146 -0.121335 0.0453224 0.267875 0.962387 1.41505 0.71826 -0.678296 0.154974 -0.252975 0 0 0 1 
-0.685618 -0.620032 0.381428 -0.00334882 0.0960226 0.442361 0.891682 0.802655 0.7216 -0.647979 0.243754 -0.188306 0 0 0 1 
-0.667565 -0.523411 0.529526 0.121835 0.146066 0.605316 0.782469 0.153505 0.730083 -0.599695 0.327635 -0.119609 0 0 0 1 
-0.642058 -0.405148 0.650859 0.244089 0.189823 0.738513 0.646967 -0.48512 0.742785 -0.538938 0.397262 -0.0524308 0 0 0 1 
-0.613552 -0.283516 0.737002 0.352826 0.223516 0.832799 0.506445 -1.06172 0.75736 -0.475462 0.447596 0.00739812 0 0 0 1 
-0.613552 -0.283516 0.737002 0.352826 0.223516 0.832799 0.506445 -1.06172 0.75736 -0.475462 0.447596 0.00739817 0 0 0 1 
-0.644788 -0.405925 0.647668 0.242751 0.180833 0.742267 0.645244 -0.87309 0.742663 -0.533165 0.4052 -0.0445232 0 0 0 1 
-0.671763 -0.526149 0.521442 0.117958 0.12593 0.612563 0.780326 -0.670714 0.729983 -0.589859 0.34524 -0.103483 0 0 0 1 
-0.689135 -0.625285 0.366212 -0.0110835 0.0634127 0.451399 0.890066 -0.472255 0.721853 -0.636598 0.271423 -0.164554 0 0 0 1 
-0.694658 -0.691475 0.198276 -0.13433 -3.17155e-06 0.275638 0.961262 -0.29137 0.719341 -0.667747 0.191476 -0.222978 0 0 0 1 
-0.694658 -0.710484 -0.112531 0.588737 -2.84429e-06 -0.156433 0.987689 -0.0396838 0.719341 -0.686105 -0.108666 0.475282 0 0 0 1 
-0.67789 -0.723713 0.129246 0.688367 0.0659134 0.115266 0.991146 -0.549095 0.732203 -0.680407 0.0304353 0.462732 0 0 0 1 
-0.642003 -0.662914 0.385198 0.749265 0.121811 0.407836 0.904893 -1.09654 0.756964 -0.627865 0.181082 0.414328 0 0 0 1 
-0.613484 -0.547944 0.568679 0.754536 0.166925 0.613866 0.77156 -1.44154 0.771864 -0.568266 0.285131 0.374859 0 0 0 1 
-0.613553 -0.464606 0.63851 0.708375 0.223516 0.673345 0.704732 -1.39912 0.75736 -0.575108 0.309286 0.395012 0 0 0 1 
-0.658854 -0.451016 0.602076 0.598322 0.293275 0.583024 0.757676 -0.918237 0.692749 -0.675772 0.251856 0.48442 0 0 0 1 
-0.749208 -0.447062 0.488695 0.415502 0.334409 0.381562 0.861732 -0.149351 0.571715 -0.80904 0.136367 0.59721 0 0 0 1 
-0.862974 -0.389859 0.321381 0.146983 0.299818 0.116842 0.946814 0.760698 0.406675 -0.913432 -0.016055 0.68661 0 0 0 1 
-0.954728 -0.259916 0.144696 -0.188117 0.182988 -0.129632 0.974531 1.63689 0.234539 -0.95689 -0.171325 0.723171 0 0 0 1 
-0.994867 -0.100807 0.00881177 -0.515373 0.0378831 -0.290286 0.95619 2.31958 0.0938328 -0.951616 -0.292615 0.713168 0 0 0 1 
-0.994867 -0.100807 0.00881177 -0.515373 0.0378831 -0.290286 0.95619 2.31958 0.0938328 -0.951616 -0.292615 0.713168 0 0 0 1 
-0.959551 -0.2522 0.125125 -0.209594 0.166332 -0.14926 0.974708 1.68815 0.227145 -0.956094 -0.185172 0.723924 0 0 0 1 
-0.885469 -0.383323 0.262694 0.0967034 0.264299 0.0495411 0.963168 0.923165 0.382219 -0.922285 -0.0574446 0.697182 0 0 0 1 
-0.786853 -0.464891 0.405881 0.361766 0.305012 0.27879 0.910628 0.0967996 0.536498 -0.840329 0.0775695 0.624869 0 0 0 1 
-0.688998 -0.4876 0.536216 0.565271 0.284788 0.498198 0.81896 -0.704121 0.666466 -0.71697 0.204395 0.516299 0 0 0 1 
-0.613553 -0.464606 0.63851 0.708375 0.223516 0.673345 0.704732 -1.39912 0.75736 -0.575107 0.309286 0.395013 0 0 0 1 
-0.613553 -0.464606 0.63851 0.708375 0.223516 0.673345 0.704732 -1.39912 0.75736 -0.575108 0.309286 0.395013 0 0 0 1 
-0.644788 -0.579455 0.498478 0.708547 0.180833 0.517994 0.836051 -1.14661 0.742663 -0.629217 0.229212 0.426488 0 0 0 1 
-0.671763 -0.671403 0.312974 0.698623 0.12593 0.312845 0.941419 -0.821943 0.729983 -0.671824 0.125608 0.456961 0 0 0 1 
-0.689135 -0.717668 0.100224 0.662679 0.063413 0.0780523 0.994931 -0.441986 0.721853 -0.691997 0.00827909 0.476014 0 0 0 1 
-0.694658 -0.710484 -0.112531 0.588737 -2.84429e-06 -0.156433 0.987689 -0.0396838 0.719341 -0.686105 -0.108666 0.475282 0 0 0 1 
-0.694659 -0.691474 0.198276 -0.13433 -2.11014e-06 0.275639 0.961262 -0.291371 0.71934 -0.667748 0.191476 -0.222979 0 0 0 1 
-0.685312 -0.612721 0.3936 0.00453463 0.073973 0.47911 0.874633 -0.546721 0.724483 -0.628512 0.283014 -0.152412 0 0 0 1 
-0.655701 -0.478459 0.584067 0.160794 0.150309 0.675372 0.721998 -0.873803 0.739908 -0.561205 0.370925 -0.0705308 0 0 0 1 
-0.621879 -0.340868 0.705036 0.291968 0.203422 0.799081 0.565765 -1.10662 0.756231 -0.495257 0.427591 -0.00699311 0 0 0 1 
-0.613552 -0.283515 0.737002 0.352826 0.223518 0.832799 0.506445 -1.06172 0.757359 -0.475464 0.447595 0.00739843 0 0 0 1 
-0.643843 -0.339097 0.685916 0.33033 0.208451 0.784797 0.583646 -0.664163 0.736217 -0.518756 0.4346 -0.0366164 0 0 0 1 
-0.692418 -0.451897 0.562447 0.258862 0.157846 0.665792 0.72925 -0.0426068 0.704018 -0.593726 0.389676 -0.114878 0 0 0 1 
-0.735062 -0.565611 0.373855 0.162933 0.0727965 0.482381 0.872931 0.687402 0.67408 -0.668874 0.313406 -0.208762 0 0 0 1 
-0.753691 -0.638357 0.156363 0.0625928 -0.0288702 0.26984 0.962472 1.41291 0.656594 -0.720893 0.221806 -0.302624 0 0 0 1 
-0.748876 -0.66194 -0.0319487 -0.0212981 -0.117793 0.085512 0.98935 2.02236 0.652158 -0.744664 0.142009 -0.381076 0 0 0 1 
-0.748876 -0.66194 -0.0319487 -0.0212981 -0.117793 0.085512 0.98935 2.02236 0.652158 -0.744664 0.142009 -0.381076 0 0 0 1 
-0.753258 -0.643414 0.136458 0.0503812 -0.038144 0.249855 0.967532 1.45416 0.656618 -0.723596 0.212747 -0.310196 0 0 0 1 
-0.73999 -0.592257 0.31882 0.127207 0.0469105 0.427401 0.902844 0.812528 0.67098 -0.683052 0.28849 -0.23116 0 0 0 1 
-0.707918 -0.50737 0.491354 0.205379 0.124564 0.595087 0.79395 0.14723 0.695224 -0.623256 0.358072 -0.148658 0 0 0 1 
-0.662529 -0.398471 0.634252 0.282012 0.18477 0.733649 0.653926 -0.493415 0.725889 -0.550436 0.412439 -0.0672499 0 0 0 1 
-0.613552 -0.283515 0.737002 0.352826 0.223518 0.832799 0.506445 -1.06172 0.757359 -0.475463 0.447595 0.00739837 0 0 0 1 
-0.613552 -0.283515 0.737002 0.352827 0.223518 0.832799 0.506445 -1.06172 0.757359 -0.475463 0.447595 0.00739837 0 0 0 1 
-0.644788 -0.405924 0.647669 0.242751 0.180834 0.742267 0.645243 -0.87309 0.742663 -0.533166 0.4052 -0.0445235 0 0 0 1 
-0.671764 -0.526148 0.521442 0.117959 0.125931 0.612563 0.780326 -0.670714 0.729983 -0.589861 0.345239 -0.103482 0 0 0 1 
-0.689136 -0.625284 0.366212 -0.0110834 0.0634141 0.451398 0.890066 -0.472254 0.721852 -0.6366 0.271423 -0.164554 0 0 0 1 
-0.694659 -0.691474 0.198276 -0.13433 -2.11014e-06 0.275639 0.961262 -0.291371 0.71934 -0.667748 0.191476 -0.222979 0 0 0 1 
-0.982893 -0.149942 -0.106949 0.575011 -0.00957779 -0.53829 0.842705 0.32179 0.183926 -0.829314 -0.527646 1.92209 0 0 0 1 
-0.976587 -0.214982 0.00777389 0.915021 0.0786462 -0.323159 0.943071 -0.248684 0.200231 -0.921603 -0.3325 1.88267 0 0 0 1 
-0.956113 -0.253454 0.146999 1.25383 0.169716 -0.0701056 0.982996 -0.923277 0.238839 -0.964804 -0.110044 1.77511 0 0 0 1 
-0.930753 -0.254574 0.262471 1.47963 0.228279 0.156185 0.960987 -1.42177 0.285636 -0.954358 0.0872557 1.5986 0 0 0 1 
-0.920532 -0.238143 0.309692 1.53486 0.234964 0.295829 0.925893 -1.44336 0.312111 -0.92508 0.216365 1.3968 0 0 0 1 
-0.933547 -0.226133 0.278127 1.41684 0.191977 0.339832 0.920684 -0.917265 0.302714 -0.912896 0.273836 1.19633 0 0 0 1 
-0.95581 -0.218723 0.196434 1.1728 0.117736 0.327465 0.937499 -0.11218 0.269378 -0.919199 0.287243 0.99666 0 0 0 1 
-0.973944 -0.209263 0.0874242 0.84879 0.0251008 0.283653 0.958599 0.745928 0.225397 -0.935816 0.271009 0.807428 0 0 0 1 
-0.980617 -0.194411 -0.0243989 0.521859 -0.0704054 0.233413 0.969825 1.49589 0.182849 -0.952745 0.242576 0.645485 0 0 0 1 
-0.977297 -0.178436 -0.114239 0.271295 -0.150047 0.202214 0.967779 2.05399 0.149586 -0.962949 0.224397 0.519151 0 0 0 1 
-0.977297 -0.178436 -0.114239 0.271295 -0.150047 0.202214 0.967779 2.05399 0.149586 -0.962949 0.224397 0.519151 0 0 0 1 
-0.980627 -0.19264 -0.035507 0.493638 -0.0779594 0.21752 0.972938 1.53487 0.179703 -0.956857 0.228324 0.652264 0 0 0 1 
-0.976852 -0.20705 0.0537684 0.762252 0.00346384 0.236008 0.971745 0.884979 0.21389 -0.949437 0.229828 0.824665 0 0 0 1 
-0.964498 -0.220045 0.146031 1.04791 0.087256 0.256382 0.962629 0.132698 0.249261 -0.941195 0.228079 1.02136 0 0 0 1 
-0.94458 -0.230554 0.233694 1.31556 0.166527 0.276967 0.946339 -0.669713 0.282908 -0.93281 0.223224 1.22 0 0 0 1 
-0.920532 -0.238144 0.309692 1.53486 0.234964 0.295829 0.925893 -1.44336 0.312111 -0.92508 0.216365 1.3968 0 0 0 1 
-0.920532 -0.238143 0.309692 1.53486 0.234964 0.295829 0.925893 -1.44336 0.312111 -0.92508 0.216365 1.3968 0 0 0 1 
-0.943803 -0.251266 0.214713 1.36299 0.193573 0.106326 0.975308 -1.07107 0.267891 -0.962061 0.0517126 1.57314 0 0 0 1 
-0.964405 -0.242941 0.104423 1.13674 0.13533 -0.114183 0.9842 -0.625042 0.227179 -0.963298 -0.142995 1.74089 0 0 0 1 
-0.978096 -0.20802 -0.00749383 0.866851 0.0647909 -0.33846 0.938748 -0.144643 0.197815 -0.9177 -0.344524 1.86466 0 0 0 1 
-0.982893 -0.149942 -0.106949 0.575011 -0.00957779 -0.53829 0.842705 0.32179 0.183926 -0.829314 -0.527646 1.92209 0 0 0 1 
-0.728555 -0.353443 -0.586759 -0.282198 0.503662 -0.856976 -0.109164 -1.47484 0.464255 0.37506 -0.80237 -0.0608653 0 0 0 1 
-0.688087 -0.481527 -0.542833 -0.0313754 0.438951 -0.871907 0.217028 -1.27377 0.577805 0.0889431 -0.811314 -0.343725 0 0 0 1 
-0.653369 -0.612508 -0.444907 0.318368 0.35685 -0.76749 0.532558 -1.15603 0.667658 -0.189192 -0.720028 -0.483084 0 0 0 1 
-0.653054 -0.695241 -0.300268 0.702446 0.261586 -0.579173 0.772095 -1.01904 0.710699 -0.425673 -0.560097 -0.465318 0 0 0 1 
-0.704425 -0.694105 -0.14834 1.01219 0.175147 -0.372519 0.911347 -0.72132 0.68783 -0.615994 -0.383981 -0.312551 0 0 0 1 
-0.796347 -0.604173 -0.028416 1.14936 0.106183 -0.1859 0.976815 -0.1962 0.595447 -0.774866 -0.212194 -0.0607848 0 0 0 1 
-0.889968 -0.454292 0.0396927 1.08378 0.0484227 -0.00759333 0.998798 0.405199 0.453445 -0.89082 -0.0287558 0.248651 0 0 0 1 
-0.958047 -0.282795 0.0466182 0.839403 -0.00201865 0.169306 0.985562 0.936187 0.286605 -0.94412 0.162774 0.571584 0 0 0 1 
-0.991427 -0.130534 0.00581764 0.518162 -0.0401339 0.346591 0.937157 1.29402 0.124347 -0.928889 0.348859 0.859338 0 0 0 1 
-0.998534 -0.0221281 -0.0493962 0.241637 -0.0537324 0.515105 0.855442 1.44602 -0.006515 -0.856842 0.515539 1.05892 0 0 0 1 
-0.998534 -0.0221281 -0.0493962 0.241637 -0.0537324 0.515105 0.855442 1.44602 -0.006515 -0.856842 0.515539 1.05892 0 0 0 1 
-0.991679 -0.128648 -0.00484879 0.490811 -0.0479437 0.334094 0.94132 1.33154 0.119479 -0.933719 0.337482 0.873443 0 0 0 1 
-0.961989 -0.272609 0.0161838 0.751157 -0.0191802 0.126561 0.991774 1.05399 0.272415 -0.953765 0.126979 0.596532 0 0 0 1 
-0.901034 -0.43374 -0.0026703 0.952398 0.0338916 -0.0765401 0.996491 0.5855 0.432422 -0.897781 -0.0836652 0.266001 0 0 0 1 
-0.810451 -0.582427 -0.0628395 1.0412 0.103288 -0.247661 0.963325 -0.0385841 0.576629 -0.774237 -0.260875 -0.0559404 0 0 0 1 
-0.704425 -0.694105 -0.14834 1.01219 0.175146 -0.372519 0.911347 -0.72132 0.68783 -0.615994 -0.383981 -0.312551 0 0 0 1 
-0.704425 -0.694105 -0.14834 1.01219 0.175147 -0.372519 0.911347 -0.72132 0.68783 -0.615994 -0.383981 -0.312551 0 0 0 1 
-0.692483 -0.657929 -0.295969 0.665332 0.24364 -0.599424 0.762451 -0.756091 0.679049 -0.455874 -0.575388 -0.419482 0 0 0 1 
-0.689504 -0.579204 -0.434865 0.294746 0.332973 -0.786689 0.519856 -0.9174 0.643206 -0.213644 -0.735284 -0.447885 0 0 0 1 
-0.701483 -0.46923 -0.536419 -0.036446 0.426935 -0.879346 0.210894 -1.18271 0.570656 0.0810779 -0.817177 -0.334481 0 0 0 1 
-0.728555 -0.353443 -0.586759 -0.282198 0.503662 -0.856976 -0.109164 -1.47484 0.464255 0.37506 -0.80237 -0.0608653 0 0 0 1 
-0.648352 -0.366768 -0.667175 -0.733259 0.569475 -0.815244 -0.105242 -1.73378 0.505311 0.448173 -0.737429 -0.12302 0 0 0 1 
-0.603083 -0.494202 -0.626143 -0.506382 0.477762 -0.852377 0.212597 -1.4372 0.638776 0.170934 -0.750165 -0.492154 0 0 0 1 
-0.568036 -0.627888 -0.532064 -0.164085 0.36142 -0.771129 0.524152 -1.18781 0.739399 -0.105438 -0.66496 -0.684583 0 0 0 1 
-0.574595 -0.718313 -0.392259 0.240008 0.232806 -0.602928 0.763072 -0.917425 0.784628 -0.347137 -0.513667 -0.689368 0 0 0 1 
-0.638971 -0.72892 -0.245748 0.593537 0.120433 -0.410329 0.903951 -0.512618 0.759745 -0.548002 -0.349974 -0.548241 0 0 0 1 
-0.747014 -0.651903 -0.130359 0.788454 0.0332485 -0.232474 0.972034 0.09008 0.663977 -0.721789 -0.195336 -0.31011 0 0 0 1 
-0.856384 -0.512395 -0.0637005 0.784031 -0.0384341 -0.0597686 0.997472 0.753072 0.514906 -0.856668 -0.0314915 -0.00335288 0 0 0 1 
-0.936536 -0.346307 -0.0545128 0.591895 -0.0996752 0.11396 0.988473 1.33432 0.336102 -0.931174 0.141245 0.337901 0 0 0 1 
-0.97671 -0.194496 -0.0905985 0.305528 -0.145627 0.290818 0.945631 1.73257 0.157574 -0.936801 0.312368 0.66742 0 0 0 1 
-0.986477 -0.0838852 -0.140805 0.0476832 -0.163703 0.462367 0.871446 1.91458 0.00799811 -0.882712 0.469846 0.927775 0 0 0 1 
-0.986477 -0.0838852 -0.140805 0.0476832 -0.163703 0.462367 0.871446 1.91458 0.00799811 -0.882712 0.469846 0.927775 0 0 0 1 
-0.976161 -0.192043 -0.101138 0.275154 -0.152885 0.277631 0.948445 1.76572 0.154063 -0.941297 0.300373 0.675072 0 0 0 1 
-0.938507 -0.334727 -0.0846385 0.496196 -0.114307 0.0699159 0.990982 1.43604 0.32579 -0.939718 0.103878 0.344722 0 0 0 1 
-0.865113 -0.490285 -0.105825 0.643607 -0.0478922 -0.129277 0.990452 0.905437 0.499284 -0.861921 -0.088358 -0.0108783 0 0 0 1 
-0.759537 -0.629241 -0.164803 0.67389 0.0358306 -0.293451 0.955302 0.22047 0.649477 -0.719682 -0.245433 -0.324916 0 0 0 1 
-0.638971 -0.72892 -0.245748 0.593537 0.120432 -0.410329 0.903951 -0.512618 0.759745 -0.548002 -0.349973 -0.548241 0 0 0 1 
-0.638971 -0.72892 -0.245747 0.593538 0.120433 -0.410328 0.903951 -0.512617 0.759745 -0.548002 -0.349974 -0.548241 0 0 0 1 
-0.616741 -0.683924 -0.389716 0.21105 0.217217 -0.623731 0.750851 -0.668069 0.756603 -0.378427 -0.533241 -0.664947 0 0 0 1 
-0.607131 -0.597598 -0.523708 -0.17846 0.340131 -0.791099 0.508403 -0.964459 0.718125 -0.130538 -0.683562 -0.667509 0 0 0 1 
-0.617808 -0.483171 -0.62037 -0.507121 0.466872 -0.860227 0.205038 -1.35295 0.632728 0.16296 -0.757033 -0.488946 0 0 0 1 
-0.648352 -0.366768 -0.667175 -0.733259 0.569475 -0.815244 -0.105242 -1.73378 0.505311 0.448173 -0.737429 -0.12302 0 0 0 1 
-0.694659 -0.691474 0.198276 -0.134329 -2.16346e-06 0.275638 0.961262 -0.291371 0.71934 -0.667748 0.191476 -0.222978 0 0 0 1 
-0.739379 -0.558437 0.376122 -0.00815856 0.088813 0.472858 0.876652 -0.539115 0.667407 -0.681582 0.300024 -0.191615 0 0 0 1 
-0.749772 -0.370541 0.548216 0.146455 0.214989 0.647136 0.731433 -0.846018 0.625797 -0.666268 0.405542 -0.148848 0 0 0 1 
-0.728799 -0.191703 0.657345 0.279194 0.332871 0.739745 0.584786 -1.05413 0.598373 -0.645002 0.475313 -0.114644 0 0 0 1 
-0.707725 -0.126811 0.695014 0.32637 0.379775 0.761248 0.525617 -0.992512 0.595731 -0.635941 0.490595 -0.0956792 0 0 0 1 
-0.701976 -0.225327 0.675616 0.26298 0.328147 0.73961 0.58762 -0.59743 0.632099 -0.634196 0.445248 -0.0819418 0 0 0 1 
-0.704178 -0.390365 0.593084 0.138147 0.246352 0.649085 0.719722 0.0103145 0.665916 -0.65292 0.360905 -0.0939243 0 0 0 1 
-0.691326 -0.564431 0.451095 -0.00976938 0.164099 0.485349 0.858783 0.715212 0.703662 -0.667723 0.242912 -0.117354 0 0 0 1 
-0.660396 -0.69755 0.278032 -0.149435 0.106659 0.279368 0.954242 1.41129 0.743304 -0.659832 0.110093 -0.141187 0 0 0 1 
-0.623186 -0.772062 0.124738 -0.256542 0.0840988 0.0924166 0.992163 1.99789 0.777539 -0.628792 -0.00733681 -0.156888 0 0 0 1 
-0.623186 -0.772062 0.124738 -0.256542 0.0840988 0.0924166 0.992163 1.99789 0.777539 -0.628792 -0.00733681 -0.156888 0 0 0 1 
-0.658532 -0.706476 0.259283 -0.160651 0.0998894 0.259432 0.960582 1.44877 0.745894 -0.658473 0.100275 -0.147384 0 0 0 1 
-0.692473 -0.600452 0.399922 -0.0469521 0.139185 0.432731 0.890714 0.829525 0.70789 -0.672459 0.21608 -0.136828 0 0 0 1 
-0.715122 -0.458718 0.527426 0.0790863 0.202564 0.586168 0.784459 0.185088 0.669005 -0.667821 0.326262 -0.1242 0 0 0 1 
-0.719143 -0.297722 0.627849 0.20923 0.282215 0.700536 0.655441 -0.440554 0.634971 -0.648545 0.419764 -0.10916 0 0 0 1 
-0.704217 -0.140799 0.695883 0.331448 0.364574 0.769337 0.524602 -1.00117 0.609232 -0.623135 0.490448 -0.0930683 0 0 0 1 
-0.707725 -0.126811 0.695014 0.326371 0.379775 0.761248 0.525617 -0.992513 0.595731 -0.635941 0.490595 -0.0956786 0 0 0 1 
-0.739667 -0.276814 0.613406 0.211634 0.283056 0.698973 0.656747 -0.827169 0.610551 -0.659402 0.438653 -0.127444 0 0 0 1 
-0.749481 -0.436526 0.497719 0.0902708 0.175894 0.593488 0.785387 -0.647986 0.638232 -0.676178 0.368026 -0.160737 0 0 0 1 
-0.732472 -0.581214 0.354507 -0.0272094 0.0766213 0.447036 0.891228 -0.466168 0.676472 -0.679962 0.282908 -0.193025 0 0 0 1 
-0.694659 -0.691474 0.198276 -0.134329 -2.16346e-06 0.275638 0.961262 -0.291371 0.71934 -0.667748 0.191476 -0.222978 0 0 0 1 
-0.885961 -0.310718 -0.344279 0.145179 -0.203642 -0.406313 0.890752 -0.205995 0.416658 -0.859281 -0.296702 0.0643368 0 0 0 1 
-0.865146 -0.450889 -0.219593 0.610677 -0.147367 -0.189975 0.970666 -0.771882 0.47938 -0.872129 -0.0979098 0.166877 0 0 0 1 
-0.829715 -0.554309 -0.0656895 1.02508 -0.10733 0.0429442 0.993296 -1.51959 0.547772 -0.831202 0.0951256 0.263901 0 0 0 1 
-0.800766 -0.592385 0.088621 1.21478 -0.0592652 0.225587 0.972419 -2.09115 0.596038 -0.773428 0.215751 0.339968 0 0 0 1 
-0.853515 -0.495744 0.160466 1.05978 0.117602 0.11674 0.986175 -1.83714 0.507623 -0.860587 0.041339 0.539592 0 0 0 1 
-0.869591 -0.460113 0.179186 0.830395 0.155273 0.0896688 0.983794 -1.17945 0.468724 -0.883321 0.00653188 0.413082 0 0 0 1 
-0.882236 -0.429784 0.192213 0.441933 0.179048 0.0713099 0.981253 -0.21277 0.435433 -0.900112 -0.0140396 0.18154 0 0 0 1 
-0.892681 -0.403168 0.201436 -0.0799943 0.194467 0.058636 0.979155 0.80624 0.406576 -0.913245 -0.0260597 -0.124325 0 0 0 1 
-0.901548 -0.378732 0.209221 -0.646502 0.20661 0.0480321 0.977244 1.67638 0.380163 -0.924259 -0.0349466 -0.446282 0 0 0 1 
-0.909041 -0.354969 0.218268 -1.13103 0.220197 0.0355016 0.974809 2.30064 0.353776 -0.934204 -0.0458907 -0.712516 0 0 0 1 
-0.909041 -0.354969 0.218268 -1.13103 0.220197 0.0355016 0.974809 2.30064 0.353776 -0.934204 -0.0458907 -0.712516 0 0 0 1 
-0.89641 -0.401754 0.187201 -0.639606 0.169204 0.0801856 0.982314 1.63347 0.409659 -0.912231 0.00390097 -0.482755 0 0 0 1 
-0.876183 -0.457076 0.152923 -0.0799894 0.104259 0.130031 0.986013 0.776454 0.470567 -0.879872 0.0662766 -0.235184 0 0 0 1 
-0.84982 -0.512687 0.122305 0.475558 0.0359455 0.17513 0.983889 -0.209679 0.525846 -0.840525 0.1304 0.000609994 0 0 0 1 
-0.822214 -0.560322 0.100023 0.955734 -0.0230766 0.208405 0.97777 -1.23207 0.568711 -0.801628 0.184283 0.205397 0 0 0 1 
-0.800766 -0.592385 0.0886208 1.30677 -0.0592653 0.225587 0.972419 -2.17185 0.596038 -0.773428 0.21575 0.375918 0 0 0 1 
-0.853515 -0.495744 0.160466 1.05978 0.117602 0.11674 0.986175 -1.83714 0.507623 -0.860587 0.0413389 0.539592 0 0 0 1 
-0.881993 -0.468344 0.0523676 0.900764 0.0697826 -0.0198962 0.997364 -1.36321 0.466067 -0.883323 -0.0502305 0.465023 0 0 0 1 
-0.897919 -0.432714 -0.0806293 0.694634 -0.0135477 -0.155925 0.987676 -0.915553 0.439953 -0.887946 -0.134146 0.347871 0 0 0 1 
-0.89802 -0.381145 -0.219747 0.439509 -0.111383 -0.286244 0.951661 -0.524486 0.425622 -0.879086 -0.214599 0.206506 0 0 0 1 
-0.885961 -0.310718 -0.344279 0.145179 -0.203642 -0.406313 0.890752 -0.205995 0.416658 -0.859281 -0.296702 0.0643368 0 0 0 1 
-0.707274 0.691763 0.145698 0.12286 -0.702331 -0.711073 -0.0332632 -1.95525 -0.080592 0.125855 -0.98877 -2.61652 0 0 0 1 
-0.873088 0.482888 -0.067351 -0.0992301 -0.481615 -0.83266 0.273358 -1.62575 -0.0759209 -0.271103 -0.959552 -2.46427 0 0 0 1 
-0.967191 0.185165 -0.173941 -0.0555251 -0.253076 -0.762153 0.595883 -1.51052 0.022233 -0.620353 -0.784008 -1.96612 0 0 0 1 
-0.974769 -0.173554 -0.140373 0.222824 -0.0416624 -0.476357 0.878264 -1.51152 0.219294 -0.861953 -0.457108 -1.08451 0 0 0 1 
-0.821944 -0.529638 0.209504 1.20917 0.0945705 0.235816 0.967185 -2.01468 0.561662 -0.814785 0.14374 0.719859 0 0 0 1 
-0.806495 -0.521651 0.278292 1.12445 0.101111 0.342068 0.93422 -1.57689 0.582532 -0.781581 0.223131 0.788896 0 0 0 1 
-0.809939 -0.500528 0.305729 0.779039 0.111205 0.380756 0.917965 -0.705726 0.575875 -0.777494 0.252728 0.647435 0 0 0 1 
-0.822612 -0.476241 0.310652 0.250001 0.125437 0.380888 0.916073 0.299285 0.554595 -0.792539 0.253585 0.372904 0 0 0 1 
-0.836522 -0.452089 0.309589 -0.336233 0.140141 0.369692 0.918525 1.17998 0.529708 -0.811752 0.2459 0.0629324 0 0 0 1 
-0.845157 -0.43098 0.316174 -0.823339 0.151198 0.374595 0.914778 1.78157 0.512687 -0.820936 0.251428 -0.16684 0 0 0 1 
-0.845157 -0.43098 0.316174 -0.823339 0.151198 0.374595 0.914778 1.78157 0.512687 -0.820936 0.251428 -0.16684 0 0 0 1 
-0.874043 -0.432837 0.220684 -0.528633 0.151093 0.189541 0.970178 1.48244 0.461757 -0.881321 0.100268 -0.299336 0 0 0 1 
-0.913814 -0.394005 0.0985049 -0.274531 0.1248 -0.0416107 0.991309 0.982346 0.386482 -0.918166 -0.087196 -0.539644 0 0 0 1 
-0.949827 -0.312341 -0.0164907 -0.065228 0.06849 -0.259144 0.963407 0.234491 0.305185 -0.913941 -0.267534 -0.818046 0 0 0 1 
-0.970344 -0.220977 -0.0979847 0.123773 0.00194182 -0.412465 0.910971 -0.68205 0.241719 -0.883766 -0.400662 -1.02711 0 0 0 1 
-0.974769 -0.173554 -0.140374 0.314807 -0.0416628 -0.476358 0.878264 -1.59222 0.219294 -0.861952 -0.457108 -1.04856 0 0 0 1 
-0.821944 -0.529638 0.209503 1.20917 0.0945705 0.235816 0.967185 -2.01468 0.561662 -0.814785 0.143739 0.71986 0 0 0 1 
-0.912933 -0.408008 0.00913538 0.734656 0.0763638 -0.148792 0.985916 -1.24354 0.400902 -0.900772 -0.166994 0.220186 0 0 0 1 
-0.982899 -0.0796232 -0.166045 0.102244 -0.082942 -0.613629 0.785226 -0.857196 0.164412 -0.78557 -0.596531 -0.815392 0 0 0 1 
-0.91979 0.372411 -0.12368 -0.194086 -0.391176 -0.845173 0.364231 -1.22402 -0.0311123 -0.383397 -0.923059 -1.95859 0 0 0 1 
-0.707274 0.691763 0.145698 0.12286 -0.702331 -0.711073 -0.0332632 -1.95525 -0.080592 0.125855 -0.98877 -2.61652 0 0 0 1 
-0.642196 0.726917 0.243262 0.540248 -0.750171 -0.661228 -0.00451478 -2.10229 -0.15757 0.185388 -0.96995 -2.89677 0 0 0 1 
-0.810606 0.585545 0.00738981 0.235576 -0.557343 -0.775315 0.297078 -1.89095 -0.179682 -0.236695 -0.954825 -2.8618 0 0 0 1 
-0.929519 0.349534 -0.117559 0.123874 -0.342891 -0.701868 0.624345 -1.8211 -0.135718 -0.620651 -0.772252 -2.53984 0 0 0 1 
-0.99531 0.0423714 -0.0869626 0.154538 -0.0967253 -0.422702 0.901092 -1.69882 -0.00142136 -0.905278 -0.424818 -1.83735 0 0 0 1 
-0.912362 -0.305241 0.272808 0.892355 0.198704 0.252444 0.94699 -1.66735 0.357929 -0.918205 0.169668 0.0448339 0 0 0 1 
-0.88059 -0.330835 0.339279 0.87929 0.223772 0.340801 0.913116 -1.15363 0.417717 -0.880001 0.226074 0.214647 0 0 0 1 
-0.863771 -0.348179 0.364242 0.622215 0.234056 0.36291 0.90195 -0.264866 0.446227 -0.864331 0.231978 0.155603 0 0 0 1 
-0.855957 -0.364 0.367209 0.184053 0.241379 0.346748 0.906368 0.733158 0.457247 -0.864448 0.208939 -0.0491645 0 0 0 1 
-0.850668 -0.378659 0.364665 -0.315808 0.249212 0.320308 0.913945 1.60429 0.462879 -0.868343 0.178109 -0.294819 0 0 0 1 
-0.842218 -0.392275 0.36985 -0.72613 0.255991 0.312777 0.91468 2.20367 0.474487 -0.865038 0.163007 -0.461387 0 0 0 1 
-0.842218 -0.392275 0.36985 -0.72613 0.255991 0.312777 0.91468 2.20367 0.474487 -0.865038 0.163007 -0.461387 0 0 0 1 
-0.891165 -0.35738 0.279471 -0.513213 0.246223 0.136399 0.959568 1.84418 0.38105 -0.923945 0.0335588 -0.713433 0 0 0 1 
-0.946728 -0.277928 0.162674 -0.325921 0.190932 -0.0776433 0.978528 1.22308 0.259329 -0.957459 -0.126572 -1.0782 0 0 0 1 
-0.986337 -0.157243 0.0491348 -0.144217 0.0905213 -0.268109 0.959127 0.313337 0.137643 -0.950469 -0.278679 -1.45623 0 0 0 1 
-0.998788 -0.0324882 -0.0369796 0.0520098 -0.0214637 -0.388624 0.921146 -0.761206 0.0442975 -0.920824 -0.387456 -1.73125 0 0 0 1 
-0.99531 0.0423713 -0.0869629 0.246521 -0.0967258 -0.422702 0.901092 -1.77952 -0.00142115 -0.905277 -0.424818 -1.8014 0 0 0 1 
-0.912362 -0.305241 0.272808 0.892355 0.198704 0.252444 0.94699 -1.66735 0.357929 -0.918205 0.169668 0.0448345 0 0 0 1 
-0.974664 -0.211906 0.0716058 0.53674 0.101878 -0.135569 0.985516 -1.15367 0.199129 -0.967842 -0.153723 -0.487331 0 0 0 1 
-0.991795 0.0791805 -0.100369 0.126013 -0.127795 -0.592876 0.795089 -1.0166 -0.00344935 -0.801392 -0.598131 -1.44542 0 0 0 1 
-0.87811 0.476513 -0.0430915 0.0727537 -0.455967 -0.806144 0.377129 -1.46076 -0.144969 -0.350809 -0.925158 -2.40652 0 0 0 1 
-0.642196 0.726917 0.243262 0.540248 -0.750171 -0.661228 -0.00451478 -2.10229 -0.15757 0.185388 -0.96995 -2.89677 0 0 0 1 
-0.992879 -0.118965 0.00627682 -0.281546 -0.0160252 0.185584 0.982498 -0.274242 0.118048 -0.9754 0.186169 -0.382345 0 0 0 1 
-0.96992 -0.203623 0.133392 0.28791 0.0756654 0.268642 0.960264 -0.550463 0.231367 -0.941472 0.245154 -0.124521 0 0 0 1 
-0.918934 -0.280619 0.27715 0.858837 0.163153 0.369296 0.914878 -1.10429 0.359082 -0.885931 0.293575 0.196535 0 0 0 1 
-0.859121 -0.32971 0.39141 1.23735 0.22238 0.448327 0.865765 -1.6614 0.460932 -0.830839 0.311846 0.472288 0 0 0 1 
-0.829978 -0.350311 0.434073 1.36699 0.246923 0.467047 0.849056 -1.771 0.500166 -0.81188 0.301139 0.600077 0 0 0 1 
-0.850917 -0.347304 0.394107 1.27763 0.239479 0.411272 0.879491 -1.23388 0.467536 -0.842755 0.266787 0.553864 0 0 0 1 
-0.898111 -0.319954 0.301706 1.00119 0.203608 0.305569 0.930146 -0.341791 0.389796 -0.896804 0.20929 0.397103 0 0 0 1 
-0.946894 -0.264502 0.182841 0.557808 0.139592 0.174108 0.974782 0.616573 0.289665 -0.948539 0.127939 0.189076 0 0 0 1 
-0.979686 -0.189331 0.0660973 0.045356 0.0586551 0.0446511 0.997279 1.42503 0.191767 -0.980897 0.0326388 -0.000631094 0 0 0 1 
-0.992879 -0.11695 -0.0226891 -0.388876 -0.0160243 -0.0576177 0.99821 1.9944 0.118048 -0.991465 -0.0553333 -0.120034 0 0 0 1 
-0.992879 -0.11695 -0.0226891 -0.388876 -0.0160243 -0.0576177 0.99821 1.9944 0.118048 -0.991465 -0.0553333 -0.120034 0 0 0 1 
-0.982744 -0.171545 0.0691834 -0.0659587 0.0563651 0.0785044 0.995319 1.44443 0.176173 -0.982044 0.0674805 -0.175464 0 0 0 1 
-0.959654 -0.215282 0.180878 0.269659 0.127767 0.23917 0.962535 0.78495 0.250477 -0.946811 0.202014 -0.22801 0 0 0 1 
-0.923318 -0.241023 0.298986 0.58454 0.186375 0.399483 0.897596 0.0547519 0.33578 -0.884489 0.323929 -0.238147 0 0 0 1 
-0.877726 -0.250144 0.408686 0.853001 0.225827 0.536301 0.813255 -0.711613 0.422609 -0.806108 0.414237 -0.180614 0 0 0 1 
-0.829978 -0.252407 0.497421 1.06412 0.246922 0.63337 0.733398 -1.47372 0.500166 -0.731528 0.463358 -0.0492722 0 0 0 1 
-0.829978 -0.350311 0.434073 1.36699 0.246923 0.467047 0.849056 -1.771 0.500166 -0.81188 0.301139 0.600078 0 0 0 1 
-0.886334 -0.322474 0.3323 1.12233 0.200203 0.380216 0.90297 -1.28783 0.41753 -0.866861 0.272438 0.445412 0 0 0 1 
-0.937089 -0.267404 0.22441 0.721273 0.137497 0.308151 0.941349 -0.81821 0.320872 -0.912983 0.251998 0.176117 0 0 0 1 
-0.973946 -0.196004 0.114066 0.225798 0.063788 0.245904 0.967193 -0.465514 0.217623 -0.94927 0.226995 -0.12858 0 0 0 1 
-0.992879 -0.118965 0.00627682 -0.281546 -0.0160252 0.185584 0.982498 -0.274242 0.118048 -0.9754 0.186169 -0.382345 0 0 0 1 
-0.765705 -0.643151 -0.00724459 -0.107701 0.250928 -0.309076 0.917337 -0.831657 0.592225 -0.700592 -0.398045 -0.912492 0 0 0 1 
-0.759574 -0.649698 -0.03065 -0.0835215 0.253546 -0.339163 0.905916 -0.989509 0.598967 -0.680339 -0.422347 -0.874207 0 0 0 1 
-0.751381 -0.658768 -0.0380993 -0.0036869 0.267729 -0.357122 0.894866 -1.20528 0.603115 -0.662185 -0.444706 -0.836067 0 0 0 1 
-0.745714 -0.665599 -0.0298057 0.103558 0.283268 -0.35722 0.89003 -1.33256 0.60305 -0.655265 -0.454927 -0.80003 0 0 0 1 
-0.759427 -0.650173 0.0233731 0.270108 0.281815 -0.296366 0.91255 -1.17785 0.586388 -0.699602 -0.408296 -0.667595 0 0 0 1 
-0.791005 -0.608373 -0.064755 0.113057 0.260791 -0.431025 0.863832 -0.878957 0.553443 -0.666408 -0.499602 -0.811275 0 0 0 1 
-0.822071 -0.545887 -0.161887 -0.105475 0.229514 -0.577889 0.783178 -0.467957 0.521079 -0.606672 -0.600354 -0.998738 0 0 0 1 
-0.849083 -0.463556 -0.253326 -0.331699 0.189601 -0.715018 0.672905 -0.0293056 0.493061 -0.523321 -0.695 -1.20199 0 0 0 1 
-0.869724 -0.369216 -0.327505 -0.522021 0.145219 -0.825655 0.545166 0.371677 0.47169 -0.426584 -0.771709 -1.3917 0 0 0 1 
-0.883522 -0.275956 -0.378468 -0.651841 0.102052 -0.90202 0.41946 0.684582 0.457137 -0.331978 -0.825116 -1.53916 0 0 0 1 
-0.883522 -0.275956 -0.378468 -0.651841 0.102052 -0.90202 0.41946 0.684582 0.457137 -0.331978 -0.825116 -1.53916 0 0 0 1 
-0.867143 -0.370089 -0.333313 -0.544113 0.146943 -0.829535 0.538776 0.384012 0.47589 -0.418218 -0.773707 -1.4097 0 0 0 1 
-0.842763 -0.466878 -0.267909 -0.394215 0.192842 -0.726544 0.659505 0.0223776 0.502556 -0.504142 -0.702338 -1.25114 0 0 0 1 
-0.811997 -0.553626 -0.184818 -0.207607 0.233459 -0.598297 0.76651 -0.380899 0.534936 -0.579257 -0.615065 -1.07443 0 0 0 1 
-0.778447 -0.620993 -0.0915853 0.000608146 0.264572 -0.456905 0.849258 -0.799948 0.56923 -0.636872 -0.519973 -0.894158 0 0 0 1 
-0.74703 -0.66479 0.000800289 0.208076 0.284808 -0.318953 0.903965 -1.1989 0.600692 -0.675517 -0.427605 -0.72613 0 0 0 1 
-0.759427 -0.650173 0.0233735 0.270109 0.281815 -0.296365 0.912551 -1.17785 0.586388 -0.699602 -0.408296 -0.667594 0 0 0 1 
-0.762352 -0.647079 0.0104015 0.161805 0.267812 -0.300808 0.915309 -1.08459 0.589148 -0.700574 -0.402617 -0.701057 0 0 0 1 
-0.762457 -0.647034 -0.00260836 0.0465895 0.256904 -0.306427 0.916571 -0.991968 0.593852 -0.698176 -0.399863 -0.760651 0 0 0 1 
-0.76062 -0.64911 -0.0106369 -0.0541763 0.251117 -0.309286 0.917214 -0.90615 0.598663 -0.694981 -0.398252 -0.838432 0 0 0 1 
-0.758174 -0.651978 -0.00984844 -0.123883 0.250961 -0.305713 0.918454 -0.829545 0.601822 -0.693877 -0.395405 -0.921582 0 0 0 1 
-0.745881 -0.562179 0.357235 1.53848 0.331987 0.151189 0.931089 -0.980534 0.577449 -0.813078 -0.073867 0.636806 0 0 0 1 
-0.726769 -0.506237 0.464254 2.13625 0.3637 0.289747 0.885307 -1.37492 0.582692 -0.812263 0.0264607 1.25973 0 0 0 1 
-0.701643 -0.428738 0.569105 2.69486 0.402969 0.419943 0.813182 -1.94117 0.587633 -0.799895 0.121882 1.84457 0 0 0 1 
-0.684528 -0.374589 0.625383 2.9956 0.429412 0.486052 0.761157 -2.31697 0.589089 -0.78958 0.171862 2.15711 0 0 0 1 
-0.711648 -0.42506 0.559358 2.64196 0.403508 0.404467 0.820724 -1.92541 0.575099 -0.809772 0.116322 1.80647 0 0 0 1 
-0.746694 -0.407753 0.525534 2.74704 0.399011 0.357566 0.844356 -1.33282 0.532202 -0.840169 0.104294 2.05832 0 0 0 1 
-0.783336 -0.382411 0.490047 2.83038 0.387732 0.315595 0.866062 -0.497422 0.485848 -0.868425 0.0989437 2.35213 0 0 0 1 
-0.819063 -0.354294 0.451234 2.87226 0.36762 0.279716 0.886913 0.500171 0.440445 -0.89232 0.0988599 2.63515 0 0 0 1 
-0.85122 -0.328344 0.409408 2.86294 0.339703 0.249913 0.906723 1.54538 0.400033 -0.910897 0.101191 2.86375 0 0 0 1 
-0.877719 -0.308139 0.36696 2.80616 0.30771 0.224594 0.924593 2.49792 0.36732 -0.92445 0.102313 3.01806 0 0 0 1 
-0.877719 -0.308138 0.36696 2.80616 0.30771 0.224594 0.924593 2.49792 0.36732 -0.92445 0.102313 3.01806 0 0 0 1 
-0.848072 -0.327149 0.416831 2.90101 0.343741 0.259 0.902641 1.5624 0.403257 -0.908787 0.107196 2.88559 0 0 0 1 
-0.810852 -0.349705 0.469282 2.95682 0.376775 0.301661 0.875809 0.547011 0.447839 -0.886965 0.112843 2.69086 0 0 0 1 
-0.769547 -0.373445 0.518012 2.95564 0.401034 0.348656 0.847119 -0.445549 0.49696 -0.859638 0.118543 2.4435 0 0 0 1 
-0.728947 -0.396054 0.558371 2.89897 0.413754 0.394922 0.820271 -1.32693 0.545385 -0.828962 0.124009 2.16906 0 0 0 1 
-0.694296 -0.415897 0.587353 2.80252 0.415567 0.434639 0.798995 -2.03151 0.587586 -0.798823 0.128936 1.90145 0 0 0 1 
-0.711648 -0.42506 0.559358 2.64195 0.403508 0.404467 0.820724 -1.92541 0.575099 -0.809772 0.116323 1.80647 0 0 0 1 
-0.721743 -0.460212 0.517004 2.41558 0.382457 0.357398 0.852053 -1.68051 0.576901 -0.812694 0.0819383 1.58886 0 0 0 1 
-0.72899 -0.497844 0.469814 2.15987 0.363017 0.300706 0.881927 -1.43216 0.580337 -0.813466 0.038486 1.3173 0 0 0 1 
-0.734128 -0.535722 0.417203 1.8697 0.346269 0.233156 0.9087 -1.1958 0.584084 -0.811566 -0.0143369 0.988682 0 0 0 1 
-0.738343 -0.571299 0.358422 1.53994 0.332017 0.154683 0.930504 -0.986343 0.587038 -0.806034 -0.0754721 0.607952 0 0 0 1 
-0.906269 -0.422515 0.0125555 -0.421096 0.00625494 0.0162952 0.999848 0.0220399 0.422656 -0.906209 0.0121251 1.45878 0 0 0 1 
-0.905977 -0.423035 0.0157341 -0.397449 0.00574587 0.0248759 0.999674 0.0376287 0.423288 -0.905772 0.0201064 1.5217 0 0 0 1 
-0.905413 -0.424156 0.0178457 -0.383704 0.00473169 0.0319512 0.999478 0.0510607 0.424505 -0.905025 0.026922 1.57515 0 0 0 1 
-0.906202 -0.422195 0.0234206 -0.334725 0.00615036 0.042222 0.99909 0.0652628 0.422799 -0.905521 0.0356647 1.64591 0 0 0 1 
-0.906196 -0.422679 0.0123296 -0.423302 0.00612936 0.0160249 0.999853 0.0217681 0.422814 -0.906138 0.0119309 1.45715 0 0 0 1 
-0.906213 -0.408866 0.107736 0.424399 0.00613198 0.242068 0.97024 0.110957 0.422778 -0.879904 0.216858 2.94122 0 0 0 1 
-0.906231 -0.367157 0.209619 1.2856 0.00614812 0.484313 0.874873 0.0335236 0.422737 -0.794126 0.436642 4.4766 0 0 0 1 
-0.906248 -0.297135 0.300707 2.04499 0.0061777 0.701934 0.712215 -0.284233 0.4227 -0.647302 0.634291 5.79911 0 0 0 1 
-0.906261 -0.208758 0.367575 2.6156 0.00621595 0.862874 0.50538 -0.792288 0.422673 -0.460291 0.780692 6.7235 0 0 0 1 
-0.906268 -0.118624 0.405717 2.97008 0.00625491 0.955947 0.293474 -1.37356 0.422657 -0.268503 0.865602 7.21519 0 0 0 1 
-0.906268 -0.118624 0.405717 2.97008 0.00625495 0.955947 0.293473 -1.37356 0.422657 -0.268503 0.865602 7.21519 0 0 0 1 
