a
34
9
20
0
1
2 2
-0.999391 0.0317236 -0.0145448 0.184047 5.46217e-07 0.416783 0.909006 -9.25594 -0.0348989 -0.908452 0.416529 -5.27031 0 0 0 1 
-0.999391 0.0317175 -0.0145584 0.184307 5.60584e-07 0.417172 0.908827 -9.26567 -0.0348991 -0.908274 0.416918 -5.27785 0 0 0 1 
-0.999391 0.0317111 -0.014572 0.184573 5.45149e-07 0.417561 0.908649 -9.27539 -0.0348989 -0.908095 0.417307 -5.28539 0 0 0 1 
-0.999391 0.0317236 -0.0145448 0.184047 5.46217e-07 0.416783 0.909006 -9.25594 -0.0348989 -0.908452 0.416529 -5.27031 0 0 0 1 
-0.999391 0.0317577 -0.0144704 0.182605 5.6404e-07 0.414651 0.909981 -9.20267 -0.0348991 -0.909426 0.414398 -5.22912 0 0 0 1 
-0.999391 0.0318007 -0.0143753 0.180778 5.82676e-07 0.411927 0.911217 -9.13454 -0.0348989 -0.910662 0.411676 -5.17673 0 0 0 1 
-0.999391 0.0318489 -0.0142683 0.178731 5.42176e-07 0.408861 0.912597 -9.0578 -0.0348989 -0.912041 0.408612 -5.1181 0 0 0 1 
-0.999391 0.031898 -0.0141582 0.176637 5.76303e-07 0.405706 0.914004 -8.97874 -0.0348989 -0.913447 0.405459 -5.05813 0 0 0 1 
-0.999391 0.0319441 -0.0140538 0.174663 5.80402e-07 0.402716 0.915325 -8.90372 -0.0348989 -0.914768 0.402471 -5.00162 0 0 0 1 
-0.999391 0.0328706 -0.0117244 0.133497 6.90659e-07 0.335972 0.941872 -7.21007 -0.034899 -0.941298 0.335767 -3.82278 0 0 0 1 
-0.999391 0.0328657 -0.0117385 0.133727 7.05032e-07 0.336375 0.941728 -7.22041 -0.0348991 -0.941154 0.33617 -3.82945 0 0 0 1 
-0.999391 0.0328605 -0.0117526 0.133963 6.89601e-07 0.336778 0.941584 -7.23075 -0.034899 -0.94101 0.336573 -3.83612 0 0 0 1 
-0.999391 0.0328706 -0.0117244 0.133497 6.90659e-07 0.335972 0.941872 -7.21007 -0.034899 -0.941298 0.335767 -3.82278 0 0 0 1 
-0.999391 0.0328981 -0.0116474 0.132223 7.08458e-07 0.333763 0.942657 -7.15341 -0.0348991 -0.942083 0.33356 -3.78639 0 0 0 1 
-0.999391 0.0329327 -0.0115488 0.13061 7.27054e-07 0.330941 0.943651 -7.08097 -0.0348989 -0.943077 0.33074 -3.74013 0 0 0 1 
-0.999391 0.0329713 -0.0114381 0.128804 6.86513e-07 0.327767 0.944759 -6.9994 -0.034899 -0.944183 0.327567 -3.68841 0 0 0 1 
-0.999391 0.0330106 -0.0113241 0.126958 7.20594e-07 0.324502 0.945885 -6.91541 -0.034899 -0.945309 0.324304 -3.63555 0 0 0 1 
-0.999391 0.0330475 -0.0112161 0.125221 7.24647e-07 0.321408 0.946941 -6.83576 -0.034899 -0.946364 0.321212 -3.58579 0 0 0 1 
-0.9966 -0.074261 -0.0356943 3.06452 -0.0707971 0.550187 0.832035 -11.1165 0.0421491 -0.831733 0.553574 -9.42981 0 0 0 1 
-0.992369 0.123223 -0.00442718 -2.16425 0.0647251 0.551148 0.831894 -11.1404 -0.104949 -0.825259 0.554918 -9.60332 0 0 0 1 
-0.948426 0.315924 0.0260826 -7.26636 0.197782 0.525434 0.827527 -10.4581 -0.247731 -0.790007 0.560819 -10.5388 0 0 0 1 
-0.909912 0.412726 0.041437 -9.82958 0.264634 0.500674 0.824193 -9.80552 -0.31942 -0.760909 0.56479 -11.305 0 0 0 1 
-0.911789 0.408622 0.0408478 -9.72131 0.261091 0.500051 0.8257 -9.79719 -0.316973 -0.763529 0.562629 -11.2242 0 0 0 1 
-0.932023 0.36086 0.0333612 -8.45721 0.22729 0.510366 0.829377 -10.0807 -0.282263 -0.780581 0.557693 -10.758 0 0 0 1 
-0.957883 0.28634 0.0216463 -6.48471 0.175348 0.523554 0.833753 -10.4415 -0.227404 -0.802434 0.551713 -10.1628 0 0 0 1 
-0.979055 0.203412 0.00860244 -4.28959 0.118159 0.533294 0.837637 -10.7113 -0.165798 -0.82111 0.546159 -9.65128 0 0 0 1 
-0.991195 0.132389 -0.00256045 -2.40966 0.0695992 0.537344 0.840487 -10.8297 -0.112647 -0.832908 0.541826 -9.32273 0 0 0 1 
-0.947714 -0.317517 -0.0319695 7.85593 -0.237758 0.63571 0.7344 -9.04098 0.212861 -0.703602 0.677963 -16.8857 0 0 0 1 
-0.999567 -0.0084961 -0.0281717 1.43584 -0.026484 0.676985 0.73552 -9.9323 -0.0128227 -0.735947 0.676917 -16.1782 0 0 0 1 
-0.9532 0.301372 -0.0241747 -5.00922 0.187307 0.651404 0.735247 -9.41247 -0.237331 -0.69631 0.677368 -16.9899 0 0 0 1 
-0.878883 0.476555 -0.0214578 -8.66984 0.309243 0.603414 0.735024 -8.40985 -0.363228 -0.639364 0.677701 -18.1793 0 0 0 1 
-0.85552 0.51739 -0.0198268 -9.56025 0.33774 0.586668 0.736038 -8.05509 -0.392451 -0.622999 0.676649 -18.527 0 0 0 1 
-0.863437 0.504116 -0.0185249 -9.33915 0.328479 0.589722 0.737787 -8.11597 -0.382855 -0.630947 0.67478 -18.3653 0 0 0 1 
-0.888115 0.459294 -0.0173691 -8.47176 0.297476 0.603201 0.740038 -8.39974 -0.350372 -0.652072 0.67234 -17.9231 0 0 0 1 
-0.914119 0.40512 -0.0162398 -7.41346 0.260343 0.617204 0.742483 -8.69983 -0.310818 -0.67449 0.669668 -17.4481 0 0 0 1 
-0.930431 0.366161 -0.0150047 -6.66821 0.233936 0.624962 0.744779 -8.87193 -0.282086 -0.689456 0.667142 -17.1258 0 0 0 1 
-0.947714 -0.309977 -0.0758481 10.5618 -0.237758 0.527314 0.815727 -12.5371 0.212861 -0.791109 0.573443 -8.74371 0 0 0 1 
-0.999567 -0.00449271 -0.0290799 1.42993 -0.026484 0.568033 0.82258 -13.7889 -0.0128227 -0.822994 0.567906 -7.75417 0 0 0 1 
-0.9532 0.301804 0.0180034 -7.73375 0.187307 0.542738 0.81875 -13.0445 -0.237331 -0.783805 0.573868 -8.9138 0 0 0 1 
-0.878883 0.474904 0.0450747 -12.93 0.309243 0.495246 0.81185 -11.6196 -0.363227 -0.72746 0.582124 -10.6039 0 0 0 1 
-0.85552 0.515114 0.0523729 -14.1755 0.33774 0.478522 0.810524 -11.1144 -0.392451 -0.711107 0.58336 -11.0989 0 0 0 1 
-0.863437 0.501788 0.0518148 -13.8337 0.328479 0.481303 0.81268 -11.1972 -0.382855 -0.718718 0.580402 -10.8725 0 0 0 1 
-0.888114 0.457241 0.0467213 -12.5681 0.297476 0.494337 0.816785 -11.5933 -0.350372 -0.739298 0.575046 -10.2512 0 0 0 1 
-0.914119 0.403438 0.0403001 -11.0293 0.260343 0.507864 0.821155 -12.0098 -0.310818 -0.761126 0.56928 -9.58634 0 0 0 1 
-0.930431 0.364686 0.0361011 -9.93727 0.233936 0.515227 0.824509 -12.2436 -0.282086 -0.775594 0.564696 -9.13944 0 0 0 1 
-0.908684 -0.41127 -0.0717623 11.7996 -0.191943 0.258911 0.946638 -17.8416 0.370744 -0.873969 0.314209 11.039 0 0 0 1 
-0.999685 0.021537 -0.0128596 -0.122546 -0.00476489 0.340283 0.940311 -18.7653 -0.0246274 -0.940076 0.340073 10.3007 0 0 0 1 
-0.891374 0.452338 0.0290188 -10.7945 0.198614 0.332236 0.922047 -17.2496 -0.407436 -0.827653 0.385987 5.17912 0 0 0 1 
-0.735822 0.675752 0.043887 -15.8783 0.309408 0.277849 0.909432 -15.3121 -0.602356 -0.682759 0.413531 0.772863 0 0 0 1 
-0.687246 0.724741 0.0494249 -17.1306 0.328243 0.249123 0.91115 -14.8432 -0.648035 -0.642408 0.4091 0.320538 0 0 0 1 
-0.701508 0.710679 0.0531097 -17.081 0.312071 0.239335 0.919418 -15.1731 -0.640701 -0.661554 0.389678 1.89815 0 0 0 1 
-0.750152 0.659051 0.0540702 -16.1412 0.276672 0.238545 0.930886 -15.8867 -0.600603 -0.713266 0.361286 4.6364 0 0 0 1 
-0.802748 0.594031 0.0521775 -14.7567 0.236421 0.236715 0.942375 -16.5801 -0.547449 -0.768826 0.330464 7.6018 0 0 0 1 
-0.836074 0.546316 0.0501844 -13.687 0.206423 0.228511 0.951406 -16.9847 -0.508301 -0.805805 0.303824 9.96534 0 0 0 1 
-0.908684 -0.41127 -0.0717632 11.7997 -0.191944 0.258912 0.946637 -17.8416 0.370744 -0.873968 0.31421 11.0389 0 0 0 1 
-0.999685 0.0215367 -0.0128613 -0.122431 -0.00476633 0.340284 0.940311 -18.7652 -0.0246276 -0.940076 0.340074 10.3006 0 0 0 1 
-0.891374 0.452338 0.0290169 -10.7944 0.198613 0.332237 0.922047 -17.2496 -0.407437 -0.827652 0.385988 5.17907 0 0 0 1 
-0.735822 0.675752 0.0438849 -15.8782 0.309407 0.277851 0.909432 -15.3121 -0.602357 -0.682758 0.413531 0.77284 0 0 0 1 
-0.687246 0.724741 0.0494229 -17.1305 0.328241 0.249125 0.91115 -14.8433 -0.648036 -0.642407 0.4091 0.32053 0 0 0 1 
-0.701509 0.710679 0.0531077 -17.0809 0.31207 0.239336 0.919419 -15.1731 -0.640701 -0.661554 0.389678 1.89814 0 0 0 1 
-0.750152 0.659051 0.0540681 -16.1411 0.276671 0.238546 0.930886 -15.8867 -0.600604 -0.713265 0.361286 4.63639 0 0 0 1 
-0.802748 0.594031 0.0521754 -14.7566 0.23642 0.236716 0.942375 -16.5801 -0.54745 -0.768825 0.330464 7.60177 0 0 0 1 
-0.836074 0.546316 0.0501824 -13.6869 0.206421 0.228512 0.951406 -16.9847 -0.508301 -0.805804 0.303824 9.96531 0 0 0 1 
-0.908684 -0.41127 -0.0717631 11.7997 -0.191944 0.258912 0.946637 -17.8416 0.370744 -0.873968 0.31421 11.0389 0 0 0 1 
-0.999685 0.0215367 -0.0128611 -0.122437 -0.00476631 0.340284 0.940311 -18.7653 -0.0246276 -0.940076 0.340074 10.3007 0 0 0 1 
-0.891374 0.452338 0.029017 -10.7944 0.198613 0.332237 0.922047 -17.2496 -0.407437 -0.827652 0.385988 5.17908 0 0 0 1 
-0.735822 0.675752 0.043885 -15.8782 0.309407 0.277851 0.909432 -15.3121 -0.602357 -0.682758 0.413531 0.772842 0 0 0 1 
-0.687246 0.724741 0.049423 -17.1305 0.328241 0.249125 0.91115 -14.8432 -0.648036 -0.642407 0.4091 0.320536 0 0 0 1 
-0.701509 0.710679 0.0531078 -17.0809 0.31207 0.239336 0.919419 -15.1731 -0.640701 -0.661553 0.389678 1.89814 0 0 0 1 
-0.750152 0.659051 0.0540682 -16.1411 0.276671 0.238546 0.930886 -15.8867 -0.600604 -0.713265 0.361286 4.63639 0 0 0 1 
-0.802748 0.594031 0.0521755 -14.7566 0.23642 0.236716 0.942376 -16.5802 -0.54745 -0.768825 0.330464 7.60177 0 0 0 1 
-0.836074 0.546316 0.0501824 -13.6869 0.206421 0.228512 0.951406 -16.9847 -0.508301 -0.805804 0.303824 9.96531 0 0 0 1 
-0.908684 -0.41127 -0.0717628 11.7997 -0.191944 0.258912 0.946637 -17.8416 0.370743 -0.873968 0.31421 11.0389 0 0 0 1 
-0.999685 0.0215369 -0.0128609 -0.122452 -0.00476603 0.340284 0.940311 -18.7652 -0.0246277 -0.940076 0.340074 10.3007 0 0 0 1 
-0.891374 0.452338 0.0290172 -10.7944 0.198613 0.332237 0.922047 -17.2496 -0.407437 -0.827652 0.385988 5.17906 0 0 0 1 
-0.735822 0.675752 0.0438851 -15.8782 0.309407 0.277851 0.909432 -15.3121 -0.602357 -0.682758 0.413531 0.772846 0 0 0 1 
-0.687246 0.724741 0.049423 -17.1305 0.328242 0.249125 0.91115 -14.8432 -0.648036 -0.642407 0.4091 0.320522 0 0 0 1 
-0.701508 0.710679 0.0531078 -17.0809 0.31207 0.239336 0.919419 -15.1731 -0.640701 -0.661553 0.389678 1.89814 0 0 0 1 
-0.750152 0.659051 0.0540683 -16.1411 0.276671 0.238546 0.930886 -15.8867 -0.600604 -0.713265 0.361286 4.63638 0 0 0 1 
-0.802748 0.594031 0.0521756 -14.7566 0.23642 0.236716 0.942375 -16.5801 -0.54745 -0.768825 0.330464 7.60176 0 0 0 1 
-0.836074 0.546316 0.0501826 -13.6869 0.206422 0.228512 0.951406 -16.9847 -0.508301 -0.805804 0.303824 9.9653 0 0 0 1 
-0.908684 -0.41127 -0.0717628 11.7997 -0.191944 0.258912 0.946637 -17.8416 0.370743 -0.873968 0.31421 11.0389 0 0 0 1 
-0.999685 0.0215369 -0.0128609 -0.122452 -0.00476603 0.340284 0.940311 -18.7652 -0.0246277 -0.940076 0.340074 10.3006 0 0 0 1 
-0.891374 0.452338 0.0290172 -10.7944 0.198613 0.332237 0.922047 -17.2496 -0.407437 -0.827652 0.385988 5.17907 0 0 0 1 
-0.735822 0.675752 0.0438851 -15.8782 0.309407 0.277851 0.909432 -15.3121 -0.602357 -0.682758 0.413531 0.77285 0 0 0 1 
-0.687246 0.724741 0.0494231 -17.1305 0.328241 0.249125 0.91115 -14.8432 -0.648036 -0.642407 0.4091 0.320526 0 0 0 1 
-0.701508 0.710679 0.0531078 -17.0809 0.31207 0.239336 0.919419 -15.1731 -0.640701 -0.661553 0.389678 1.89814 0 0 0 1 
-0.750152 0.659051 0.0540682 -16.1411 0.276671 0.238546 0.930886 -15.8867 -0.600604 -0.713265 0.361286 4.63639 0 0 0 1 
-0.802748 0.594031 0.0521756 -14.7566 0.23642 0.236716 0.942375 -16.5801 -0.54745 -0.768825 0.330464 7.60176 0 0 0 1 
-0.836074 0.546317 0.0501825 -13.6869 0.206422 0.228512 0.951406 -16.9847 -0.508301 -0.805804 0.303824 9.9653 0 0 0 1 
-0.947714 -0.317515 -0.0319681 7.85594 -0.237756 0.63571 0.734401 -9.04098 0.212861 -0.703603 0.677963 -16.8857 0 0 0 1 
-0.999567 -0.00849475 -0.0281701 1.43584 -0.026482 0.676985 0.73552 -9.9323 -0.0128227 -0.735947 0.676917 -16.1782 0 0 0 1 
-0.9532 0.301373 -0.0241733 -5.00923 0.187309 0.651404 0.735247 -9.41247 -0.237331 -0.696309 0.677368 -16.9898 0 0 0 1 
-0.878882 0.476556 -0.0214565 -8.66984 0.309245 0.603414 0.735024 -8.40985 -0.363227 -0.639364 0.677702 -18.1792 0 0 0 1 
-0.855519 0.517391 -0.0198254 -9.56026 0.337742 0.586668 0.736038 -8.05508 -0.39245 -0.622999 0.67665 -18.527 0 0 0 1 
-0.863436 0.504117 -0.0185236 -9.33915 0.328481 0.589722 0.737786 -8.11596 -0.382855 -0.630947 0.67478 -18.3653 0 0 0 1 
-0.888114 0.459295 -0.0173677 -8.47176 0.297478 0.603201 0.740038 -8.39975 -0.350372 -0.652071 0.672341 -17.9231 0 0 0 1 
-0.914119 0.405121 -0.0162384 -7.41346 0.260345 0.617204 0.742482 -8.69983 -0.310818 -0.67449 0.669669 -17.4481 0 0 0 1 
-0.93043 0.366162 -0.0150032 -6.66822 0.233938 0.624962 0.744779 -8.87193 -0.282086 -0.689455 0.667143 -17.1258 0 0 0 1 
-0.693028 -0.705362 -0.14892 26.8279 -0.54655 0.379373 0.746565 -1.42627 0.470102 -0.598782 0.648432 -18.6478 0 0 0 1 
-0.98404 -0.120989 -0.130488 10.7035 -0.169927 0.421228 0.890894 -10.2194 0.0528234 -0.898849 0.435064 2.39931 0 0 0 1 
-0.874398 0.475144 0.0983232 -17.368 0.205979 0.180018 0.961856 -6.65212 -0.43932 -0.861297 0.255277 11.5764 0 0 0 1 
-0.619024 0.72673 0.297779 -34.3274 0.374755 -0.0598842 0.925188 2.55877 -0.690194 -0.684308 0.235276 7.62678 0 0 0 1 
-0.514801 0.787537 0.33877 -38.0298 0.432916 -0.102271 0.895614 5.42586 -0.739975 -0.607722 0.288288 2.35688 0 0 0 1 
-0.507786 0.803676 0.310256 -37.118 0.469105 -0.0441135 0.88204 4.42764 -0.72256 -0.59343 0.354608 -1.95369 0 0 0 1 
-0.561428 0.788515 0.251083 -33.8884 0.491131 0.0732964 0.867997 1.68196 -0.666025 -0.610632 0.428414 -5.83523 0 0 0 1 
-0.629504 0.752393 0.193982 -30.2082 0.501838 0.203102 0.840779 -0.727801 -0.593198 -0.626621 0.505433 -9.95465 0 0 0 1 
-0.668895 0.726177 0.158894 -27.8754 0.516196 0.299942 0.802232 -1.53063 -0.534903 -0.61863 0.57548 -14.3691 0 0 0 1 
-0.150913 -0.912908 -0.379243 64.7778 -0.656281 -0.194374 0.72905 13.1306 0.739271 -0.358913 0.56979 -12.1897 0 0 0 1 
-0.932549 -0.334108 -0.136837 19.1263 -0.162874 0.051059 0.985325 -4.6972 0.322218 -0.941151 0.102032 32.7227 0 0 0 1 
-0.76927 0.428184 0.474218 -35.3546 0.40039 -0.255332 0.880053 17.6605 -0.497908 -0.86687 -0.0249786 26.8447 0 0 0 1 
-0.235403 0.621781 0.746976 -45.9068 0.512798 -0.573426 0.638922 39.7719 -0.825605 -0.533452 0.183861 1.81566 0 0 0 1 
-0.0406669 0.669219 0.741951 -43.4478 0.549722 -0.605093 0.575907 43.6545 -0.834357 -0.431287 0.343277 -9.33406 0 0 0 1 
-0.0375281 0.741634 0.669754 -41.6861 0.630014 -0.502686 0.591937 40.9861 -0.775677 -0.444169 0.448375 -13.8374 0 0 0 1 
-0.155739 0.807026 0.569609 -40.4847 0.719845 -0.30216 0.624918 35.1316 -0.676439 -0.507355 0.533875 -15.6592 0 0 0 1 
-0.308206 0.829029 0.466605 -38.515 0.776295 -0.0643395 0.627078 29.2197 -0.549886 -0.555492 0.623741 -17.8396 0 0 0 1 
-0.404932 0.830465 0.382569 -35.9128 0.804303 0.124514 0.581028 26.5793 -0.434888 -0.542979 0.718365 -22.0221 0 0 0 1 
0.11629 -0.716185 -0.688154 105.879 -0.526598 -0.631914 0.568665 37.4709 0.842123 -0.296251 0.450627 3.73853 0 0 0 1 
-0.964144 -0.264498 0.0216078 3.99943 0.089171 -0.246202 0.965108 15.8476 0.249949 -0.93243 -0.26096 56.5208 0 0 0 1 
-0.20494 0.492663 0.845744 -27.2125 0.579386 -0.635367 0.51051 61.4816 -0.788867 -0.594636 0.15523 -8.80882 0 0 0 1 
0.61843 0.381516 0.687015 17.8883 0.298953 -0.92273 0.243306 59.0206 -0.726754 -0.0549178 0.684699 -34.3588 0 0 0 1 
0.775232 0.354399 0.522892 30.8811 0.259237 -0.933361 0.248261 52.2289 -0.576031 0.0569069 0.815445 -32.5756 0 0 0 1 
0.7316 0.507882 0.454772 28.6313 0.417924 -0.861154 0.2894 53.0502 -0.53861 0.0216648 0.842276 -32.1677 0 0 0 1 
0.533303 0.736338 0.416407 18.4663 0.656397 -0.670716 0.345373 55.4445 -0.533603 -0.0891399 0.841025 -33.1471 0 0 0 1 
0.249538 0.904509 0.345824 8.05988 0.837763 -0.38076 0.391375 54.1194 -0.485678 -0.192056 0.852778 -34.0711 0 0 0 1 
0.0309504 0.972954 0.228919 4.61586 0.913942 -0.120272 0.387614 50.895 -0.404663 -0.197222 0.892946 -36.1134 0 0 0 1 
-0.345055 -0.504121 -0.791706 80.1173 -0.860675 -0.166528 0.481151 29.8398 0.3744 -0.847426 0.376423 -49.4654 0 0 0 1 
-0.723824 0.687259 -0.0612674 64.7093 -0.431382 -0.38145 0.81756 -21.7284 -0.538505 -0.6182 -0.572575 24.9165 0 0 0 1 
-0.0739099 0.142811 0.986987 -40.4987 -0.608291 -0.790722 0.0688611 -8.60862 -0.790266 0.595285 -0.145313 59.27 0 0 0 1 
-0.00606778 -0.70861 0.705574 -76.3669 -0.832245 -0.387589 -0.396413 36.2346 -0.554375 0.589616 0.587385 11.9145 0 0 0 1 
0.103153 -0.856784 0.505253 -67.8507 -0.860778 -0.331429 -0.386284 32.0359 -0.498418 0.395064 0.771689 -10.2512 0 0 0 1 
0.344654 -0.7904 0.506439 -53.3557 -0.793634 -0.533474 -0.292489 10.3048 -0.501356 0.30112 0.811153 -16.7506 0 0 0 1 
0.629803 -0.528153 0.569563 -27.8114 -0.553352 -0.81966 -0.148188 -11.1377 -0.545114 0.22184 0.808479 -21.154 0 0 0 1 
0.81085 -0.141817 0.567811 4.88096 -0.164678 -0.986284 -0.0111704 -16.7591 -0.561607 0.0844482 0.823083 -29.4649 0 0 0 1 
0.862155 0.178998 0.473971 32.1317 0.187897 -0.981761 0.028984 -6.69686 -0.470514 -0.0640686 0.880064 -36.7772 0 0 0 1 
-0.244734 -0.73256 -0.635186 86.7052 -0.953076 0.061361 0.296448 27.3234 0.17819 -0.677931 0.713203 -118.67 0 0 0 1 
-0.60232 0.739348 -0.300958 104.599 -0.37879 0.0671472 0.923044 -43.2564 -0.702659 -0.669968 -0.239614 -30.6692 0 0 0 1 
0.397146 0.523091 0.75409 34.1737 -0.63856 -0.432666 0.636429 -86.4245 -0.659179 0.734287 -0.162194 73.7168 0 0 0 1 
0.259776 -0.364285 0.894322 -72.8892 -0.965622 -0.107129 0.23685 -59.6905 -0.00952676 0.925105 0.379591 95.9734 0 0 0 1 
0.129717 -0.649696 0.749045 -97.8978 -0.990646 -0.052644 0.125895 -50.6588 0.0423607 0.758369 0.650447 63.0786 0 0 0 1 
0.247343 -0.732038 0.634776 -82.6083 -0.960341 -0.272243 0.0602439 -60.112 -0.128713 0.624503 0.770343 26.4105 0 0 0 1 
0.480106 -0.60843 0.63191 -51.9285 -0.773514 -0.633392 -0.0221638 -62.2644 -0.413732 0.478151 0.774725 -9.5496 0 0 0 1 
0.609908 -0.322099 0.72406 -32.2141 -0.403991 -0.912408 -0.0655865 -47.1966 -0.681765 0.252512 0.686611 -38.511 0 0 0 1 
0.590374 -0.0645539 0.804545 -30.5362 -0.0326825 -0.997891 -0.0560847 -27.7579 -0.806469 -0.00681624 0.591238 -55.4233 0 0 0 1 
0.0376041 -0.487333 -0.872406 119.317 -0.79515 -0.543361 0.269251 41.7051 0.605246 -0.683569 0.407936 -20.5055 0 0 0 1 
-0.887572 -0.0650305 -0.456057 57.5509 -0.408766 -0.345342 0.844778 -20.1261 0.212432 -0.936221 -0.279933 54.7691 0 0 0 1 
-0.729651 0.533517 0.42775 -36.3027 0.0240466 -0.605125 0.795768 -14.1652 -0.683397 -0.590918 -0.4287 53.6273 0 0 0 1 
-0.208014 0.545402 0.811952 -65.5636 -0.0515012 -0.835066 0.547734 1.20399 -0.976769 -0.0721201 -0.201794 22.8404 0 0 0 1 
0.00858346 0.556151 0.831037 -63.0685 -0.124092 -0.824051 0.552758 -8.20547 -0.992234 0.10787 -0.0619408 9.8926 0 0 0 1 
0.117738 0.677218 0.726301 -48.7039 -0.0921069 -0.720788 0.687009 -26.7651 -0.988764 0.147784 0.0224874 3.29745 0 0 0 1 
0.162931 0.840624 0.516531 -22.3967 0.0385824 -0.528555 0.848022 -43.6147 -0.985883 0.11824 0.118551 -5.28629 0 0 0 1 
0.164914 0.953136 0.253644 9.55225 0.220966 -0.286332 0.932302 -49.1252 -0.961237 0.0977031 0.257831 -18.446 0 0 0 1 
0.185859 0.982294 0.0235813 37.3944 0.38974 -0.0957305 0.915936 -44.0064 -0.901976 0.161044 0.400631 -30.5715 0 0 0 1 
-0.271807 -0.700955 -0.65938 72.5112 -0.744393 -0.281111 0.605686 17.3582 0.609917 -0.655468 0.445379 -6.97188 0 0 0 1 
-0.836859 -0.346548 -0.42376 45.3849 -0.434883 -0.0492927 0.899137 -14.8427 0.332482 -0.936736 0.109457 32.8071 0 0 0 1 
-0.976431 0.214053 -0.0276306 -10.6403 -0.0418862 -0.0623513 0.997175 -22.7112 -0.211725 -0.97483 -0.0698477 50.5452 0 0 0 1 
-0.801036 0.559081 0.213936 -45.1356 0.136158 -0.177851 0.974592 -14.8588 -0.582925 -0.809813 -0.066342 39.7244 0 0 0 1 
-0.659766 0.713428 0.236069 -49.8948 0.177939 -0.156893 0.971454 -15.6928 -0.7301 -0.682938 0.0234339 23.8813 0 0 0 1 
-0.571393 0.804133 0.163948 -42.8709 0.214803 -0.0462665 0.975561 -20.5258 -0.792067 -0.592645 0.146294 8.47122 0 0 0 1 
-0.532284 0.84495 0.0522852 -30.1468 0.280516 0.117767 0.952597 -23.4747 -0.79874 -0.521719 0.299707 -7.28235 0 0 0 1 
-0.521209 0.851986 -0.0496108 -17.283 0.373957 0.280252 0.88409 -20.7932 -0.767135 -0.442243 0.464676 -23.0599 0 0 0 1 
-0.494216 0.860684 -0.122367 -7.47963 0.480332 0.387669 0.786762 -13.3613 -0.724591 -0.330054 0.605006 -36.8582 0 0 0 1 
-0.704298 -0.681419 -0.199079 28.8151 -0.524018 0.309832 0.793353 -1.75435 0.478925 -0.663078 0.575289 -12.5437 0 0 0 1 
-0.876475 -0.454654 -0.158372 23.0216 -0.369942 0.425479 0.8259 -6.77912 0.308115 -0.782469 0.541117 -7.19958 0 0 0 1 
-0.976115 -0.190179 -0.105033 15.3276 -0.187514 0.493331 0.849389 -10.5869 0.10972 -0.848797 0.517209 -3.24588 0 0 0 1 
-0.997687 0.0448202 -0.0510978 6.91453 -0.0205991 0.517037 0.855715 -12.2618 -0.0647728 -0.854788 0.514919 -2.2568 0 0 0 1 
-0.973772 0.227407 -0.00739415 -0.872903 0.114655 0.518513 0.847348 -11.9796 -0.196527 -0.824276 0.530986 -4.00413 0 0 0 1 
-0.92377 0.381887 0.0284812 -7.97631 0.234137 0.504384 0.83113 -10.4961 -0.303032 -0.774441 0.555349 -7.15371 0 0 0 1 
-0.854904 0.515483 0.0584553 -14.4613 0.342718 0.476576 0.80958 -8.13552 -0.389466 -0.712147 0.584092 -11.1239 0 0 0 1 
-0.767822 0.635166 0.0837508 -20.3519 0.443956 0.433257 0.784341 -5.05927 -0.461901 -0.639416 0.61465 -15.553 0 0 0 1 
-0.658254 0.745615 0.103731 -25.4671 0.538868 0.370479 0.756549 -1.29558 -0.525664 -0.553899 0.645657 -20.324 0 0 0 1 
-0.433848 -0.790634 -0.432057 37.3515 -0.810691 0.133314 0.570095 26.4659 0.393137 -0.5976 0.698798 -19.1834 0 0 0 1 
-0.635493 -0.624936 -0.453436 38.1148 -0.718757 0.26431 0.643062 20.5664 0.282025 -0.734571 0.617144 -12.389 0 0 0 1 
-0.792841 -0.415752 -0.445593 36.7237 -0.593769 0.362296 0.718457 14.5918 0.137263 -0.834202 0.534104 -5.61006 0 0 0 1 
-0.909331 -0.152435 -0.387145 30.3056 -0.413642 0.431659 0.801605 6.45713 -0.044922 -0.889063 0.455575 1.71795 0 0 0 1 
-0.950745 0.15426 -0.268864 16.4334 -0.174709 0.449806 0.875872 -2.17653 -0.256048 -0.879704 0.4007 7.51281 0 0 0 1 
-0.882875 0.456331 -0.110877 -3.06998 0.0871757 0.39126 0.916142 -7.47095 -0.461446 -0.799173 0.385215 9.11213 0 0 0 1 
-0.701733 0.709624 0.0632827 -25.5607 0.336112 0.251434 0.90764 -7.16858 -0.628172 -0.658191 0.414952 5.37053 0 0 0 1 
-0.427118 0.876225 0.223159 -47.1733 0.532344 0.0441904 0.845374 -0.075119 -0.730877 -0.479872 0.485327 -3.62995 0 0 0 1 
-0.0986257 0.935614 0.338968 -63.7675 0.644729 -0.199392 0.737948 13.3387 -0.758022 -0.291324 0.583552 -16.7538 0 0 0 1 
0.00314012 -0.956762 -0.290855 -2.10864 -0.920086 -0.116695 0.37393 51.0179 0.391704 -0.266438 0.88067 -35.6909 0 0 0 1 
-0.212583 -0.903354 -0.372505 5.1213 -0.906917 0.0404962 0.419358 52.4212 0.363743 -0.42698 0.827876 -36.6165 0 0 0 1 
-0.414806 -0.798346 -0.436554 13.1339 -0.859277 0.185881 0.476541 52.7742 0.299297 -0.572792 0.763105 -36.3777 0 0 0 1 
-0.66468 -0.567639 -0.485784 24.4269 -0.728877 0.349828 0.588522 45.0714 0.164127 -0.745256 0.646263 -28.3949 0 0 0 1 
-0.883055 -0.15891 -0.441545 27.6358 -0.462137 0.457913 0.759437 26.3189 -0.0815066 -0.874679 0.4778 -10.3636 0 0 0 1 
-0.916207 0.317964 -0.243852 10.6185 -0.104407 0.398103 0.91138 5.74948 -0.386865 -0.860472 0.331547 8.75042 0 0 0 1 
-0.705324 0.704271 0.0807471 -26.665 0.248813 0.139292 0.958483 -4.56768 -0.663785 -0.696132 0.273478 19.2132 0 0 0 1 
-0.297094 0.855288 0.424521 -71.7122 0.478518 -0.251373 0.841328 5.84324 -0.826291 -0.453094 0.334589 14.5361 0 0 0 1 
0.175032 0.734764 0.655352 -105.866 0.513622 -0.63602 0.57591 37.8997 -0.839975 -0.235801 0.488714 -4.10829 0 0 0 1 
0.827336 -0.173565 -0.53422 -29.4808 -0.195588 -0.980561 0.0156745 -6.54244 0.526555 -0.091519 0.845201 -39.16 0 0 0 1 
0.687067 -0.297714 -0.662801 -29.983 -0.315768 -0.943901 0.0966487 -0.121624 0.654392 -0.142887 0.742532 -46.072 0 0 0 1 
0.510623 -0.403892 -0.759036 -27.6373 -0.411677 -0.889878 0.196569 6.36782 0.754842 -0.212106 0.620665 -52.9388 0 0 0 1 
0.184725 -0.555793 -0.810537 -20.9453 -0.513152 -0.757927 0.402768 9.57775 0.838184 -0.341527 0.425214 -55.891 0 0 0 1 
-0.311171 -0.654617 -0.688948 -15.6514 -0.510695 -0.496193 0.702128 7.01651 0.801476 -0.570324 0.179909 -52.5247 0 0 0 1 
-0.770394 -0.53764 -0.342692 -19.469 -0.288096 -0.18594 0.939376 1.78936 0.568766 -0.822418 0.0116456 -46.227 0 0 0 1 
-0.97295 -0.188556 0.133473 -34.9767 0.129694 0.0322978 0.991028 -0.146374 0.191175 -0.981531 0.0069693 -41.9755 0 0 0 1 
-0.794908 0.248191 0.553645 -57.5131 0.578253 0.0336282 0.815165 8.12563 -0.183699 -0.968127 0.170249 -44.5496 0 0 0 1 
-0.317634 0.561914 0.763782 -76.4604 0.85462 -0.179296 0.487318 29.4632 -0.410774 -0.807531 0.423272 -55.2621 0 0 0 1 
0.532663 0.0654078 -0.843796 34.3466 0.0199345 -0.997702 -0.0647542 -27.3477 0.846092 -0.0176716 0.532743 -53.7119 0 0 0 1 
0.3705 -0.0677608 -0.926358 32.4218 -0.056739 -0.997124 0.050244 -29.0957 0.927098 -0.0339454 0.373279 -49.5704 0 0 0 1 
0.186728 -0.193797 -0.963107 30.3435 -0.105285 -0.978652 0.176512 -30.5277 0.976754 -0.0684413 0.203146 -45.7121 0 0 0 1 
-0.0809674 -0.440898 -0.893898 20.0949 -0.13564 -0.883625 0.448117 -42.5702 0.987444 -0.157531 -0.0117414 -38.1471 0 0 0 1 
-0.428389 -0.702397 -0.568439 -10.1097 -0.0879622 -0.593681 0.799878 -58.0107 0.899303 -0.392659 -0.192542 -34.1467 0 0 0 1 
-0.728832 -0.68365 -0.037772 -51.3728 0.0975072 -0.158239 0.982575 -57.3369 0.677714 -0.712449 -0.18199 -45.4303 0 0 0 1 
-0.841434 -0.283538 0.459994 -83.6464 0.411309 0.216016 0.88553 -35.4595 0.350448 -0.934314 0.0651413 -72.0378 0 0 0 1 
-0.662974 0.316409 0.678492 -91.5952 0.748493 0.29827 0.592278 -2.65088 0.0149713 -0.900512 0.434575 -102.471 0 0 0 1 
-0.231194 0.778098 0.58405 -78.2062 0.950086 0.0513008 0.307743 25.8771 -0.209492 -0.626046 0.75112 -124.71 0 0 0 1 
0.1227 -0.991083 -0.05196 -35.1431 -0.403694 -0.0976705 0.909666 -43.9402 0.906629 0.09064 0.412078 -33.9125 0 0 0 1 
-0.0986391 -0.994056 0.0460903 -44.6185 -0.40372 0.0823079 0.911173 -36.9788 0.90955 -0.0712697 0.409439 -42.1978 0 0 0 1 
-0.313468 -0.938817 0.14269 -50.8414 -0.368796 0.258827 0.892748 -28.1027 0.875059 -0.227224 0.427366 -52.3278 0 0 0 1 
-0.603375 -0.773344 0.194624 -46.1813 -0.278891 0.433279 0.857023 -18.5958 0.7471 -0.462827 0.477108 -61.1434 0 0 0 1 
-0.884186 -0.42113 0.202153 -34.9559 -0.066256 0.541432 0.83813 -15.2749 0.462413 -0.727669 0.506629 -59.7892 0 0 0 1 
-0.965299 0.0481939 0.256664 -34.804 0.247676 0.480562 0.841259 -18.4324 0.0827992 -0.875636 0.475822 -47.1529 0 0 0 1 
-0.77781 0.461589 0.426553 -55.5117 0.562062 0.20716 0.800732 -17.5521 -0.281244 -0.862567 0.420572 -31.6292 0 0 0 1 
-0.382307 0.636315 0.670034 -89.9294 0.75973 -0.196295 0.619902 1.30406 -0.525977 -0.746038 0.408383 -24.3824 0 0 0 1 
0.0801606 0.533534 0.841972 -117.578 0.78575 -0.553568 0.275973 41.7524 -0.613329 -0.639457 0.463598 -29.2932 0 0 0 1 
-0.543296 -0.835774 0.0794456 10.044 -0.491175 0.393174 0.777278 -13.226 0.680865 -0.38327 0.624121 -36.5805 0 0 0 1 
-0.742854 -0.660151 0.111215 6.8361 -0.373007 0.546104 0.750091 -14.3192 0.555908 -0.515724 0.651916 -36.501 0 0 0 1 
-0.889917 -0.437503 0.12899 3.85454 -0.222321 0.662982 0.714862 -14.6783 0.398272 -0.607491 0.687265 -37.1744 0 0 0 1 
-0.979968 -0.169384 0.104744 1.32137 -0.0463157 0.705362 0.707333 -15.8275 0.193694 -0.688312 0.699077 -34.1585 0 0 0 1 
-0.988002 0.130648 0.0823632 -4.92722 0.147995 0.648405 0.746772 -17.8422 -0.0441592 -0.750001 0.65996 -26.4735 0 0 0 1 
-0.900015 0.417125 0.126409 -17.6259 0.342085 0.496296 0.797915 -17.8313 -0.270094 -0.761378 0.589366 -18.145 0 0 0 1 
-0.727298 0.636998 0.255483 -35.8807 0.514897 0.2603 0.816777 -12.7697 -0.453783 -0.725587 0.517304 -11.9443 0 0 0 1 
-0.494429 0.748082 0.442621 -55.6801 0.649211 -0.0207821 0.760325 -0.747349 -0.577984 -0.663281 0.475388 -9.7958 0 0 0 1 
-0.2282 0.744817 0.627035 -71.8436 0.734761 -0.290801 0.612831 17.642 -0.638789 -0.600569 0.480901 -12.154 0 0 0 1 
-0.999391 0.0325233 -0.0126596 0.149393 2.43597e-06 0.3628 0.931867 -7.89521 -0.0349003 -0.931299 0.36258 -4.27802 0 0 0 1 
-0.999391 0.0325179 -0.0126736 0.149635 2.4006e-06 0.3632 0.931711 -7.90536 -0.0349003 -0.931144 0.362978 -4.28498 0 0 0 1 
-0.999391 0.0325123 -0.0126876 0.149885 2.29033e-06 0.363599 0.931555 -7.9155 -0.0349002 -0.930988 0.363377 -4.29194 0 0 0 1 
-0.999391 0.0325232 -0.0126598 0.149397 2.13788e-06 0.362801 0.931867 -7.89521 -0.0349002 -0.931299 0.36258 -4.27802 0 0 0 1 
-0.999391 0.0325529 -0.0125833 0.148066 2.41437e-06 0.360615 0.932715 -7.83961 -0.0349003 -0.932146 0.360395 -4.24002 0 0 0 1 
-0.999391 0.0325903 -0.0124858 0.146379 2.42886e-06 0.357823 0.933789 -7.76853 -0.0349001 -0.933221 0.357605 -4.1917 0 0 0 1 
-0.999391 0.0326323 -0.0123763 0.144491 2.37366e-06 0.354682 0.934987 -7.68849 -0.0349004 -0.934418 0.354466 -4.13767 0 0 0 1 
-0.999391 0.0326749 -0.0122633 0.142559 2.6477e-06 0.35145 0.936207 -7.60603 -0.0349004 -0.935636 0.351236 -4.08242 0 0 0 1 
-0.999391 0.0327148 -0.0121564 0.140739 2.63715e-06 0.348387 0.937351 -7.52785 -0.0349003 -0.93678 0.348175 -4.03041 0 0 0 1 
-0.999391 0.0321737 -0.0135204 0.147412 1.89809e-06 0.387464 0.921885 -8.53127 -0.0348992 -0.921323 0.387228 -4.22126 0 0 0 1 
-0.999391 0.032168 -0.0135343 0.147662 1.86226e-06 0.387859 0.921719 -8.54144 -0.0348993 -0.921157 0.387623 -4.2285 0 0 0 1 
-0.999391 0.0321621 -0.0135481 0.147921 1.75152e-06 0.388254 0.921552 -8.55161 -0.0348992 -0.920991 0.388017 -4.23573 0 0 0 1 
-0.999391 0.0321737 -0.0135207 0.147418 1.6e-06 0.387464 0.921885 -8.53127 -0.0348991 -0.921323 0.387228 -4.22126 0 0 0 1 
-0.999391 0.0322054 -0.013445 0.146029 1.87902e-06 0.385302 0.92279 -8.47554 -0.0348992 -0.922228 0.385068 -4.18177 0 0 0 1 
-0.999391 0.0322454 -0.0133485 0.144281 1.89674e-06 0.38254 0.923939 -8.40428 -0.0348991 -0.923376 0.382307 -4.13156 0 0 0 1 
-0.999391 0.0322902 -0.0132402 0.142315 1.84517e-06 0.379432 0.92522 -8.32403 -0.0348993 -0.924656 0.3792 -4.07538 0 0 0 1 
-0.999391 0.0323359 -0.0131283 0.140306 2.12295e-06 0.376233 0.926525 -8.24135 -0.0348993 -0.925961 0.376004 -4.01795 0 0 0 1 
-0.999391 0.0323786 -0.0130225 0.138416 2.11594e-06 0.373202 0.92775 -8.16295 -0.0348993 -0.927185 0.372975 -3.96386 0 0 0 1 
-0.999391 0.0317251 -0.0145435 0.133907 2.36714e-06 0.416783 0.909006 -9.75817 -0.0348997 -0.908452 0.416529 -3.83475 0 0 0 1 
-0.999391 0.0317189 -0.0145571 0.134178 2.33036e-06 0.417172 0.908827 -9.76851 -0.0348998 -0.908274 0.416918 -3.84251 0 0 0 1 
-0.999391 0.0317125 -0.0145708 0.134454 2.21868e-06 0.417561 0.908648 -9.77883 -0.0348997 -0.908095 0.417307 -3.85027 0 0 0 1 
-0.999391 0.031725 -0.0145437 0.133911 2.06905e-06 0.416783 0.909006 -9.75816 -0.0348997 -0.908452 0.416529 -3.83476 0 0 0 1 
-0.999391 0.0317591 -0.0144691 0.132427 2.35334e-06 0.414651 0.90998 -9.70153 -0.0348997 -0.909426 0.414399 -3.79239 0 0 0 1 
-0.999391 0.0318021 -0.0143739 0.130548 2.37794e-06 0.411927 0.911217 -9.6291 -0.0348996 -0.910662 0.411676 -3.73851 0 0 0 1 
-0.999391 0.0318504 -0.014267 0.128445 2.33431e-06 0.408861 0.912596 -9.54752 -0.0348998 -0.912041 0.408612 -3.67823 0 0 0 1 
-0.999391 0.0318995 -0.0141567 0.126288 2.62047e-06 0.405706 0.914003 -9.46347 -0.0348998 -0.913447 0.405459 -3.61657 0 0 0 1 
-0.999391 0.0319456 -0.0140523 0.12426 2.6216e-06 0.402716 0.915325 -9.38375 -0.0348997 -0.914768 0.402471 -3.55849 0 0 0 1 
-0.999391 0.0317264 -0.0145447 0.133914 1.81511e-06 0.416783 0.909006 -9.75816 -0.0349015 -0.908452 0.416529 -3.83475 0 0 0 1 
-0.999391 0.0317203 -0.0145584 0.134188 1.77908e-06 0.417172 0.908828 -9.76851 -0.0349016 -0.908274 0.416918 -3.84251 0 0 0 1 
-0.999391 0.0317139 -0.014572 0.134459 1.66815e-06 0.417561 0.908648 -9.77883 -0.0349015 -0.908095 0.417307 -3.85028 0 0 0 1 
-0.999391 0.0317263 -0.0145449 0.133918 1.51702e-06 0.416783 0.909006 -9.75816 -0.0349015 -0.908452 0.416529 -3.83476 0 0 0 1 
-0.999391 0.0317605 -0.0144703 0.132432 1.7661e-06 0.414651 0.90998 -9.70153 -0.0349015 -0.909426 0.414398 -3.79239 0 0 0 1 
-0.999391 0.0318035 -0.0143752 0.130551 1.70392e-06 0.411927 0.911217 -9.6291 -0.0349014 -0.910662 0.411676 -3.73852 0 0 0 1 
-0.999391 0.0318517 -0.0142685 0.128443 1.55335e-06 0.408861 0.912597 -9.54751 -0.0349016 -0.912041 0.408612 -3.67823 0 0 0 1 
-0.999391 0.0319009 -0.0141582 0.126282 1.75139e-06 0.405706 0.914004 -9.46346 -0.0349017 -0.913447 0.405459 -3.61657 0 0 0 1 
-0.999391 0.031947 -0.0140538 0.124254 1.7151e-06 0.402716 0.915325 -9.38374 -0.0349016 -0.914768 0.402471 -3.55849 0 0 0 1 
-0.999391 0.0325233 -0.0126596 0.149395 2.43597e-06 0.3628 0.931867 -7.89521 -0.0349003 -0.931299 0.36258 -4.27802 0 0 0 1 
-0.999391 0.0325179 -0.0126736 0.149637 2.4006e-06 0.3632 0.931711 -7.90536 -0.0349003 -0.931144 0.362978 -4.28498 0 0 0 1 
-0.999391 0.0325123 -0.0126876 0.149887 2.29033e-06 0.363599 0.931555 -7.91551 -0.0349002 -0.930988 0.363377 -4.29194 0 0 0 1 
-0.999391 0.0325232 -0.0126598 0.149399 2.13788e-06 0.362801 0.931867 -7.89522 -0.0349002 -0.931299 0.36258 -4.27802 0 0 0 1 
-0.999391 0.0325529 -0.0125833 0.148069 2.41437e-06 0.360615 0.932715 -7.83961 -0.0349003 -0.932146 0.360395 -4.24002 0 0 0 1 
-0.999391 0.0325903 -0.0124858 0.146383 2.42886e-06 0.357823 0.933789 -7.76853 -0.0349001 -0.933221 0.357605 -4.1917 0 0 0 1 
-0.999391 0.0326323 -0.0123763 0.144493 2.37366e-06 0.354682 0.934987 -7.68849 -0.0349004 -0.934418 0.354466 -4.13767 0 0 0 1 
-0.999391 0.0326749 -0.0122633 0.142563 2.6477e-06 0.35145 0.936207 -7.60603 -0.0349004 -0.935636 0.351236 -4.08243 0 0 0 1 
-0.999391 0.0327148 -0.0121564 0.140745 2.63715e-06 0.348387 0.937351 -7.52784 -0.0349003 -0.93678 0.348175 -4.03041 0 0 0 1 
-0.999391 0.0321737 -0.0135204 0.147413 1.89809e-06 0.387464 0.921885 -8.53127 -0.0348992 -0.921323 0.387228 -4.22126 0 0 0 1 
-0.999391 0.032168 -0.0135343 0.147665 1.86226e-06 0.387859 0.921719 -8.54145 -0.0348993 -0.921157 0.387623 -4.22849 0 0 0 1 
-0.999391 0.0321621 -0.0135481 0.147923 1.75152e-06 0.388254 0.921552 -8.55162 -0.0348992 -0.920991 0.388017 -4.23573 0 0 0 1 
-0.999391 0.0321737 -0.0135207 0.147419 1.6e-06 0.387464 0.921885 -8.53127 -0.0348991 -0.921323 0.387228 -4.22126 0 0 0 1 
-0.999391 0.0322054 -0.013445 0.146034 1.87902e-06 0.385302 0.92279 -8.47554 -0.0348992 -0.922228 0.385068 -4.18177 0 0 0 1 
-0.999391 0.0322454 -0.0133485 0.144283 1.89674e-06 0.38254 0.923939 -8.40428 -0.0348991 -0.923376 0.382307 -4.13155 0 0 0 1 
-0.999391 0.0322902 -0.0132402 0.142321 1.84517e-06 0.379432 0.92522 -8.32403 -0.0348993 -0.924656 0.3792 -4.07539 0 0 0 1 
-0.999391 0.0323359 -0.0131283 0.140308 2.12295e-06 0.376233 0.926525 -8.24135 -0.0348993 -0.925961 0.376004 -4.01795 0 0 0 1 
-0.999391 0.0323786 -0.0130225 0.13842 2.11594e-06 0.373202 0.92775 -8.16295 -0.0348993 -0.927185 0.372975 -3.96386 0 0 0 1 
-0.999391 0.0317251 -0.0145435 0.133909 2.36714e-06 0.416783 0.909006 -9.75817 -0.0348997 -0.908452 0.416529 -3.83476 0 0 0 1 
-0.999391 0.0317189 -0.0145571 0.134182 2.33036e-06 0.417172 0.908827 -9.76851 -0.0348998 -0.908274 0.416918 -3.84251 0 0 0 1 
-0.999391 0.0317125 -0.0145708 0.134455 2.21868e-06 0.417561 0.908648 -9.77884 -0.0348997 -0.908095 0.417307 -3.85027 0 0 0 1 
-0.999391 0.031725 -0.0145437 0.133913 2.06905e-06 0.416783 0.909006 -9.75817 -0.0348997 -0.908452 0.416529 -3.83476 0 0 0 1 
-0.999391 0.0317591 -0.0144691 0.132433 2.35334e-06 0.414651 0.90998 -9.70153 -0.0348997 -0.909426 0.414399 -3.79239 0 0 0 1 
-0.999391 0.0318021 -0.0143739 0.130554 2.37794e-06 0.411927 0.911217 -9.6291 -0.0348996 -0.910662 0.411676 -3.73851 0 0 0 1 
-0.999391 0.0318504 -0.014267 0.128447 2.33431e-06 0.408861 0.912596 -9.54753 -0.0348998 -0.912041 0.408612 -3.67823 0 0 0 1 
-0.999391 0.0318995 -0.0141567 0.126291 2.62047e-06 0.405706 0.914003 -9.46346 -0.0348998 -0.913447 0.405459 -3.61657 0 0 0 1 
-0.999391 0.0319456 -0.0140523 0.124264 2.6216e-06 0.402716 0.915325 -9.38374 -0.0348997 -0.914768 0.402471 -3.55848 0 0 0 1 
-0.999391 0.0320453 -0.0138215 0.168393 6.19038e-07 0.396059 0.918225 -8.27651 -0.034899 -0.917666 0.395818 -4.82208 0 0 0 1 
-0.999391 0.0320396 -0.0138353 0.168638 6.2348e-07 0.396452 0.918055 -8.28642 -0.0348991 -0.917496 0.396211 -4.82919 0 0 0 1 
-0.999391 0.0320335 -0.0138489 0.168892 6.36759e-07 0.396846 0.917885 -8.29633 -0.034899 -0.917326 0.396604 -4.83633 0 0 0 1 
-0.999391 0.0320454 -0.0138216 0.168392 4.92731e-07 0.396059 0.918225 -8.27651 -0.0348989 -0.917666 0.395818 -4.82208 0 0 0 1 
-0.999391 0.0320778 -0.0137464 0.167034 6.00603e-07 0.393906 0.919151 -8.22217 -0.0348991 -0.918591 0.393666 -4.78319 0 0 0 1 
-0.999391 0.0321187 -0.0136503 0.165305 6.0133e-07 0.391154 0.920325 -8.15273 -0.0348989 -0.919765 0.390916 -4.73373 0 0 0 1 
-0.999391 0.0321644 -0.0135422 0.163375 6.42008e-07 0.388058 0.921635 -8.0745 -0.034899 -0.921074 0.387821 -4.6784 0 0 0 1 
-0.999391 0.0322109 -0.0134311 0.161401 6.42115e-07 0.384872 0.92297 -7.99392 -0.034899 -0.922408 0.384638 -4.62183 0 0 0 1 
-0.999391 0.0322547 -0.0133257 0.159538 6.29993e-07 0.381853 0.924223 -7.91749 -0.034899 -0.923661 0.38162 -4.56853 0 0 0 1 
-0.999391 0.0331637 -0.0108675 0.149444 7.35071e-07 0.31142 0.950273 -1.95797 -0.0348989 -0.949694 0.31123 -4.27929 0 0 0 1 
-0.999391 0.0331592 -0.0108818 0.149595 7.39494e-07 0.311827 0.950139 -1.96813 -0.0348991 -0.94956 0.311637 -4.2837 0 0 0 1 
-0.999391 0.0331544 -0.0108959 0.149755 7.52754e-07 0.312234 0.950005 -1.97828 -0.0348989 -0.949427 0.312043 -4.28814 0 0 0 1 
-0.999391 0.0331637 -0.0108676 0.149444 6.08764e-07 0.31142 0.950273 -1.95798 -0.0348989 -0.949694 0.31123 -4.27929 0 0 0 1 
-0.999391 0.0331892 -0.0107898 0.148603 7.16738e-07 0.309191 0.951 -1.90239 -0.034899 -0.950421 0.309003 -4.25519 0 0 0 1 
-0.999391 0.0332213 -0.0106904 0.147534 7.17595e-07 0.306345 0.951921 -1.83139 -0.0348989 -0.951341 0.306158 -4.22463 0 0 0 1 
-0.999391 0.033257 -0.0105786 0.146346 7.58418e-07 0.303143 0.952945 -1.75148 -0.0348989 -0.952365 0.302958 -4.19054 0 0 0 1 
-0.999391 0.0332933 -0.0104637 0.145134 7.58672e-07 0.299849 0.953987 -1.66926 -0.034899 -0.953406 0.299667 -4.1558 0 0 0 1 
-0.999391 0.0333274 -0.0103548 0.143993 7.4669e-07 0.296729 0.954962 -1.59133 -0.0348989 -0.95438 0.296548 -4.12317 0 0 0 1 
