a
34
11
20
0
0
-0.999391 0.0152989 -0.0313672 0.75368 4.9337e-08 0.898794 0.438371 -21.4713 -0.0348992 -0.438104 0.898246 -21.5825 0 0 0 1 
-0.999391 0.028034 -0.0207862 0.328123 -1.18518e-08 0.595602 0.80328 -15.3766 -0.0348994 -0.802791 0.595239 -9.39614 0 0 0 1 
-0.999391 0.0344591 -0.00552628 0.0484881 2.87869e-08 0.158349 0.987383 -4.3478 -0.0348994 -0.986782 0.158253 -1.38848 0 0 0 1 
-0.999391 0.0338628 0.00844295 -0.0262489 1.87281e-08 -0.241922 0.970296 6.963 -0.0348994 -0.969705 -0.241775 0.751736 0 0 0 1 
-0.999391 0.0338629 0.00844299 -0.0262526 1.87281e-08 -0.241922 0.970296 6.963 -0.0348996 -0.969705 -0.241775 0.751732 0 0 0 1 
-0.999391 0.0338629 0.00844299 -0.0262526 1.87281e-08 -0.241922 0.970296 6.963 -0.0348996 -0.969705 -0.241775 0.751732 0 0 0 1 
-0.999391 0.0348994 3.90081e-05 -0.000253618 2.58039e-08 -0.00111699 0.999999 0.0312552 -0.0348995 -0.99939 -0.00111631 0.00728989 0 0 0 1 
-0.999391 0.0336581 -0.00922544 0.0951086 5.48409e-08 0.264344 0.964428 -7.16315 -0.0348995 -0.963841 0.264183 -2.72359 0 0 0 1 
-0.999391 0.0297403 -0.0182619 0.263864 5.75031e-08 0.523272 0.852166 -13.6728 -0.0348996 -0.851646 0.522953 -7.55615 0 0 0 1 
-0.999391 0.0233595 -0.0259287 0.492562 5.43578e-08 0.742958 0.669338 -18.6228 -0.0348994 -0.668931 0.742505 -14.1051 0 0 0 1 
-0.999391 0.0152989 -0.0313672 0.75368 4.9337e-08 0.898794 0.438371 -21.4713 -0.0348992 -0.438104 0.898246 -21.5825 0 0 0 1 
-0.999391 0.0166033 -0.0306966 0.712795 3.18335e-08 0.879581 0.47575 -21.1783 -0.0348991 -0.47546 0.879045 -20.4117 0 0 0 1 
-0.999391 0.0273619 -0.021663 0.352665 1.1973e-07 0.620732 0.784023 -15.9536 -0.0348993 -0.783545 0.620354 -10.099 0 0 0 1 
-0.999391 0.0336867 -0.009119 0.0936113 2.5802e-07 0.261303 0.965257 -7.08347 -0.0348992 -0.964669 0.261144 -2.68054 0 0 0 1 
-0.999391 0.034796 0.00268284 -0.014662 4.45034e-07 -0.0768612 0.997042 2.16982 -0.0348993 -0.996435 -0.0768143 0.420002 0 0 0 1 
-0.999391 0.0347961 0.00268285 -0.0146657 4.45034e-07 -0.0768612 0.997042 2.16981 -0.0348994 -0.996435 -0.0768144 0.420002 0 0 0 1 
-0.999391 0.0347961 0.00268285 -0.0146657 4.45034e-07 -0.0768612 0.997042 2.16981 -0.0348994 -0.996435 -0.0768144 0.420002 0 0 0 1 
-0.999391 0.0346098 -0.00448477 0.0374553 3.27273e-07 0.128516 0.991708 -3.5414 -0.0348992 -0.991103 0.128437 -1.07243 0 0 0 1 
-0.999391 0.0327089 -0.0121691 0.14093 2.71264e-07 0.3487 0.937234 -9.34532 -0.0348993 -0.936663 0.348488 -4.03571 0 0 0 1 
-0.999391 0.0288867 -0.0195839 0.296397 1.95578e-07 0.561157 0.82771 -14.5727 -0.0348994 -0.827205 0.560815 -8.48777 0 0 0 1 
-0.999391 0.0233342 -0.0259514 0.493418 1.34489e-07 0.74361 0.668614 -18.6363 -0.0348993 -0.668207 0.743157 -14.1297 0 0 0 1 
-0.999391 0.0166033 -0.0306966 0.712795 3.18335e-08 0.879581 0.47575 -21.1783 -0.0348991 -0.47546 0.879045 -20.4117 0 0 0 1 
-0.999391 0.0122183 -0.032692 0.849446 -1.76581e-06 0.936699 0.350136 -20.8691 -0.0349006 -0.349923 0.936128 -24.3249 0 0 0 1 
-0.990588 -0.108962 -0.082841 4.64302 -0.134783 0.671032 0.729075 -15.9057 0.0238527 -0.733378 0.679402 -12.4808 0 0 0 1 
-0.964086 -0.234262 -0.125139 8.47637 -0.184947 0.254008 0.949355 -5.97441 0.190611 -0.938404 0.288211 -4.7533 0 0 0 1 
-0.926543 -0.342314 -0.156008 11.7208 -0.117323 -0.13108 0.984405 4.08692 0.357426 -0.930397 -0.0812894 -2.91756 0 0 0 1 
-0.926543 -0.342314 -0.156008 11.7208 -0.117323 -0.13108 0.984405 4.08692 0.357425 -0.930397 -0.0812895 -2.91756 0 0 0 1 
-0.926543 -0.342314 -0.156008 11.7208 -0.117323 -0.13108 0.984405 4.08692 0.357425 -0.930397 -0.0812895 -2.91756 0 0 0 1 
-0.950942 -0.276965 -0.137837 9.76472 -0.171173 0.0999156 0.980162 -2.03311 0.257698 -0.955671 0.142423 -3.47816 0 0 0 1 
-0.971732 -0.205533 -0.116157 7.60473 -0.184847 0.356311 0.915901 -8.52306 0.14686 -0.911482 0.384231 -6.0142 0 0 0 1 
-0.987122 -0.131499 -0.0910909 5.33883 -0.152609 0.603406 0.782695 -14.3945 0.0479591 -0.786517 0.615703 -10.6853 0 0 0 1 
-0.996326 -0.058014 -0.0629955 3.05905 -0.0840009 0.805216 0.587002 -18.7002 -0.0166706 -0.590137 0.807131 -17.0799 0 0 0 1 
-0.999391 0.0122183 -0.032692 0.849446 -1.76581e-06 0.936699 0.350136 -20.8691 -0.0349006 -0.349923 0.936128 -24.3249 0 0 0 1 
-0.999391 0.00678142 -0.0342356 1.02005 -1.72417e-06 0.980931 0.194354 -15.6858 -0.0349007 -0.194236 0.980334 -29.2101 0 0 0 1 
-0.990153 -0.111442 -0.084716 4.76656 -0.139064 0.852409 0.504044 -10.8026 -0.0160408 -0.510862 0.859513 -24.0274 0 0 0 1 
-0.967035 -0.237073 -0.0929513 7.27699 -0.224143 0.619241 0.75253 -5.70359 0.120845 -0.748557 0.651965 -22.8054 0 0 0 1 
-0.937332 -0.341995 -0.0667018 8.22825 -0.202661 0.379374 0.902776 -3.08616 0.28344 -0.859718 0.424908 -24.1116 0 0 0 1 
-0.937332 -0.341995 -0.0667019 8.22825 -0.202661 0.379374 0.902776 -3.08615 0.28344 -0.859718 0.424908 -24.1116 0 0 0 1 
-0.937332 -0.341995 -0.0667019 8.22825 -0.202661 0.379374 0.902776 -3.08615 0.28344 -0.859718 0.424908 -24.1116 0 0 0 1 
-0.956365 -0.279193 -0.0861208 7.79121 -0.227446 0.526397 0.819253 -4.4073 0.183396 -0.803093 0.566929 -23.1454 0 0 0 1 
-0.973431 -0.208412 -0.0948549 6.83165 -0.213798 0.678891 0.702422 -6.73654 0.0819971 -0.704039 0.705412 -22.7616 0 0 0 1 
-0.986933 -0.134042 -0.0894167 5.32508 -0.161124 0.816505 0.554399 -9.80771 0.00130331 -0.561562 0.827433 -23.5156 0 0 0 1 
-0.99578 -0.0608414 -0.0687068 3.33939 -0.082574 0.920685 0.381472 -13.0207 -0.040048 -0.385536 0.921823 -25.7093 0 0 0 1 
-0.999391 0.00678142 -0.0342356 1.02005 -1.72417e-06 0.980931 0.194354 -15.6858 -0.0349007 -0.194236 0.980334 -29.2101 0 0 0 1 
-0.999391 0.0192958 -0.0290805 0.48657 -1.88178e-06 0.833225 0.552934 -36.4131 -0.0348999 -0.552597 0.832717 -13.9341 0 0 0 1 
-0.990153 -0.105721 -0.0917564 5.12812 -0.139064 0.817975 0.558192 -13.7374 -0.0160416 -0.565456 0.824623 -20.9011 0 0 0 1 
-0.967035 -0.253019 -0.0287151 3.39473 -0.224143 0.792264 0.567518 3.43336 0.120843 -0.555246 0.82286 -36.926 0 0 0 1 
-0.937332 -0.328244 0.116894 -3.82214 -0.202662 0.786486 0.583411 10.9415 0.283436 -0.52316 0.803721 -53.9329 0 0 0 1 
-0.937332 -0.328244 0.116894 -3.82213 -0.202663 0.786486 0.583411 10.9414 0.283436 -0.52316 0.803721 -53.9329 0 0 0 1 
-0.937332 -0.328244 0.116894 -3.82213 -0.202663 0.786486 0.583411 10.9414 0.283436 -0.52316 0.803721 -53.9329 0 0 0 1 
-0.956365 -0.291452 0.0205112 1.11805 -0.227446 0.786725 0.573874 7.21465 0.183393 -0.544168 0.818687 -43.5316 0 0 0 1 
-0.973431 -0.222409 -0.0544715 4.45487 -0.213798 0.797607 0.564015 0.271309 0.0819952 -0.560675 0.823966 -32.7064 0 0 0 1 
-0.986933 -0.13355 -0.0901498 5.36438 -0.161124 0.81346 0.558859 -10.046 0.00130229 -0.566082 0.824348 -23.2441 0 0 0 1 
-0.99578 -0.0459514 -0.0794405 3.79141 -0.082574 0.826354 0.557064 -22.8166 -0.0400481 -0.561273 0.826661 -16.7509 0 0 0 1 
-0.999391 0.0192958 -0.0290805 0.48657 -1.88178e-06 0.833225 0.552934 -36.4131 -0.0348999 -0.552597 0.832717 -13.9341 0 0 0 1 
-0.999391 0.0335356 -0.00965368 -1.11707 2.94172e-06 0.276712 0.960953 -57.1754 -0.0348974 -0.960368 0.276543 31.9826 0 0 0 1 
-0.979497 -0.0560745 -0.193496 11.6513 -0.195215 0.501431 0.842887 -29.3082 -0.0497601 -0.863379 0.502097 6.6542 0 0 0 1 
-0.932925 -0.240667 -0.267827 20.3012 -0.359324 0.670189 0.64941 -0.576942 -0.0232028 -0.702087 0.711713 -26.763 0 0 0 1 
-0.89153 -0.398344 -0.21563 21.0072 -0.45262 0.764943 0.458256 20.2136 0.017599 -0.506147 0.862268 -58.3751 0 0 0 1 
-0.89153 -0.398344 -0.21563 21.0072 -0.45262 0.764943 0.458256 20.2136 0.0175987 -0.506147 0.862268 -58.375 0 0 0 1 
-0.89153 -0.398344 -0.21563 21.0072 -0.45262 0.764943 0.458256 20.2136 0.0175987 -0.506147 0.862268 -58.3751 0 0 0 1 
-0.915625 -0.307123 -0.259435 21.3668 -0.401951 0.712417 0.575237 8.23953 -0.00815712 -0.630981 0.775755 -39.1516 0 0 0 1 
-0.944627 -0.195203 -0.263772 19.006 -0.326581 0.637656 0.697667 -6.86707 -0.0320091 -0.745178 0.666097 -18.6346 0 0 0 1 
-0.972382 -0.0851033 -0.217326 13.724 -0.228491 0.53699 0.812055 -23.9703 -0.0475932 -0.839285 0.541605 1.09393 0 0 0 1 
-0.992078 -0.00291047 -0.12559 6.44051 -0.115564 0.413131 0.90331 -41.3272 -0.049256 -0.910667 0.410194 18.2971 0 0 0 1 
-0.999391 0.0335356 -0.00965368 -1.11707 2.94172e-06 0.276712 0.960953 -57.1754 -0.0348974 -0.960368 0.276543 31.9826 0 0 0 1 
-0.998578 0.0281749 -0.045247 3.82657 -0.0357084 0.276617 0.960317 -56.1201 -0.0395728 -0.960567 0.275218 32.2941 0 0 0 1 
-0.971669 -0.0613099 -0.228255 16.2887 -0.2278 0.500297 0.835351 -27.3748 -0.0629799 -0.863681 0.500089 7.29211 0 0 0 1 
-0.921489 -0.245643 -0.300862 24.6005 -0.385816 0.66819 0.636135 1.99209 -0.0447712 -0.702268 0.710503 -26.0104 0 0 0 1 
-0.881135 -0.403101 -0.247209 25.1315 -0.472751 0.76246 0.44177 23.0584 -0.0104094 -0.506127 0.862396 -57.6349 0 0 0 1 
-0.881135 -0.4031 -0.247209 25.1315 -0.472751 0.762461 0.44177 23.0584 -0.0104096 -0.506127 0.862396 -57.6349 0 0 0 1 
-0.881135 -0.4031 -0.247209 25.1315 -0.472752 0.762461 0.44177 23.0584 -0.0104097 -0.506127 0.862396 -57.6349 0 0 0 1 
-0.904143 -0.312006 -0.291853 25.5788 -0.426001 0.710196 0.560486 10.9482 -0.0323977 -0.631089 0.775034 -38.3948 0 0 0 1 
-0.933572 -0.200243 -0.297231 23.3747 -0.354639 0.635829 0.685531 -4.41454 -0.0517159 -0.745402 0.664606 -17.8932 0 0 0 1 
-0.963554 -0.0902977 -0.251814 18.2965 -0.260146 0.53568 0.80335 -21.8991 -0.0623509 -0.839579 0.539647 1.76654 0 0 0 1 
-0.986946 -0.00822048 -0.160845 11.2201 -0.14988 0.41242 0.89858 -39.7387 -0.0589491 -0.910957 0.408268 18.8283 0 0 0 1 
-0.998578 0.0281749 -0.045247 3.82657 -0.0357084 0.276617 0.960317 -56.1201 -0.0395728 -0.960567 0.275218 32.2941 0 0 0 1 
-0.996423 0.0241673 -0.080978 9.13376 -0.0711556 0.277002 0.958231 -54.6762 -0.0455888 -0.960565 0.274291 32.6253 0 0 0 1 
-0.921565 -0.0814121 -0.379592 37.5089 -0.311155 0.739611 0.59679 5.89947 -0.232165 -0.668093 0.706932 -21.8201 0 0 0 1 
-0.845868 -0.328781 -0.420013 41.485 -0.364486 0.931195 0.00511205 89.5971 -0.389433 -0.157412 0.907504 -54.9783 0 0 0 1 
-0.855751 -0.43674 -0.277395 29.4595 -0.267646 0.832515 -0.485061 152.441 -0.442781 0.340848 0.829318 -55.6988 0 0 0 1 
-0.855751 -0.43674 -0.277396 29.4595 -0.267647 0.832515 -0.485062 152.441 -0.442782 0.340848 0.829318 -55.6988 0 0 0 1 
-0.855751 -0.43674 -0.277395 29.4595 -0.267646 0.832515 -0.485062 152.441 -0.442782 0.340848 0.829318 -55.6988 0 0 0 1 
-0.840412 -0.391741 -0.374495 37.3666 -0.339624 0.91919 -0.199363 116.632 -0.42233 0.0403595 0.905543 -58.5735 0 0 0 1 
-0.856466 -0.275667 -0.436433 43.0297 -0.369758 0.917578 0.146046 70.4218 -0.360201 -0.286457 0.887804 -50.196 0 0 0 1 
-0.903841 -0.124285 -0.40942 40.4134 -0.335819 0.799009 0.498808 20.4292 -0.265136 -0.588334 0.763915 -29.9566 0 0 0 1 
-0.960709 -0.00535189 -0.277507 27.6109 -0.23094 0.570026 0.788503 -23.9538 -0.153966 -0.821609 0.548865 -0.734093 0 0 0 1 
-0.996423 0.0241673 -0.080978 9.13376 -0.0711556 0.277002 0.958231 -54.6762 -0.0455888 -0.960565 0.274291 32.6253 0 0 0 1 
-0.998906 0.0388969 0.0259426 -6.07019 0.0357116 0.276617 0.960316 -56.1201 -0.0301771 -0.960193 0.277704 31.9485 0 0 0 1 
-0.986054 -0.0508014 -0.158483 6.58899 -0.162379 0.502391 0.849256 -29.308 -0.0364769 -0.863147 0.503634 6.79934 0 0 0 1 
-0.943149 -0.235634 -0.234407 15.362 -0.332367 0.672046 0.66173 -1.56623 -0.00160625 -0.702019 0.712156 -26.2402 0 0 0 1 
-0.900768 -0.393536 -0.183702 16.3028 -0.431902 0.767317 0.474011 18.5762 0.0455822 -0.506315 0.861143 -57.4606 0 0 0 1 
-0.900768 -0.393536 -0.183703 16.3028 -0.431902 0.767317 0.474011 18.5762 0.0455819 -0.506316 0.861143 -57.4606 0 0 0 1 
-0.900768 -0.393536 -0.183703 16.3028 -0.431902 0.767317 0.474011 18.5762 0.0455819 -0.506315 0.861143 -57.4606 0 0 0 1 
-0.925918 -0.302183 -0.22663 16.5115 -0.377382 0.714509 0.589119 6.9678 0.016092 -0.631002 0.775615 -38.4756 0 0 0 1 
-0.954455 -0.190108 -0.229943 14.0203 -0.298101 0.639333 0.708794 -7.64861 -0.0122625 -0.745058 0.666886 -18.2102 0 0 0 1 
-0.979948 -0.0798656 -0.182548 8.66725 -0.196541 0.538131 0.819626 -24.1618 -0.0327751 -0.839068 0.543038 1.2952 0 0 0 1 
-0.995923 0.00242306 -0.0901769 1.39579 -0.081102 0.41366 0.906812 -40.8831 -0.0394998 -0.910429 0.411777 18.3405 0 0 0 1 
-0.998906 0.0388969 0.0259426 -6.07019 0.0357116 0.276617 0.960316 -56.1201 -0.0301771 -0.960193 0.277704 31.9485 0 0 0 1 
-0.997176 0.0428945 0.0616511 -11.3876 0.0711588 0.277002 0.958231 -54.6761 -0.0240254 -0.959911 0.279272 31.9087 0 0 0 1 
-0.975546 -0.055371 -0.212706 15.0568 -0.191868 0.686628 0.701234 -11.9929 -0.107222 -0.724897 0.680461 -24.4524 0 0 0 1 
-0.918023 -0.284824 -0.275877 23.3009 -0.351946 0.905782 0.235996 56.2479 -0.182667 -0.313743 0.931771 -72.3802 0 0 0 1 
-0.897972 -0.411982 -0.15465 12.4544 -0.380342 0.903377 -0.198116 117.157 -0.221328 0.119083 0.967902 -94.3705 0 0 0 1 
-0.897972 -0.411982 -0.15465 12.4544 -0.380342 0.903377 -0.198116 117.157 -0.221328 0.119083 0.967902 -94.3705 0 0 0 1 
-0.897972 -0.411982 -0.15465 12.4544 -0.380342 0.903378 -0.198116 117.157 -0.221328 0.119083 0.967902 -94.3705 0 0 0 1 
-0.904723 -0.350611 -0.241969 20.4349 -0.375099 0.924886 0.0623458 80.9305 -0.201935 -0.147168 0.968279 -83.719 0 0 0 1 
-0.929958 -0.233157 -0.284281 23.724 -0.327315 0.877186 0.351296 39.6576 -0.16746 -0.41974 0.892062 -63.0845 0 0 0 1 
-0.965376 -0.0937671 -0.243428 18.439 -0.230456 0.743791 0.627428 -0.868279 -0.122228 -0.661802 0.739647 -34.2707 0 0 0 1 
-0.993233 0.0127222 -0.115446 5.02285 -0.0910061 0.532338 0.841626 -33.9078 -0.0721638 -0.846437 0.527577 -1.1554 0 0 0 1 
-0.997176 0.0428945 0.0616511 -11.3876 0.0711588 0.277002 0.958231 -54.6761 -0.0240254 -0.959911 0.279272 31.9087 0 0 0 1 
-0.999391 0.00678277 -0.0342341 1.02005 -1.07108e-07 0.980931 0.194354 -15.6858 -0.0348995 -0.194236 0.980334 -29.2101 0 0 0 1 
-0.990154 -0.111441 -0.0847145 4.76656 -0.139062 0.852409 0.504044 -10.8026 -0.0160402 -0.510862 0.859513 -24.0274 0 0 0 1 
-0.967035 -0.237072 -0.0929498 7.27699 -0.224141 0.619241 0.75253 -5.70358 0.120845 -0.748557 0.651965 -22.8054 0 0 0 1 
-0.937332 -0.341994 -0.0667005 8.22825 -0.202659 0.379374 0.902776 -3.08616 0.283439 -0.859718 0.424908 -24.1116 0 0 0 1 
-0.937332 -0.341993 -0.0667005 8.22825 -0.202659 0.379374 0.902776 -3.08616 0.283439 -0.859718 0.424908 -24.1116 0 0 0 1 
-0.937332 -0.341993 -0.0667005 8.22825 -0.202659 0.379374 0.902776 -3.08616 0.283439 -0.859718 0.424908 -24.1116 0 0 0 1 
-0.956366 -0.279192 -0.0861194 7.79121 -0.227444 0.526397 0.819253 -4.40731 0.183396 -0.803093 0.566928 -23.1454 0 0 0 1 
-0.973431 -0.208411 -0.0948534 6.83165 -0.213796 0.678892 0.702422 -6.73654 0.0819972 -0.704039 0.705411 -22.7616 0 0 0 1 
-0.986934 -0.13404 -0.0894153 5.32508 -0.161122 0.816505 0.554399 -9.80771 0.00130378 -0.561562 0.827433 -23.5156 0 0 0 1 
-0.99578 -0.0608401 -0.0687053 3.33939 -0.0825722 0.920685 0.381473 -13.0207 -0.0400471 -0.385536 0.921823 -25.7093 0 0 0 1 
-0.999391 0.00678277 -0.0342341 1.02005 -1.07108e-07 0.980931 0.194354 -15.6858 -0.0348995 -0.194236 0.980334 -29.2101 0 0 0 1 
-0.990379 -0.12497 -0.0594305 6.66494 -0.135019 0.966757 0.217142 -16.482 -0.0303187 -0.223077 0.974329 -27.9475 0 0 0 1 
-0.994735 -0.0636239 -0.0803406 2.98046 -0.0856839 0.946405 0.311409 -3.23666 -0.0562218 -0.316653 0.946874 -35.1126 0 0 0 1 
-0.999078 -0.00101166 -0.0429162 -3.10604 -0.0181439 0.915989 0.400792 4.06767 -0.0389053 -0.401201 0.915163 -48.519 0 0 0 1 
-0.995953 0.0865203 0.0243331 -10.6313 0.0876247 0.874501 0.477042 4.34706 -0.0199945 -0.477244 0.878544 -61.4427 0 0 0 1 
-0.995953 0.0865203 0.024333 -10.6313 0.0876247 0.874501 0.477042 4.34706 -0.0199947 -0.477244 0.878544 -61.4427 0 0 0 1 
-0.995953 0.0865203 0.024333 -10.6313 0.0876247 0.874501 0.477042 4.34706 -0.0199947 -0.477244 0.878544 -61.4427 0 0 0 1 
-0.999412 0.0284931 -0.0190516 -5.84422 0.0175043 0.90217 0.431026 4.81863 -0.0294691 -0.430439 0.902139 -53.6405 0 0 0 1 
-0.998259 -0.0178425 -0.0562127 -1.45406 -0.0379387 0.924026 0.380443 3.0647 -0.045154 -0.381914 0.923094 -45.1543 0 0 0 1 
-0.995517 -0.0537548 -0.077825 2.09246 -0.0764673 0.941674 0.327723 -1.37543 -0.0556691 -0.332205 0.941563 -37.2102 0 0 0 1 
-0.993149 -0.0865123 -0.0785569 4.71134 -0.10492 0.95614 0.273476 -8.22176 -0.0514523 -0.279844 0.958666 -31.153 0 0 0 1 
-0.990379 -0.12497 -0.0594305 6.66494 -0.135019 0.966757 0.217142 -16.482 -0.0303187 -0.223077 0.974329 -27.9475 0 0 0 1 
-0.876107 -0.473904 0.0886148 11.8139 -0.372574 0.782162 0.49941 -35.9188 0.305984 -0.404521 0.861822 -4.68044 0 0 0 1 
-0.958168 -0.195099 0.209406 -9.5039 -0.0583951 0.849531 0.524296 -12.3874 0.280186 -0.490136 0.825387 -11.5338 0 0 0 1 
-0.928418 0.0948068 0.359238 -28.0712 0.275746 0.823845 0.49522 10.7139 0.249006 -0.55883 0.791015 -26.8412 0 0 0 1 
-0.797145 0.3584 0.48591 -40.2484 0.573232 0.701997 0.422616 28.7158 0.189642 -0.615426 0.765041 -43.5576 0 0 0 1 
-0.797145 0.3584 0.48591 -40.2484 0.573232 0.701997 0.422616 28.7158 0.189642 -0.615426 0.765041 -43.5576 0 0 0 1 
-0.797145 0.3584 0.48591 -40.2484 0.573232 0.701997 0.422616 28.7158 0.189642 -0.615426 0.765041 -43.5576 0 0 0 1 
-0.889596 0.197551 0.411816 -33.4512 0.393678 0.788806 0.472019 18.041 0.231595 -0.582029 0.779491 -33.114 0 0 0 1 
-0.945828 0.0270116 0.323543 -24.1383 0.197353 0.839125 0.506874 5.62973 0.257802 -0.543267 0.798999 -22.8754 0 0 0 1 
-0.961362 -0.143739 0.23478 -13.0955 0.000328325 0.852259 0.52312 -8.06252 0.275286 -0.502985 0.819282 -13.8426 0 0 0 1 
-0.937471 -0.311381 0.155533 -0.983555 -0.19013 0.832417 0.520513 -22.3361 0.291546 -0.458394 0.839569 -7.35241 0 0 0 1 
-0.876107 -0.473904 0.0886148 11.8139 -0.372574 0.782162 0.49941 -35.9188 0.305984 -0.404521 0.861822 -4.68044 0 0 0 1 
-0.83002 -0.556754 0.0330425 19.8653 -0.439473 0.689353 0.575896 -45.85 0.34341 -0.463484 0.816855 1.78947 0 0 0 1 
-0.935316 -0.130903 0.328709 -17.8346 0.0320566 0.893868 0.447183 -0.49765 0.35236 -0.428795 0.831852 -7.59987 0 0 0 1 
-0.792582 0.368571 0.485766 -30.7739 0.497844 0.851135 0.166496 51.4811 0.352087 -0.373797 0.858086 -26.45 0 0 0 1 
-0.482341 0.760529 0.434675 -17.7051 0.813827 0.572639 -0.0988478 87.0239 0.324089 -0.306072 0.895147 -46.8748 0 0 0 1 
-0.482341 0.760529 0.434675 -17.7051 0.813827 0.572639 -0.0988478 87.0239 0.324089 -0.306072 0.895146 -46.8748 0 0 0 1 
-0.482342 0.760529 0.434675 -17.7051 0.813826 0.57264 -0.0988474 87.0239 0.324089 -0.306072 0.895146 -46.8748 0 0 0 1 
-0.689094 0.53422 0.489651 -28.3716 0.637011 0.768683 0.0578251 67.316 0.345496 -0.35176 0.869999 -34.1518 0 0 0 1 
-0.846908 0.253592 0.467374 -30.3779 0.396876 0.886428 0.238194 39.9938 0.353889 -0.387218 0.851367 -21.5977 0 0 0 1 
-0.927901 -0.0429805 0.37034 -22.2432 0.119473 0.90667 0.404569 8.96873 0.353165 -0.419645 0.836166 -10.4962 0 0 0 1 
-0.921553 -0.321561 0.217574 -4.75298 -0.167445 0.834773 0.524516 -21.1424 0.350289 -0.446937 0.823131 -2.17639 0 0 0 1 
-0.83002 -0.556754 0.0330425 19.8653 -0.439473 0.689353 0.575896 -45.85 0.34341 -0.463484 0.816855 1.78947 0 0 0 1 
-0.98397 0.161508 0.0756163 23.491 0.175852 0.808252 0.561965 16.7699 -0.0296446 -0.566254 0.823697 -36.9668 0 0 0 1 
-0.579629 0.63785 0.507127 20.9139 0.806066 0.54009 0.241995 81.9797 0.119538 -0.549045 0.827201 -32.6152 0 0 0 1 
0.153071 0.842442 0.516586 69.1433 0.946175 0.02591 -0.322616 118.201 0.28517 -0.538164 0.793131 -31.109 0 0 0 1 
0.681159 0.724134 0.107944 123.623 0.589148 -0.454605 -0.668012 92.8641 0.434658 -0.518618 0.73628 -26.7463 0 0 0 1 
0.681159 0.724134 0.107944 123.623 0.589148 -0.454605 -0.668012 92.8641 0.434658 -0.518618 0.73628 -26.7463 0 0 0 1 
0.681159 0.724134 0.107945 123.623 0.589148 -0.454605 -0.668012 92.8641 0.434658 -0.518618 0.73628 -26.7463 0 0 0 1 
0.394647 0.828437 0.397424 91.5654 0.853132 -0.169759 -0.493304 115.231 0.341205 -0.533736 0.773761 -30.2752 0 0 0 1 
-0.0204906 0.827126 0.561643 54.9493 0.968643 0.155552 -0.19374 115.271 0.247612 -0.540062 0.804377 -31.4316 0 0 0 1 
-0.459478 0.699831 0.546915 26.4159 0.87555 0.460395 0.146454 92.3601 0.149304 -0.546144 0.824279 -32.2532 0 0 0 1 
-0.807766 0.463269 0.36455 15.1565 0.586977 0.689274 0.424688 55.1053 0.0545301 -0.557031 0.8287 -33.8102 0 0 0 1 
-0.98397 0.161508 0.0756164 23.491 0.175852 0.808252 0.561965 16.77 -0.0296447 -0.566254 0.823697 -36.9668 0 0 0 1 
-0.881382 0.212226 -0.422049 87.8197 0.178639 0.976798 0.118121 56.9453 -0.437325 -0.0287153 0.898845 -122.71 0 0 0 1 
-0.371652 0.927892 0.0298686 88.2433 0.903179 0.353934 0.242897 102.739 -0.214811 -0.11725 0.969592 -111.032 0 0 0 1 
0.559834 0.786714 0.260128 154.644 0.8286 -0.532674 -0.172281 108.288 -0.00302815 -0.311991 0.95008 -96.4959 0 0 0 1 
0.98605 0.153627 -0.0640597 206.551 0.0959953 -0.839287 -0.535147 25.7732 0.135977 -0.521533 0.842327 -79.1777 0 0 0 1 
0.98605 0.153627 -0.0640598 206.551 0.0959953 -0.839287 -0.535147 25.7732 0.135978 -0.521533 0.842326 -79.1776 0 0 0 1 
0.98605 0.153628 -0.0640591 206.551 0.0959959 -0.839287 -0.535147 25.7733 0.135977 -0.521533 0.842327 -79.1777 0 0 0 1 
0.804644 0.561882 0.191926 180.536 0.59121 -0.728275 -0.346534 85.6595 0.0549369 -0.392306 0.918193 -90.7247 0 0 0 1 
0.357937 0.897018 0.259307 136.342 0.932609 -0.357141 -0.0518802 115.741 -0.0460717 -0.260402 0.964401 -100.022 0 0 0 1 
-0.208937 0.971979 0.107708 96.3767 0.962507 0.184908 0.198469 109.9 -0.172992 -0.145137 0.974171 -108.563 0 0 0 1 
-0.678214 0.714866 -0.170271 79.1543 0.666194 0.695906 0.268143 82.2243 -0.310179 -0.0684254 0.948213 -116.296 0 0 0 1 
-0.881382 0.212226 -0.422048 87.8197 0.178639 0.976798 0.118121 56.9453 -0.437325 -0.0287153 0.898845 -122.71 0 0 0 1 
-0.942503 -0.221224 -0.250495 41.0405 -0.330104 0.733199 0.594517 -36.8652 -0.0521415 -0.643024 0.764069 -32.381 0 0 0 1 
-0.905246 0.307506 0.293208 -4.40249 0.419089 0.75985 0.496984 27.8099 0.0699681 -0.572773 0.816723 -34.3047 0 0 0 1 
-0.349723 0.762868 0.543808 10.883 0.910603 0.413241 0.00590435 95.9539 0.22022 -0.497258 0.839189 -38.8114 0 0 0 1 
0.278656 0.901911 0.33001 63.1963 0.890401 -0.113843 -0.440711 113.15 0.359913 -0.416649 0.834786 -40.0574 0 0 0 1 
0.278656 0.901911 0.33001 63.1963 0.890401 -0.113843 -0.440711 113.15 0.359913 -0.416649 0.834786 -40.0573 0 0 0 1 
0.278656 0.901911 0.330011 63.1962 0.890402 -0.113843 -0.440711 113.15 0.359913 -0.416649 0.834786 -40.0574 0 0 0 1 
-0.0981973 0.854362 0.510317 28.8241 0.956953 0.221805 -0.187201 109.143 0.273128 -0.469967 0.839365 -39.9656 0 0 0 1 
-0.508398 0.679189 0.529372 1.99229 0.841046 0.52361 0.135926 83.3244 0.184865 -0.514331 0.83743 -37.8401 0 0 0 1 
-0.836681 0.403232 0.370635 -6.3687 0.539277 0.7247 0.428941 41.7284 0.0956366 -0.558762 0.823796 -35.1124 0 0 0 1 
-0.993187 0.0823554 0.0824481 7.87482 0.115426 0.792536 0.598803 -2.92712 0.0160284 -0.604239 0.796642 -32.786 0 0 0 1 
-0.942503 -0.221224 -0.250495 41.0405 -0.330104 0.733199 0.594517 -36.8652 -0.0521415 -0.643024 0.764069 -32.381 0 0 0 1 
-0.949873 -0.304757 -0.069753 14.9796 -0.296123 0.805462 0.513364 -32.2747 0.100268 -0.508285 0.855332 -15.918 0 0 0 1 
-0.994594 -0.0759091 -0.0708605 5.37138 -0.10097 0.866344 0.489136 -13.0427 -0.0242598 -0.493646 0.869325 -34.4435 0 0 0 1 
-0.983845 0.162468 -0.0751891 -2.92608 0.105627 0.865908 0.488924 -0.720852 -0.144541 -0.473083 0.86908 -59.4791 0 0 0 1 
-0.915812 0.394761 -0.0738348 -10.0682 0.298728 0.792477 0.531734 1.65337 -0.26842 -0.464912 0.843687 -81.5788 0 0 0 1 
-0.915812 0.394761 -0.0738348 -10.0682 0.298728 0.792477 0.531734 1.65337 -0.26842 -0.464912 0.843687 -81.5788 0 0 0 1 
-0.915812 0.394761 -0.073835 -10.0682 0.298728 0.792478 0.531734 1.65335 -0.26842 -0.464912 0.843687 -81.5788 0 0 0 1 
-0.965119 0.250827 -0.0750334 -5.76111 0.181187 0.846776 0.500142 1.18398 -0.188986 -0.469102 0.862687 -68.3453 0 0 0 1 
-0.991596 0.105515 -0.074863 -1.03025 0.0562396 0.872672 0.485057 -2.68848 -0.116511 -0.47677 0.871272 -53.5223 0 0 0 1 
-0.996804 -0.0343832 -0.0721161 3.84941 -0.0652365 0.871374 0.486263 -10.1466 -0.0461208 -0.489413 0.870832 -38.6826 0 0 0 1 
-0.98306 -0.170099 -0.0682572 9.01783 -0.181298 0.84779 0.498381 -20.4973 0.0269066 -0.502314 0.864267 -25.6315 0 0 0 1 
-0.949873 -0.304757 -0.069753 14.9796 -0.296123 0.805462 0.513364 -32.2747 0.100268 -0.508285 0.855332 -15.918 0 0 0 1 
-0.990082 0.140226 -0.00868016 -4.69917 0.135019 0.966757 0.217142 -16.482 -0.0388405 -0.213816 0.976101 -28.3443 0 0 0 1 
-0.9745 -0.143799 -0.172258 10.6311 -0.207956 0.867141 0.452572 -8.44535 -0.0842923 -0.476853 0.874932 -25.9752 0 0 0 1 
-0.866563 -0.430102 -0.253143 22.3332 -0.488085 0.624546 0.609685 1.98798 0.104127 -0.651886 0.751134 -31.3884 0 0 0 1 
-0.724151 -0.643142 -0.248946 27.9924 -0.585302 0.382241 0.715062 7.15406 0.364729 -0.663521 0.653233 -43.0204 0 0 0 1 
-0.724151 -0.643142 -0.248946 27.9924 -0.585303 0.382241 0.715062 7.15407 0.364729 -0.663521 0.653232 -43.0204 0 0 0 1 
-0.724151 -0.643142 -0.248946 27.9924 -0.585303 0.382241 0.715062 7.15407 0.364729 -0.663521 0.653232 -43.0204 0 0 0 1 
-0.814351 -0.519135 -0.259483 25.0884 -0.544076 0.527236 0.65269 4.73417 0.202025 -0.672697 0.711804 -35.3342 0 0 0 1 
-0.897868 -0.367232 -0.242844 20.1105 -0.437912 0.68799 0.578708 -0.220636 0.0454463 -0.625948 0.778539 -29.3106 0 0 0 1 
-0.961067 -0.197084 -0.19367 13.1012 -0.268485 0.831739 0.485929 -6.531 -0.0653144 -0.519008 0.852271 -26.2581 0 0 0 1 
-0.993324 -0.0227688 -0.113093 4.55234 -0.0629317 0.928564 0.365798 -12.4125 -0.0966853 -0.370473 0.923798 -26.3048 0 0 0 1 
-0.990082 0.140226 -0.00868016 -4.69917 0.135019 0.966757 0.217142 -16.482 -0.0388405 -0.213816 0.976101 -28.3443 0 0 0 1 
-0.852628 0.500968 -0.148516 -11.4587 0.372575 0.782162 0.499411 -35.9189 -0.366352 -0.370478 0.853541 -5.49299 0 0 0 1 
-0.84968 0.111132 -0.515455 19.7906 -0.188295 0.849141 0.493461 -11.0376 -0.492534 -0.516342 0.700573 -0.820603 0 0 0 1 
-0.671804 -0.355851 -0.649653 37.8198 -0.668729 0.668553 0.325328 23.8734 -0.318559 -0.652999 0.687104 -13.605 0 0 0 1 
-0.450664 -0.698308 -0.556119 39.326 -0.890129 0.398705 0.22069 46.689 -0.0676175 -0.594475 0.801266 -39.8915 0 0 0 1 
-0.450664 -0.698308 -0.556119 39.326 -0.890129 0.398705 0.22069 46.6891 -0.0676177 -0.594475 0.801266 -39.8916 0 0 0 1 
-0.450664 -0.698308 -0.556119 39.326 -0.890129 0.398705 0.22069 46.6891 -0.0676177 -0.594475 0.801266 -39.8916 0 0 0 1 
-0.587533 -0.502516 -0.634257 39.9203 -0.778221 0.565694 0.272696 34.3486 -0.221761 -0.65381 0.723433 -22.7063 0 0 0 1 
-0.723572 -0.251352 -0.642857 35.2409 -0.578291 0.729239 0.365773 16.0882 -0.376859 -0.636422 0.673012 -8.74022 0 0 0 1 
-0.828376 0.0271873 -0.559512 24.2914 -0.289044 0.834839 0.468505 -4.89084 -0.47984 -0.549822 0.683703 -1.50764 0 0 0 1 
-0.875296 0.291607 -0.385775 7.88046 0.0504837 0.848477 0.52682 -23.5268 -0.480945 -0.441648 0.75739 -1.4757 0 0 0 1 
-0.852628 0.500968 -0.148516 -11.4587 0.372575 0.782162 0.499411 -35.9189 -0.366352 -0.370478 0.853541 -5.49299 0 0 0 1 
-0.804044 0.587729 -0.0899418 -19.9419 0.439473 0.689353 0.575896 -45.8502 -0.400472 -0.423518 0.812561 0.399559 0 0 0 1 
-0.784672 0.0688004 -0.616081 23.6613 -0.250166 0.874161 0.416245 -0.933338 -0.567192 -0.480738 0.668718 6.48442 0 0 0 1 
-0.463264 -0.569816 -0.678746 27.5223 -0.78015 0.62555 0.00731775 56.817 -0.42042 -0.532914 0.734336 -11.292 0 0 0 1 
-0.133678 -0.925926 -0.353257 3.4724 -0.95374 0.217053 -0.208008 86.1007 -0.269276 -0.30911 0.912109 -37.0024 0 0 0 1 
-0.133678 -0.925926 -0.353257 3.47239 -0.953741 0.217052 -0.208008 86.1007 -0.269276 -0.30911 0.912109 -37.0024 0 0 0 1 
-0.133678 -0.925926 -0.353257 3.47239 -0.953741 0.217052 -0.208008 86.1007 -0.269276 -0.30911 0.912109 -37.0024 0 0 0 1 
-0.327729 -0.742347 -0.584392 20.1001 -0.877184 0.468838 -0.103632 71.4281 -0.350916 -0.478656 0.804827 -21.628 0 0 0 1 
-0.551824 -0.435409 -0.711273 30.3298 -0.690448 0.716872 0.0968314 44.9943 -0.467731 -0.544531 0.696214 -5.0768 0 0 0 1 
-0.743304 -0.0505271 -0.667042 27.5951 -0.369587 0.86216 0.346534 9.9951 -0.557588 -0.504111 0.659522 5.33055 0 0 0 1 
-0.837884 0.32204 -0.440728 9.50758 0.0411781 0.84241 0.537263 -23.6864 -0.544294 -0.432015 0.719102 5.75103 0 0 0 1 
-0.804044 0.587729 -0.0899418 -19.9419 0.439473 0.689353 0.575896 -45.8502 -0.400472 -0.423518 0.812561 0.399559 0 0 0 1 
-0.983642 -0.121615 -0.132888 -20.8551 -0.175851 0.808252 0.561966 16.77 -0.0390639 -0.576142 0.816416 -38.5155 0 0 0 1 
-0.41355 -0.584157 -0.698382 -22.8584 -0.892356 0.412338 0.183515 68.711 -0.180768 -0.699098 0.691799 -38.8065 0 0 0 1 
0.442191 -0.769438 -0.460903 -85.8058 -0.882276 -0.280665 -0.377911 77.9305 -0.16142 -0.573753 0.802964 -43.8547 0 0 0 1 
0.772332 -0.605692 0.191417 -127.496 -0.463999 -0.743733 -0.481213 38.6452 -0.43383 -0.282839 0.855449 -14.9532 0 0 0 1 
0.772332 -0.605692 0.191417 -127.496 -0.463999 -0.743734 -0.481213 38.6452 -0.43383 -0.282839 0.855449 -14.9531 0 0 0 1 
0.772332 -0.605692 0.191417 -127.496 -0.463999 -0.743733 -0.481214 38.6452 -0.433831 -0.28284 0.855449 -14.9531 0 0 0 1 
0.639663 -0.73452 -0.226521 -107.025 -0.732655 -0.493494 -0.468701 65.6686 -0.232484 -0.465772 0.853819 -37.355 0 0 0 1 
0.269978 -0.765551 -0.583989 -69.8901 -0.95223 -0.122378 -0.27979 82.2181 -0.142726 -0.631629 0.76202 -44.9555 0 0 0 1 
-0.252639 -0.648244 -0.718299 -31.5774 -0.95288 0.295526 0.0684409 75.561 -0.16791 -0.701744 0.69236 -40.6269 0 0 0 1 
-0.734161 -0.403496 -0.546076 -11.9179 -0.65484 0.633314 0.412431 47.7093 -0.179424 -0.660383 0.72918 -36.4939 0 0 0 1 
-0.983642 -0.121615 -0.132888 -20.8551 -0.175851 0.808252 0.561966 16.77 -0.0390639 -0.576142 0.816416 -38.5155 0 0 0 1 
-0.909742 -0.209705 0.358321 -79.0458 -0.178639 0.976799 0.11812 56.9455 0.374777 -0.0434484 0.926096 -128.538 0 0 0 1 
-0.277317 -0.954307 -0.111326 -88.5528 -0.946455 0.25141 0.202525 80.6063 0.165283 -0.161528 0.972929 -137.566 0 0 0 1 
0.752685 -0.658381 -0.00077334 -181.466 -0.657107 -0.751301 0.0612954 19.3582 0.0409368 0.0456279 0.99812 -116.917 0 0 0 1 
0.896134 0.132531 0.423532 -198.238 0.059905 -0.981757 0.180459 -93.891 -0.439722 0.136344 0.887725 -34.1306 0 0 0 1 
0.896134 0.132531 0.423532 -198.238 0.0599052 -0.981757 0.180459 -93.891 -0.439722 0.136344 0.887725 -34.1306 0 0 0 1 
0.896134 0.132531 0.423533 -198.238 0.059905 -0.981757 0.180459 -93.891 -0.439723 0.136343 0.887725 -34.1306 0 0 0 1 
0.920543 -0.358669 0.154779 -200.819 -0.373017 -0.924739 0.0756127 -24.1282 -0.11601 0.12734 0.985052 -90.7666 0 0 0 1 
0.567512 -0.819447 -0.0802355 -161.781 -0.81615 -0.572734 0.0766496 43.8692 0.108764 -0.0219847 0.993825 -128.286 0 0 0 1 
-0.072316 -0.98738 -0.140896 -103.608 -0.983803 0.0473844 0.172878 78.7534 0.16402 -0.151116 0.974814 -138.083 0 0 0 1 
-0.674634 -0.737325 0.0349572 -67.7779 -0.7123 0.6627 0.231211 73.4907 0.193644 -0.131083 0.972276 -134.692 0 0 0 1 
-0.909742 -0.209705 0.358321 -79.0458 -0.178639 0.976799 0.118119 56.9455 0.374777 -0.0434483 0.926096 -128.538 0 0 0 1 
-0.943273 0.269165 0.194388 -38.4728 0.328572 0.672624 0.663037 -43.9583 -0.0477163 -0.689295 0.722908 -28.0298 0 0 0 1 
-0.7882 -0.229267 -0.57112 14.82 -0.560047 0.651928 0.511211 14.7847 -0.255125 -0.72279 0.64225 -23.5631 0 0 0 1 
-0.0534987 -0.754889 -0.653667 -15.0736 -0.986153 0.142843 -0.084252 75.5302 -0.156973 -0.640108 0.752078 -38.6226 0 0 0 1 
0.477919 -0.867549 -0.137669 -70.4957 -0.838582 -0.40396 -0.365508 79.2837 -0.261483 -0.29013 0.920571 -38.15 0 0 0 1 
0.477919 -0.867549 -0.137668 -70.4957 -0.838583 -0.403961 -0.365508 79.2837 -0.261484 -0.29013 0.920572 -38.15 0 0 0 1 
0.477919 -0.867549 -0.137668 -70.4957 -0.838583 -0.403961 -0.365508 79.2837 -0.261484 -0.29013 0.920572 -38.15 0 0 0 1 
0.196407 -0.845214 -0.497028 -37.0962 -0.967203 -0.0837347 -0.239808 82.4615 -0.161071 -0.527827 0.833939 -42.3196 0 0 0 1 
-0.235385 -0.662844 -0.710797 -2.30095 -0.955946 0.289878 0.046246 66.3494 -0.175391 -0.690369 0.701876 -34.596 0 0 0 1 
-0.679477 -0.340424 -0.64994 15.304 -0.691639 0.592806 0.412572 28.6276 -0.244839 -0.729858 0.638249 -24.9698 0 0 0 1 
-0.952712 0.0154601 -0.303483 2.26974 -0.200839 0.717448 0.667033 -15.6081 -0.228046 -0.696442 0.680416 -23.9532 0 0 0 1 
-0.943273 0.269165 0.194388 -38.4728 0.328572 0.672624 0.663037 -43.9583 -0.0477163 -0.689295 0.722908 -28.0298 0 0 0 1 
-0.938834 0.343462 0.0250072 -15.055 0.289435 0.747633 0.597723 -36.6536 -0.186599 -0.5684 0.801313 -10.2531 0 0 0 1 
-0.830967 -0.115637 -0.544171 24.456 -0.436661 0.741651 0.509195 6.00082 -0.344703 -0.660743 0.666782 -5.68383 0 0 0 1 
-0.35541 -0.633742 -0.687062 24.4674 -0.91653 0.380553 0.123091 59.0124 -0.183455 -0.673461 0.716096 -24.1 0 0 0 1 
0.089499 -0.90286 -0.420517 -1.87379 -0.99259 -0.046011 -0.112467 84.035 -0.0821933 -0.427466 0.900287 -48.6428 0 0 0 1 
0.0894985 -0.902859 -0.420517 -1.87373 -0.99259 -0.0460106 -0.112467 84.035 -0.0821932 -0.427467 0.900287 -48.6428 0 0 0 1 
0.0894991 -0.90286 -0.420517 -1.8738 -0.99259 -0.0460112 -0.112467 84.035 -0.0821934 -0.427466 0.900287 -48.6428 0 0 0 1 
-0.169264 -0.766977 -0.618947 16.0295 -0.977646 0.210146 0.00695333 71.8612 -0.124736 -0.606288 0.785402 -34.1527 0 0 0 1 
-0.480055 -0.527717 -0.700758 28.0483 -0.846726 0.487591 0.212862 48.3793 -0.229353 -0.695535 0.680903 -17.9264 0 0 0 1 
-0.763891 -0.21524 -0.608394 27.6187 -0.554569 0.701068 0.448282 16.2032 -0.330038 -0.679834 0.654905 -7.09235 0 0 0 1 
-0.933557 0.101235 -0.343835 12.09 -0.137234 0.78523 0.603805 -15.446 -0.331116 -0.610873 0.719164 -5.73597 0 0 0 1 
-0.938834 0.343462 0.0250072 -15.0551 0.289435 0.747633 0.597723 -36.6536 -0.186599 -0.5684 0.801313 -10.2531 0 0 0 1 
-0.999644 0.0200527 -0.0175983 0.534739 0.00392822 0.763047 0.646331 -19.0981 -0.026389 -0.646032 0.762854 -15.0173 0 0 0 1 
-0.999519 0.0280195 0.013311 0.107518 0.0215089 0.316796 0.94825 -8.87442 -0.0223526 -0.94808 0.317246 -3.71583 0 0 0 1 
-0.998563 0.0253568 0.0472103 -0.0553761 0.040443 -0.221406 0.974343 5.70502 -0.0351589 -0.974852 -0.220062 0.757833 0 0 0 1 
-0.997152 0.0145997 0.073997 0.0473404 0.0482322 -0.630831 0.77442 18.3419 -0.0579859 -0.775783 -0.62833 -1.76876 0 0 0 1 
-0.997152 0.0145998 0.073997 0.0473375 0.0482322 -0.630831 0.77442 18.3419 -0.0579861 -0.775783 -0.62833 -1.76876 0 0 0 1 
-0.997152 0.0145998 0.073997 0.0473375 0.0482322 -0.630831 0.77442 18.3419 -0.0579861 -0.775783 -0.62833 -1.76876 0 0 0 1 
-0.998061 0.0219654 0.0582448 -0.0408716 0.0448738 -0.394605 0.917754 10.8492 -0.0431427 -0.918588 -0.392854 0.444311 0 0 0 1 
-0.998854 0.0269524 0.0395554 -0.0451956 0.0366925 -0.0995039 0.99436 2.22437 -0.0307364 -0.994672 -0.0984009 0.44426 0 0 0 1 
-0.999408 0.0283742 0.0194278 0.0557709 0.0252275 0.221031 0.97494 -6.43022 -0.023369 -0.974854 0.221616 -2.32437 0 0 0 1 
-0.999665 0.0258758 -0.000226091 0.258472 0.0133272 0.522321 0.852645 -13.866 -0.022181 -0.852356 0.522491 -7.74004 0 0 0 1 
-0.999644 0.0200527 -0.0175983 0.534739 0.00392822 0.763047 0.646331 -19.0981 -0.026389 -0.646032 0.762854 -15.0173 0 0 0 1 
-0.999644 0.0121318 -0.023761 0.63643 0.00392675 0.947834 0.31874 -26.6311 -0.0263883 -0.318533 0.947544 -19.9904 0 0 0 1 
-0.999519 0.0305646 0.00529052 -0.0346622 0.0215082 0.559999 0.828214 -15.3829 -0.0223513 -0.827929 0.560387 -3.62037 0 0 0 1 
-0.998563 0.0328018 0.0423761 -0.267338 0.0404431 -0.0575053 0.997526 2.45813 -0.0351575 -0.997806 -0.0560959 3.04306 0 0 0 1 
-0.997152 0.0202021 0.0726672 -0.0868969 0.0482329 -0.569901 0.820297 17.5427 -0.0579848 -0.821466 -0.567303 -0.12498 0 0 0 1 
-0.997152 0.0202022 0.0726672 -0.0869007 0.0482329 -0.569901 0.820297 17.5427 -0.057985 -0.821465 -0.567303 -0.124981 0 0 0 1 
-0.997152 0.0202022 0.0726672 -0.0869007 0.0482329 -0.569901 0.820297 17.5427 -0.057985 -0.821465 -0.567303 -0.124981 0 0 0 1 
-0.998061 0.0293476 0.0548961 -0.235229 0.0448742 -0.271982 0.961256 8.70633 -0.0431414 -0.961855 -0.270138 2.71182 0 0 0 1 
-0.998854 0.0339339 0.0337559 -0.257822 0.0366924 0.0900085 0.995265 -1.81343 -0.030735 -0.995363 0.0911503 2.53405 0 0 0 1 
-0.999408 0.0323294 0.0117154 -0.113161 0.0252268 0.457802 0.888696 -12.4314 -0.0233677 -0.888466 0.458347 -1.57796 0 0 0 1 
-0.999665 0.0245198 -0.00826499 0.199407 0.0133261 0.761667 0.647832 -21.2202 -0.0221799 -0.647505 0.761739 -9.49631 0 0 0 1 
-0.999644 0.0121318 -0.023761 0.63643 0.00392675 0.947834 0.31874 -26.6311 -0.0263883 -0.318533 0.947544 -19.9904 0 0 0 1 
-0.999391 0.0153003 -0.0313658 0.335301 1.91714e-06 0.898794 0.438371 -21.919 -0.0348986 -0.438104 0.898246 -17.5432 0 0 0 1 
-0.999391 0.0280354 -0.0207847 -0.650409 1.97298e-06 0.595602 0.80328 -16.7692 -0.0348997 -0.802791 0.595239 -3.25369 0 0 0 1 
-0.999391 0.0344604 -0.00552494 -1.57174 1.55118e-06 0.158349 0.987383 -3.67616 -0.0349005 -0.986781 0.158253 8.37867 0 0 0 1 
-0.999391 0.0338642 0.00844436 -2.16309 1.06321e-06 -0.241922 0.970296 12.3849 -0.0349012 -0.969705 -0.241774 12.5951 0 0 0 1 
-0.999391 0.0338643 0.00844439 -2.1631 1.08635e-06 -0.241922 0.970296 12.3849 -0.0349014 -0.969705 -0.241774 12.5951 0 0 0 1 
-0.999391 0.0338643 0.00844439 -2.1631 1.08635e-06 -0.241922 0.970296 12.3849 -0.0349014 -0.969705 -0.241774 12.5951 0 0 0 1 
-0.999391 0.0349007 4.02718e-05 -1.83323 1.31779e-06 -0.00111674 0.999999 2.27543 -0.0349007 -0.99939 -0.001116 10.8321 0 0 0 1 
-0.999391 0.0336596 -0.00922415 -1.3783 1.73112e-06 0.264345 0.964428 -7.30167 -0.0349006 -0.963841 0.264184 6.22865 0 0 0 1 
-0.999391 0.0297417 -0.0182607 -0.828585 1.88551e-06 0.523272 0.852166 -14.9667 -0.0349002 -0.851646 0.522954 -0.793329 0 0 0 1 
-0.999391 0.0233609 -0.0259274 -0.23747 1.92739e-06 0.742958 0.669338 -19.869 -0.0348993 -0.66893 0.742505 -9.15105 0 0 0 1 
-0.999391 0.0153003 -0.0313658 0.335301 1.91714e-06 0.898794 0.438371 -21.919 -0.0348986 -0.438104 0.898246 -17.5432 0 0 0 1 
-0.999391 0.0153017 -0.0313671 0.335303 2.57899e-06 0.898794 0.438371 -21.919 -0.0349004 -0.438104 0.898246 -17.5432 0 0 0 1 
-0.999391 0.0280368 -0.020786 -0.650407 1.74298e-06 0.595602 0.80328 -16.7692 -0.0349016 -0.802791 0.595239 -3.25369 0 0 0 1 
-0.999391 0.0344617 -0.00552624 -1.57174 4.81107e-07 0.158349 0.987383 -3.67616 -0.034902 -0.986781 0.158253 8.37867 0 0 0 1 
-0.999391 0.0338656 0.00844306 -2.16308 -5.33882e-07 -0.241922 0.970296 12.3849 -0.0349022 -0.969705 -0.241774 12.5951 0 0 0 1 
-0.999391 0.0338657 0.00844309 -2.16309 -5.1074e-07 -0.241922 0.970296 12.3849 -0.0349024 -0.969705 -0.241775 12.5951 0 0 0 1 
-0.999391 0.0338657 0.00844309 -2.16309 -5.1074e-07 -0.241922 0.970296 12.3849 -0.0349024 -0.969705 -0.241775 12.5951 0 0 0 1 
-0.999391 0.034902 3.89734e-05 -1.83323 1.24344e-08 -0.00111687 0.999999 2.27544 -0.0349021 -0.99939 -0.00111618 10.8321 0 0 0 1 
-0.999391 0.0336609 -0.00922545 -1.37829 8.36429e-07 0.264345 0.964428 -7.30166 -0.0349023 -0.963841 0.264183 6.22864 0 0 0 1 
-0.999391 0.0297431 -0.018262 -0.828579 1.49252e-06 0.523272 0.852166 -14.9667 -0.034902 -0.851646 0.522953 -0.793332 0 0 0 1 
-0.999391 0.0233622 -0.0259287 -0.237466 2.07425e-06 0.742958 0.669338 -19.869 -0.0349012 -0.66893 0.742505 -9.15105 0 0 0 1 
-0.999391 0.0153017 -0.0313671 0.335303 2.57899e-06 0.898794 0.438371 -21.919 -0.0349004 -0.438104 0.898246 -17.5432 0 0 0 1 
-0.99905 0.0250644 -0.0356549 0.514123 -0.00392324 0.763047 0.646331 -19.0981 -0.0434063 -0.645857 0.762224 -15.018 0 0 0 1 
-0.999408 0.0341405 -0.00417685 0.0483456 0.00683673 0.316197 0.948669 -8.39965 -0.0337088 -0.948079 0.316243 -3.48592 0 0 0 1 
-0.99901 0.0325142 0.0303761 -0.125803 0.022388 -0.222666 0.974637 6.75979 -0.0384533 -0.974352 -0.221718 0.692752 0 0 0 1 
-0.998075 0.0225714 0.0577634 -0.0116634 0.0305028 -0.632301 0.774122 19.665 -0.0539968 -0.774394 -0.630395 -2.47984 0 0 0 1 
-0.998075 0.0225714 0.0577635 -0.0116673 0.0305028 -0.632301 0.774123 19.665 -0.0539971 -0.774394 -0.630395 -2.47984 0 0 0 1 
-0.998075 0.0225714 0.0577635 -0.0116673 0.0305028 -0.632301 0.774123 19.665 -0.0539971 -0.774394 -0.630395 -2.47984 0 0 0 1 
-0.998698 0.0294522 0.0416447 -0.108818 0.0265955 -0.396006 0.917863 12.0496 -0.0435247 -0.917776 -0.394707 0.159519 0 0 0 1 
-0.999171 0.0338816 0.0225667 -0.11558 0.0190541 -0.100638 0.994741 3.15986 -0.0359745 -0.994346 -0.0999087 0.495266 0 0 0 1 
