a
34
11
20
0
2
2 3
8 4
-0.999391 0.0141948 -0.0318825 0.787941 -1.497e-07 0.913545 0.406737 -22.1674 -0.0348997 -0.406489 0.912989 -22.5636 0 0 0 1 
-0.999391 0.027776 -0.0211294 0.337586 2.72676e-07 0.605446 0.795886 -16.0941 -0.0348993 -0.795402 0.605077 -9.66726 0 0 0 1 
-0.999391 0.0345136 -0.00517062 0.0446358 8.77186e-07 0.148185 0.98896 -4.56425 -0.0348988 -0.988357 0.148095 -1.27792 0 0 0 1 
-0.999391 0.0347892 0.00276461 -0.0150072 1.17771e-06 -0.0791841 0.99686 1.74549 -0.0348989 -0.996253 -0.0791358 0.430109 0 0 0 1 
-0.999391 0.0348802 0.00113871 -0.00691366 1.11571e-06 -0.0325968 0.999469 0.424982 -0.0348988 -0.99886 -0.0325769 0.198343 0 0 0 1 
-0.999391 0.0347479 -0.003241 0.025453 9.45532e-07 0.0928956 0.995676 -3.06128 -0.0348987 -0.995069 0.0928391 -0.7285 0 0 0 1 
-0.999391 0.0335773 -0.00951267 0.0992491 7.14078e-07 0.272598 0.962128 -7.86953 -0.0348988 -0.961542 0.272432 -2.8419 0 0 0 1 
-0.999391 0.0307093 -0.0165792 0.225738 4.216e-07 0.475075 0.879945 -12.9967 -0.0348989 -0.879409 0.474786 -6.46416 0 0 0 1 
-0.999391 0.0260442 -0.0232306 0.399791 1.30538e-07 0.665649 0.746265 -17.4538 -0.0348993 -0.74581 0.665244 -11.4485 0 0 0 1 
-0.999391 0.0201723 -0.0284785 0.598423 -1.60069e-08 0.816024 0.578018 -20.5599 -0.0348991 -0.577666 0.815527 -17.1365 0 0 0 1 
-0.999391 0.0141948 -0.0318825 0.787941 -1.497e-07 0.913545 0.406737 -22.1674 -0.0348997 -0.406489 0.912989 -22.5636 0 0 0 1 
-0.999391 0.0141948 -0.0318825 0.787941 -1.48875e-07 0.913545 0.406737 -22.1674 -0.0348997 -0.406489 0.912989 -22.5636 0 0 0 1 
-0.999391 0.027776 -0.0211294 0.337586 2.73307e-07 0.605446 0.795886 -16.0941 -0.0348993 -0.795402 0.605077 -9.66726 0 0 0 1 
-0.999391 0.0345136 -0.00517062 0.0446358 8.77469e-07 0.148185 0.98896 -4.56425 -0.0348988 -0.988357 0.148095 -1.27792 0 0 0 1 
-0.999391 0.0347892 0.00276461 -0.0150073 1.17781e-06 -0.0791841 0.99686 1.74549 -0.0348989 -0.996253 -0.0791358 0.430107 0 0 0 1 
-0.999391 0.0348802 0.00113871 -0.00691362 1.11584e-06 -0.0325969 0.999469 0.424982 -0.0348988 -0.99886 -0.032577 0.198341 0 0 0 1 
-0.999391 0.0347479 -0.00324099 0.0254531 9.45771e-07 0.0928956 0.995676 -3.06128 -0.0348987 -0.995069 0.092839 -0.728503 0 0 0 1 
-0.999391 0.0335773 -0.00951267 0.0992491 7.1446e-07 0.272598 0.962128 -7.86953 -0.0348988 -0.961542 0.272432 -2.8419 0 0 0 1 
-0.999391 0.0307093 -0.0165792 0.225738 4.22138e-07 0.475075 0.879945 -12.9967 -0.0348989 -0.879409 0.474786 -6.46416 0 0 0 1 
-0.999391 0.0260442 -0.0232306 0.399791 1.31213e-07 0.665649 0.746265 -17.4538 -0.0348993 -0.74581 0.665244 -11.4485 0 0 0 1 
-0.999391 0.0201723 -0.0284785 0.598423 -1.52356e-08 0.816024 0.578018 -20.5599 -0.0348991 -0.577666 0.815527 -17.1365 0 0 0 1 
-0.999391 0.0141948 -0.0318825 0.787941 -1.48875e-07 0.913545 0.406737 -22.1674 -0.0348997 -0.406489 0.912989 -22.5636 0 0 0 1 
-0.999391 0.0141937 -0.0318843 0.787941 -1.94671e-06 0.913546 0.406737 -22.1675 -0.0349009 -0.406489 0.912989 -22.5636 0 0 0 1 
-0.999391 0.0277749 -0.0211313 0.337586 -1.89412e-06 0.605446 0.795886 -16.0941 -0.0348995 -0.795402 0.605077 -9.66725 0 0 0 1 
-0.999391 0.0345125 -0.00517247 0.044636 -1.12557e-06 0.148185 0.988959 -4.56424 -0.0348979 -0.988357 0.148095 -1.27793 0 0 0 1 
-0.999391 0.0347881 0.00276276 -0.0150074 -5.80128e-07 -0.0791841 0.99686 1.74549 -0.0348976 -0.996253 -0.0791359 0.43011 0 0 0 1 
-0.999391 0.0348791 0.00113685 -0.00691366 -7.00151e-07 -0.0325968 0.999469 0.424991 -0.0348976 -0.99886 -0.0325769 0.198339 0 0 0 1 
-0.999391 0.0347467 -0.00324285 0.0254529 -1.00656e-06 0.0928956 0.995676 -3.06127 -0.0348977 -0.995069 0.092839 -0.728501 0 0 0 1 
-0.999391 0.0335762 -0.00951453 0.0992489 -1.38096e-06 0.272599 0.962128 -7.86953 -0.0348982 -0.961542 0.272432 -2.8419 0 0 0 1 
-0.999391 0.0307082 -0.0165811 0.225738 -1.75221e-06 0.475075 0.879945 -12.9967 -0.0348988 -0.879409 0.474786 -6.46416 0 0 0 1 
-0.999391 0.026043 -0.0232324 0.399792 -2.01298e-06 0.665649 0.746265 -17.4537 -0.0348997 -0.74581 0.665244 -11.4485 0 0 0 1 
-0.999391 0.0201712 -0.0284804 0.598422 -2.01926e-06 0.816024 0.578018 -20.5599 -0.0349 -0.577666 0.815527 -17.1365 0 0 0 1 
-0.999391 0.0141937 -0.0318843 0.787941 -1.94671e-06 0.913546 0.406737 -22.1675 -0.0349009 -0.406489 0.912989 -22.5636 0 0 0 1 
-0.999391 0.0141935 -0.031884 0.787941 -1.99402e-06 0.913545 0.406737 -22.1674 -0.0349005 -0.406489 0.912989 -22.5636 0 0 0 1 
-0.999391 0.0257057 -0.0236047 0.476141 -1.84421e-06 0.676327 0.736602 -15.2184 -0.0348994 -0.736153 0.675914 -13.6348 0 0 0 1 
-0.999391 0.0329736 -0.0114287 0.32009 -1.23031e-06 0.327455 0.944867 -6.4813 -0.0348981 -0.944291 0.327255 -9.1658 0 0 0 1 
-0.999391 0.0345181 -0.00513392 0.29873 -8.17269e-07 0.14709 0.989123 -2.54466 -0.0348978 -0.988521 0.147 -8.5541 0 0 0 1 
-0.999391 0.0342977 -0.00644391 0.300812 -9.08039e-07 0.184625 0.982809 -3.33315 -0.0348978 -0.98221 0.184513 -8.61372 0 0 0 1 
-0.999391 0.0334586 -0.00991903 0.312212 -1.14096e-06 0.284199 0.958765 -5.5029 -0.0348979 -0.958181 0.284026 -8.94016 0 0 0 1 
-0.999391 0.0316108 -0.0147868 0.344949 -1.42596e-06 0.423674 0.905815 -8.73736 -0.0348983 -0.905263 0.423416 -9.87774 0 0 0 1 
-0.999391 0.0284812 -0.020168 0.41096 -1.72561e-06 0.577859 0.816137 -12.5918 -0.0348988 -0.81564 0.577507 -11.7681 0 0 0 1 
-0.999391 0.0241521 -0.0251923 0.514682 -1.96069e-06 0.721814 0.692087 -16.4788 -0.0348995 -0.691666 0.721374 -14.7384 0 0 0 1 
-0.999391 0.0191218 -0.029195 0.647625 -1.99659e-06 0.836509 0.547954 -19.8021 -0.0348997 -0.54762 0.835999 -18.5454 0 0 0 1 
-0.999391 0.0141935 -0.031884 0.787941 -1.99402e-06 0.913545 0.406737 -22.1674 -0.0349005 -0.406489 0.912989 -22.5636 0 0 0 1 
-0.999391 0.0141937 -0.0318843 0.78794 -1.94671e-06 0.913546 0.406737 -22.1675 -0.0349009 -0.406489 0.912989 -22.5636 0 0 0 1 
-0.999391 0.0215199 -0.0274759 0.792879 -2.01868e-06 0.787233 0.616657 -9.27442 -0.0349003 -0.616281 0.786753 -22.7046 0 0 0 1 
-0.999391 0.0275541 -0.0214181 1.05087 -1.92576e-06 0.613667 0.789565 -1.07942 -0.0348993 -0.789084 0.613293 -30.0922 0 0 0 1 
-0.999391 0.0297687 -0.0182146 1.21791 -1.82409e-06 0.521879 0.85302 0.195309 -0.0348991 -0.852501 0.521561 -34.8754 0 0 0 1 
-0.999391 0.0293447 -0.0188901 1.18238 -1.84831e-06 0.541233 0.840873 0.0751152 -0.0348991 -0.840361 0.540903 -33.858 0 0 0 1 
-0.999391 0.0281278 -0.0206585 1.0899 -1.90905e-06 0.591905 0.806008 -0.610729 -0.0348991 -0.805517 0.591544 -31.2097 0 0 0 1 
-0.999391 0.0261658 -0.0230938 0.96775 -1.96513e-06 0.661682 0.749785 -2.51308 -0.0348995 -0.749328 0.661279 -27.7119 0 0 0 1 
-0.999391 0.0235444 -0.0257615 0.85075 -2.0327e-06 0.738117 0.674673 -6.05534 -0.0348998 -0.674262 0.737667 -24.3616 0 0 0 1 
-0.999391 0.0204545 -0.028278 0.772958 -2.0794e-06 0.810215 0.586132 -11.0741 -0.0349003 -0.585775 0.809722 -22.1342 0 0 0 1 
-0.999391 0.0172045 -0.0303651 0.753836 -1.99735e-06 0.870023 0.493011 -16.8012 -0.0349003 -0.492711 0.869493 -21.5867 0 0 0 1 
-0.999391 0.0141937 -0.0318843 0.78794 -1.94671e-06 0.913546 0.406737 -22.1675 -0.0349009 -0.406489 0.912989 -22.5636 0 0 0 1 
-0.999391 0.0335467 -0.00961641 -1.09602 2.78399e-06 0.275636 0.961262 -52.1735 -0.0348978 -0.960677 0.275468 31.3795 0 0 0 1 
-0.999391 0.0294615 -0.0187058 0.0461568 2.53239e-06 0.536071 0.844173 -21.7452 -0.0348982 -0.843659 0.535745 -1.32719 0 0 0 1 
-0.999391 0.0229735 -0.0262701 1.46705 1.97196e-06 0.752796 0.658253 6.20615 -0.0348985 -0.657853 0.752338 -42.0137 0 0 0 1 
-0.999391 0.0193672 -0.0290317 2.14841 1.63055e-06 0.831908 0.554914 16.8231 -0.0348988 -0.554576 0.831401 -61.5238 0 0 0 1 
-0.999391 0.0201341 -0.0285051 2.00897 1.7038e-06 0.816823 0.576889 14.7839 -0.0348987 -0.576537 0.816325 -57.5311 0 0 0 1 
-0.999391 0.0221261 -0.0269878 1.63314 1.88828e-06 0.773357 0.633971 8.94688 -0.0348985 -0.633585 0.772886 -46.7695 0 0 0 1 
-0.999391 0.0248223 -0.0245305 1.0909 2.14199e-06 0.702959 0.711231 -0.380444 -0.0348983 -0.710797 0.70253 -31.2427 0 0 0 1 
-0.999391 0.0276885 -0.0212421 0.465243 2.36598e-06 0.608742 0.793368 -12.5864 -0.0348981 -0.792885 0.608372 -13.3274 0 0 0 1 
-0.999391 0.0302657 -0.0173742 -0.154524 2.53091e-06 0.49792 0.867223 -26.4514 -0.0348981 -0.866695 0.497617 4.41938 0 0 0 1 
-0.999391 0.0322512 -0.0133304 -0.690985 2.71907e-06 0.382059 0.924138 -40.2508 -0.0348976 -0.923575 0.381827 19.7814 0 0 0 1 
-0.999391 0.0335467 -0.00961641 -1.09602 2.78399e-06 0.275636 0.961262 -52.1735 -0.0348978 -0.960677 0.275468 31.3795 0 0 0 1 
-0.999391 0.0335465 -0.00961793 -1.09591 1.44269e-06 0.275637 0.961262 -52.1735 -0.034898 -0.960676 0.275469 31.3793 0 0 0 1 
-0.992623 -0.0221521 -0.119202 14.5483 -0.10906 0.59267 0.798028 -13.514 -0.052969 -0.805141 0.590713 -9.05811 0 0 0 1 
-0.971379 -0.087606 -0.220791 29.3288 -0.193931 0.829231 0.524182 28.3984 -0.137165 -0.551998 0.822486 -50.7694 0 0 0 1 
-0.957169 -0.119976 -0.263502 35.6136 -0.215925 0.902105 0.373609 46.1845 -0.192882 -0.414504 0.889372 -67.7298 0 0 0 1 
-0.960299 -0.113237 -0.254957 34.3534 -0.212471 0.88911 0.405388 42.6727 -0.18078 -0.443465 0.877871 -64.4259 0 0 0 1 
-0.968161 -0.0953808 -0.231445 30.893 -0.200455 0.849187 0.488568 32.8766 -0.14994 -0.519407 0.841269 -55.0898 0 0 0 1 
-0.978104 -0.0701818 -0.195928 25.6882 -0.176498 0.778576 0.602219 17.9275 -0.11028 -0.623614 0.773915 -40.5547 0 0 0 1 
-0.987563 -0.0414704 -0.151655 19.2421 -0.139495 0.676086 0.723498 -0.482323 -0.0725284 -0.735655 0.673463 -22.2544 0 0 0 1 
-0.994641 -0.0127943 -0.102595 12.1572 -0.0928115 0.547732 0.83149 -19.9602 -0.045556 -0.836556 0.545984 -2.45665 0 0 0 1 
-0.998485 0.0129143 -0.0534884 5.12921 -0.0435877 0.407659 0.912094 -37.8904 -0.033584 -0.913043 0.406478 16.1824 0 0 0 1 
-0.999391 0.0335465 -0.00961793 -1.09591 1.44269e-06 0.275637 0.961262 -52.1735 -0.034898 -0.960676 0.275469 31.3793 0 0 0 1 
-0.999391 0.0335465 -0.00961781 -1.09592 1.52364e-06 0.275637 0.961262 -52.1735 -0.0348979 -0.960676 0.275469 31.3794 0 0 0 1 
-0.970804 -0.0356437 -0.237211 31.6078 -0.21172 0.592174 0.777499 -7.15203 -0.112757 -0.805022 0.582431 -5.90569 0 0 0 1 
-0.888324 -0.113946 -0.444856 60.3924 -0.334538 0.824202 0.45692 43.0016 -0.314587 -0.554714 0.770278 -37.2574 0 0 0 1 
-0.834995 -0.151596 -0.528963 71.6582 -0.343518 0.894576 0.285884 63.4515 -0.429859 -0.42042 0.799042 -46.5832 0 0 0 1 
-0.846642 -0.143814 -0.512363 69.4575 -0.344376 0.882079 0.321468 59.5046 -0.405713 -0.448613 0.796331 -44.9859 0 0 0 1 
-0.876142 -0.123052 -0.466083 63.2615 -0.339745 0.84354 0.415948 48.2439 -0.341977 -0.522779 0.780868 -39.879 0 0 0 1 
-0.914008 -0.0933932 -0.3948 53.5658 -0.315699 0.774924 0.547565 30.5889 -0.254801 -0.625117 0.737771 -30.5086 0 0 0 1 
-0.950745 -0.0590704 -0.304294 41.0334 -0.262729 0.674501 0.689944 8.49533 -0.164491 -0.735907 0.656798 -16.815 0 0 0 1 
-0.978933 -0.024195 -0.202743 26.7242 -0.182646 0.547633 0.816541 -14.8467 -0.0912726 -0.836369 0.540515 -0.176178 0 0 0 1 
-0.994895 0.00761416 -0.100628 12.1071 -0.0887794 0.40806 0.908629 -35.9281 -0.0479806 -0.912924 0.405301 16.8186 0 0 0 1 
-0.999391 0.0335465 -0.00961781 -1.09592 1.52364e-06 0.275637 0.961262 -52.1735 -0.0348979 -0.960676 0.275469 31.3794 0 0 0 1 
-0.999391 0.0335466 -0.00961771 -1.09592 1.4563e-06 0.275637 0.961262 -52.1735 -0.0348981 -0.960676 0.275469 31.3794 0 0 0 1 
-0.994163 0.107879 0.00178877 -4.04493 0.0719097 0.650146 0.756399 -9.87381 -0.0804363 -0.752112 0.654109 -20.4169 0 0 0 1 
-0.983749 0.179478 0.00511167 -5.25469 0.165736 0.896742 0.410348 41.9734 -0.0690647 -0.404526 0.911915 -69.3815 0 0 0 1 
-0.977451 0.211118 0.00434319 -5.31799 0.206745 0.952617 0.223109 65.5987 -0.0429649 -0.218976 0.974784 -87.4701 0 0 0 1 
-0.978817 0.204685 0.00460821 -5.3274 0.198699 0.944285 0.262385 60.8522 -0.049355 -0.257743 0.964952 -84.0612 0 0 0 1 
-0.982298 0.187258 0.00504761 -5.29599 0.176094 0.913878 0.365811 47.827 -0.0638881 -0.360225 0.930675 -74.1179 0 0 0 1 
-0.98685 0.161565 0.00494727 -5.09413 0.14161 0.849397 0.508401 28.5234 -0.0779374 -0.502416 0.861106 -57.8943 0 0 0 1 
-0.991462 0.130346 0.00360556 -4.59001 0.100084 0.742973 0.661796 5.67027 -0.0835837 -0.656507 0.749675 -36.4569 0 0 0 1 
-0.995334 0.096485 0.000587823 -3.7086 0.0585054 0.598673 0.798854 -17.354 -0.0767255 -0.795162 0.601524 -12.2279 0 0 0 1 
-0.997999 0.0630998 -0.00405293 -2.48462 0.0237865 0.434056 0.900572 -37.3318 -0.0585851 -0.898674 0.434688 11.4566 0 0 0 1 
-0.999391 0.0335466 -0.00961771 -1.09592 1.4563e-06 0.275637 0.961262 -52.1735 -0.0348981 -0.960676 0.275469 31.3794 0 0 0 1 
-0.999391 0.0335466 -0.0096177 -1.09592 1.34064e-06 0.275637 0.961262 -52.1735 -0.0348981 -0.960676 0.275469 31.3794 0 0 0 1 
-0.983382 0.169035 0.0662327 -14.471 0.167759 0.706601 0.687439 2.31133 -0.069401 -0.687126 0.723216 -31.6025 0 0 0 1 
-0.946031 0.303886 0.1126 -22.4556 0.321648 0.922899 0.211659 75.9299 0.0395978 -0.236453 0.970836 -77.9677 0 0 0 1 
-0.923388 0.363297 0.123973 -24.3462 0.361664 0.931604 -0.0362355 109.456 0.128658 -0.0113773 0.991624 -88.5779 0 0 0 1 
-0.928272 0.351274 0.122135 -24.0457 0.355598 0.93452 0.0148979 102.791 0.108904 -0.0572603 0.992402 -87.0304 0 0 0 1 
-0.94079 0.318548 0.115934 -23.016 0.333726 0.930366 0.151812 84.3015 0.0595019 -0.181513 0.981587 -81.2544 0 0 0 1 
-0.957251 0.270063 0.103617 -20.9321 0.289258 0.892933 0.344963 56.6411 -0.000638512 -0.360188 0.932879 -68.8808 0 0 0 1 
-0.973858 0.211159 0.0837406 -17.5145 0.221487 0.800815 0.556452 24.045 -0.0504391 -0.560453 0.826649 -48.7161 0 0 0 1 
-0.987406 0.147823 0.0563636 -12.7457 0.140056 0.651094 0.745963 -7.93124 -0.0735727 -0.744463 0.663598 -22.3397 0 0 0 1 
-0.99597 0.0864949 0.0237321 -7.0049 0.0613474 0.463923 0.883749 -34.2234 -0.06543 -0.881643 0.467359 6.05307 0 0 0 1 
-0.999391 0.0335466 -0.0096177 -1.09592 1.34064e-06 0.275637 0.961262 -52.1735 -0.0348981 -0.960676 0.275469 31.3794 0 0 0 1 
-0.999391 0.0141948 -0.0318825 0.78794 -1.48874e-07 0.913545 0.406737 -22.1674 -0.0348997 -0.406489 0.912989 -22.5636 0 0 0 1 
-0.999391 0.0257071 -0.0236032 0.476141 1.76137e-07 0.676326 0.736602 -15.2184 -0.0348994 -0.736153 0.675914 -13.6348 0 0 0 1 
-0.999391 0.032975 -0.0114272 0.320089 6.31708e-07 0.327455 0.944867 -6.4813 -0.0348988 -0.944291 0.327255 -9.1658 0 0 0 1 
-0.999391 0.0345194 -0.00513242 0.29873 8.67606e-07 0.14709 0.989123 -2.54466 -0.0348989 -0.988521 0.147 -8.5541 0 0 0 1 
-0.999391 0.034299 -0.00644241 0.300812 8.18052e-07 0.184625 0.982809 -3.33315 -0.0348989 -0.98221 0.184513 -8.61372 0 0 0 1 
-0.999391 0.0334599 -0.00991753 0.312212 6.83512e-07 0.284199 0.958765 -5.5029 -0.0348988 -0.958181 0.284026 -8.94016 0 0 0 1 
-0.999391 0.0316121 -0.0147853 0.344949 5.0735e-07 0.423674 0.905815 -8.73735 -0.0348989 -0.905263 0.423416 -9.87774 0 0 0 1 
-0.999391 0.0284825 -0.0201665 0.41096 2.81231e-07 0.577859 0.816137 -12.5919 -0.034899 -0.815639 0.577507 -11.7681 0 0 0 1 
-0.999391 0.0241534 -0.0251908 0.514681 5.42165e-08 0.721814 0.692087 -16.4788 -0.0348994 -0.691666 0.721374 -14.7384 0 0 0 1 
-0.999391 0.0191231 -0.0291935 0.647625 -4.33187e-08 0.836509 0.547954 -19.8021 -0.0348992 -0.54762 0.835999 -18.5454 0 0 0 1 
-0.999391 0.0141948 -0.0318825 0.78794 -1.48874e-07 0.913545 0.406737 -22.1674 -0.0348997 -0.406489 0.912989 -22.5636 0 0 0 1 
-0.932543 -0.344405 -0.108397 16.5888 -0.354501 0.8164 0.455874 -21.7326 0.0685101 -0.463548 0.883419 -19.0919 0 0 0 1 
-0.998803 0.0456358 0.0176014 -2.43603 0.0390284 0.52667 0.849174 -16.5784 -0.0294826 -0.848845 0.52782 -1.84101 0 0 0 1 
-0.89485 0.405453 0.186685 -22.6227 0.199447 -0.0109674 0.979847 2.53019 -0.39933 -0.91405 0.0710524 3.95974 0 0 0 1 
-0.797147 0.540523 0.269055 -31.147 0.149574 -0.25494 0.955319 12.3088 -0.584965 -0.801773 -0.122376 0.238686 0 0 0 1 
-0.819406 0.514764 0.252175 -29.4625 0.166184 -0.207702 0.963972 10.3828 -0.548596 -0.831792 -0.0846465 1.34119 0 0 0 1 
-0.873621 0.440511 0.206731 -24.7682 0.194617 -0.0730801 0.978153 4.97627 -0.445995 -0.894768 0.0218867 3.44009 0 0 0 1 
-0.936498 0.320895 0.141413 -17.602 0.192471 0.133267 0.972212 -3.00694 -0.293132 -0.937692 0.186567 4.20776 0 0 0 1 
-0.984254 0.163659 0.0667844 -8.74388 0.124571 0.374178 0.918952 -11.6689 -0.125405 -0.912802 0.388673 1.7664 0 0 0 1 
-0.999873 -0.014941 -0.00559384 0.699406 -0.0133792 0.594283 0.804145 -18.5255 0.00869037 -0.804117 0.594407 -4.11531 0 0 0 1 
-0.979169 -0.192088 -0.0658102 9.48907 -0.18928 0.74618 0.638271 -21.8543 0.0734979 -0.637432 0.766994 -11.8445 0 0 0 1 
-0.932543 -0.344405 -0.108397 16.5888 -0.354501 0.8164 0.455874 -21.7326 0.0685101 -0.463548 0.883419 -19.0919 0 0 0 1 
-0.626307 -0.742889 -0.236338 46.2727 -0.711742 0.421212 0.562143 -28.1301 0.318061 -0.520286 0.792553 -3.69903 0 0 0 1 
-0.967451 -0.152985 0.20158 -6.66657 0.128988 0.387212 0.912924 -13.3465 0.217718 -0.90921 0.354875 18.5685 0 0 0 1 
-0.65197 0.488538 0.579885 -41.0173 0.551361 -0.219545 0.804861 30.9126 -0.520516 -0.844471 0.126225 -5.43817 0 0 0 1 
-0.336831 0.676344 0.65506 -43.5452 0.460024 -0.488815 0.741242 42.4595 -0.821538 -0.551016 0.146487 -31.3202 0 0 0 1 
-0.406918 0.64592 0.645915 -43.76 0.49143 -0.441259 0.750857 40.9508 -0.770009 -0.622959 0.137868 -25.6564 0 0 0 1 
-0.582111 0.543062 0.60517 -42.4663 0.544433 -0.292488 0.786158 34.6456 -0.603937 -0.787105 0.125401 -11.234 0 0 0 1 
-0.789347 0.346489 0.50683 -35.7355 0.52541 -0.0458286 0.849614 20.6928 -0.317609 -0.936934 0.145874 5.85436 0 0 0 1 
-0.938245 0.0620447 0.340362 -20.8261 0.345151 0.235554 0.908507 0.328297 0.0238057 -0.969879 0.242422 17.2433 0 0 0 1 
-0.956982 -0.259974 0.128839 1.23935 0.00111532 0.440745 0.897632 -19.1551 0.290146 -0.859161 0.421495 17.257 0 0 0 1 
-0.834058 -0.546047 -0.0786104 25.5691 -0.39691 0.494983 0.772952 -29.361 0.383157 -0.675888 0.629576 7.80256 0 0 0 1 
-0.626307 -0.742889 -0.236338 46.2727 -0.711742 0.421212 0.562143 -28.1301 0.318061 -0.520286 0.792553 -3.69903 0 0 0 1 
-0.433158 -0.773294 -0.463024 77.4053 -0.775123 0.0574413 0.629193 -35.266 0.459955 -0.631441 0.624279 19.9039 0 0 0 1 
-0.930994 -0.1391 0.337492 -15.0596 0.2847 0.301959 0.909817 -2.05452 0.228464 -0.943118 0.241521 28.4865 0 0 0 1 
-0.25563 0.718016 0.647385 -21.2274 0.690157 -0.333393 0.642286 53.8742 -0.677005 -0.610985 0.410319 -40.0045 0 0 0 1 
0.248745 0.829905 0.499383 7.14069 0.493958 -0.552196 0.671629 50.6739 -0.833146 -0.07961 0.547294 -66.9645 0 0 0 1 
0.146229 0.827698 0.541788 0.477074 0.544424 -0.524609 0.654513 52.696 -0.825966 -0.199253 0.527331 -63.0678 0 0 0 1 
-0.134055 0.768127 0.626107 -15.4837 0.656959 -0.404132 0.636462 54.8063 -0.741913 -0.496647 0.450452 -48.1763 0 0 0 1 
-0.512978 0.555807 0.654166 -30.1984 0.712879 -0.148681 0.685345 46.9896 -0.478182 -0.817908 0.319953 -19.5172 0 0 0 1 
-0.834457 0.167212 0.525092 -29.1619 0.548554 0.161032 0.820462 21.477 -0.0526347 -0.972682 0.226099 13.4107 0 0 0 1 
-0.932312 -0.28636 0.220891 -4.20724 0.119083 0.333646 0.935147 -13.4702 0.341488 -0.898152 0.276962 32.4069 0 0 0 1 
-0.760538 -0.630258 -0.156067 37.2067 -0.40019 0.265731 0.877061 -36.285 0.511302 -0.729495 0.454321 30.6479 0 0 0 1 
-0.433158 -0.773294 -0.463024 77.4053 -0.775123 0.0574413 0.629193 -35.266 0.459955 -0.631441 0.624279 19.9039 0 0 0 1 
-0.596914 -0.461422 -0.65634 91.8364 -0.80149 0.379802 0.461913 -10.369 -0.0361428 -0.801773 0.596535 -28.8745 0 0 0 1 
-0.286445 0.817168 0.500186 58.1444 0.663414 -0.207493 0.718909 37.1696 -0.691254 -0.537758 0.482685 -69.7117 0 0 0 1 
0.953096 -0.262426 -0.150802 143.638 -0.111399 -0.767415 0.631399 -33.4033 0.281423 0.584984 0.760654 50.5842 0 0 0 1 
0.279852 -0.838205 -0.468076 58.0753 -0.0597777 -0.501825 0.862902 -19.2566 0.958181 0.213504 0.190543 146.386 0 0 0 1 
0.464653 -0.767537 -0.44157 82.1643 -0.112282 -0.545717 0.830413 -27.4916 0.878345 0.336273 0.33975 132.22 0 0 0 1 
0.853777 -0.44782 -0.265562 131.073 -0.15056 -0.70064 0.697449 -36.1725 0.498395 0.555483 0.665614 78.2336 0 0 0 1 
0.970439 0.193439 0.144325 149.78 0.0942077 -0.854168 0.511392 -14.8092 -0.222202 0.482679 0.847141 -9.56463 0 0 0 1 
0.370728 0.772873 0.515004 103.338 0.563113 -0.628019 0.537117 27.5285 -0.738555 -0.0908809 0.66804 -68.8552 0 0 0 1 
-0.585054 0.710181 0.391605 41.6573 0.577628 0.025962 0.815887 32.0935 -0.569261 -0.70354 0.42541 -61.9381 0 0 0 1 
-0.981083 0.0818412 -0.175436 40.8275 -0.115864 0.477761 0.870816 -2.469 -0.155085 -0.87467 0.45924 -36.6289 0 0 0 1 
-0.596914 -0.461422 -0.65634 91.8364 -0.80149 0.379802 0.461913 -10.369 -0.0361428 -0.801773 0.596535 -28.8745 0 0 0 1 
-0.410327 -0.848621 -0.333877 99.3135 -0.900306 0.435257 0.000154912 22.0664 -0.145191 -0.300655 0.942617 -100.103 0 0 0 1 
-0.428606 0.892182 0.142509 72.893 0.599579 0.162879 0.783566 6.86162 -0.675872 -0.421287 0.604744 -84.9733 0 0 0 1 
0.976674 -0.136041 -0.166132 143.505 0.024577 -0.697784 0.715886 -26.1413 0.213315 0.70327 0.678164 45.0813 0 0 0 1 
0.360204 -0.784421 -0.504912 70.9495 0.102375 -0.504736 0.857182 3.95749 0.92724 0.360451 0.101503 145.59 0 0 0 1 
0.539769 -0.697374 -0.471507 92.9404 0.0428866 -0.536601 0.842746 -7.61329 0.84072 0.475109 0.259733 129.874 0 0 0 1 
0.898734 -0.337963 -0.279388 134.405 -0.00942768 -0.6519 0.758247 -24.8868 0.438392 0.678828 0.589071 73.0325 0 0 0 1 
0.931566 0.352668 0.0883773 143.932 0.213213 -0.726813 0.652903 -18.1602 -0.294492 0.589379 0.752268 -13.8919 0 0 0 1 
0.233683 0.932215 0.276345 102.993 0.601004 -0.361904 0.712614 3.86361 -0.76432 0.0004417 0.644836 -73.6208 0 0 0 1 
-0.700251 0.713632 0.0194359 64.5014 0.460843 0.431074 0.775757 4.03238 -0.545226 -0.552181 0.630733 -86.0996 0 0 0 1 
-0.934173 -0.170018 -0.313711 71.7969 -0.309818 0.822634 0.476746 -1.79341 -0.177014 -0.542557 0.821157 -90.7278 0 0 0 1 
-0.410327 -0.848621 -0.333877 99.3135 -0.900306 0.435257 0.000154912 22.0664 -0.145191 -0.300655 0.942617 -100.103 0 0 0 1 
-0.527026 -0.468838 -0.708827 96.3252 -0.846245 0.212774 0.488464 -26.3345 0.0781906 -0.857274 0.508889 -8.14588 0 0 0 1 
-0.974606 0.218788 0.0476923 13.3105 0.0854014 0.166284 0.982373 -29.0109 -0.207001 -0.9615 0.180746 -5.82656 0 0 0 1 
-0.146842 0.860684 0.487505 5.53648 0.218301 -0.452498 0.864633 -11.0648 -0.96477 -0.233387 0.121443 -33.5248 0 0 0 1 
0.383381 0.777567 0.498406 18.5453 -0.0846075 -0.507803 0.857309 -17.8323 -0.919707 0.370845 0.128894 -29.2776 0 0 0 1 
0.280635 0.817659 0.502671 16.033 -0.0172056 -0.519347 0.854391 -16.2271 -0.95966 0.248421 0.131678 -31.7603 0 0 0 1 
-0.0137528 0.866744 0.498564 8.64717 0.15435 -0.490795 0.857495 -12.2486 -0.987921 -0.0887465 0.127032 -34.2673 0 0 0 1 
-0.439018 0.785713 0.435796 0.187435 0.316407 -0.318767 0.893462 -10.6971 -0.840922 -0.530135 0.108661 -28.3891 0 0 0 1 
-0.832054 0.495175 0.249977 1.54202 0.27739 -0.0188168 0.960573 -18.8615 -0.480355 -0.86859 0.1217 -14.1613 0 0 0 1 
-0.994625 0.075944 -0.0703888 22.6761 -0.0510301 0.231991 0.971378 -33.913 -0.0901002 -0.969749 0.226869 -3.43021 0 0 0 1 
-0.854577 -0.285204 -0.434002 59.7109 -0.508658 0.291159 0.810244 -39.6454 0.104721 -0.913174 0.393888 -3.90205 0 0 0 1 
-0.527026 -0.468838 -0.708827 96.3252 -0.846245 0.212774 0.488464 -26.3345 0.0781906 -0.857274 0.508889 -8.14588 0 0 0 1 
-0.714977 -0.538376 -0.446048 51.391 -0.686876 0.421892 0.591784 -28.5561 0.130418 -0.729492 0.671441 -4.0335 0 0 0 1 
-0.992291 -0.0555568 -0.110782 11.5552 -0.12317 0.343095 0.93119 -30.3614 0.0137254 -0.937657 0.347293 6.21993 0 0 0 1 
-0.8313 0.544863 0.10984 -21.3375 0.0658341 -0.099705 0.992836 -15.914 -0.551912 -0.832576 -0.047014 4.2406 0 0 0 1 
-0.628655 0.755971 0.182486 -31.4617 -0.0742933 -0.291959 0.953542 -10.568 -0.774128 -0.585891 -0.239705 -0.994852 0 0 0 1 
-0.675014 0.718448 0.167895 -29.6245 -0.0351248 -0.258595 0.965347 -11.4744 -0.736969 -0.645725 -0.199791 0.173691 0 0 0 1 
-0.787802 0.602443 0.12818 -24.0873 0.0441583 -0.152329 0.987343 -14.4079 -0.614343 -0.783491 -0.0934022 3.10301 0 0 0 1 
-0.913324 0.402068 0.0646571 -14.3382 0.0820513 0.0261708 0.996284 -19.6995 -0.398881 -0.915236 0.0568927 6.28956 0 0 0 1 
-0.990409 0.13509 -0.0289856 -0.0456715 0.00302761 0.23096 0.972959 -26.4446 -0.138131 -0.963539 0.229154 7.44122 0 0 0 1 
-0.976549 -0.147471 -0.15686 17.7087 -0.202708 0.384309 0.900675 -31.7422 0.0725406 -0.91135 0.40519 5.02753 0 0 0 1 
-0.871161 -0.384025 -0.305948 36.0131 -0.464094 0.440593 0.768437 -32.5122 0.160301 -0.811421 0.56205 0.197178 0 0 0 1 
-0.714977 -0.538376 -0.446048 51.391 -0.686876 0.421892 0.591784 -28.5561 0.130418 -0.729492 0.671441 -4.0335 0 0 0 1 
-0.925492 0.375901 0.0465083 -15.2167 0.354501 0.8164 0.455874 -21.7327 -0.133394 -0.438394 0.888829 -20.2025 0 0 0 1 
-0.994448 -0.0375464 -0.0983064 6.63241 -0.100592 0.613513 0.783251 -15.7562 -0.030904 -0.788791 0.613884 -8.51918 0 0 0 1 
-0.865422 -0.443406 -0.233317 27.9296 -0.332606 0.160139 0.92937 -0.220954 0.374725 -0.881899 0.286068 -8.91503 0 0 0 1 
-0.745425 -0.60312 -0.28388 36.2495 -0.314653 -0.0570763 0.94749 6.34532 0.587653 -0.795606 0.147227 -14.8012 0 0 0 1 
-0.772818 -0.572295 -0.274281 34.6478 -0.324847 -0.0145514 0.945655 5.14901 0.545185 -0.819919 0.174663 -13.3165 0 0 0 1 
-0.839396 -0.484419 -0.246481 30.0706 -0.335694 0.105406 0.936055 1.52543 0.427463 -0.868463 0.251094 -10.027 0 0 0 1 
-0.916468 -0.345646 -0.201531 22.8165 -0.307344 0.285667 0.907708 -4.38145 0.256175 -0.893825 0.368038 -7.19913 0 0 0 1 
-0.975458 -0.16787 -0.14248 13.4894 -0.207942 0.489579 0.846802 -11.4268 0.0723974 -0.855647 0.512471 -6.89525 0 0 0 1 
-0.996727 0.0283728 -0.0756967 3.15843 -0.0375702 0.66653 0.744531 -17.5789 -0.0715785 -0.744938 0.663282 -9.81908 0 0 0 1 
-0.976005 0.217525 -0.00983328 -6.82997 0.167145 0.777372 0.606428 -21.1097 -0.139557 -0.590234 0.795078 -14.9156 0 0 0 1 
-0.925492 0.375901 0.0465083 -15.2167 0.354501 0.8164 0.455874 -21.7327 -0.133394 -0.438395 0.888829 -20.2025 0 0 0 1 
-0.602595 0.777372 0.180477 -45.9022 0.711742 0.421212 0.562142 -28.1303 -0.360975 -0.467197 0.807109 -6.91777 0 0 0 1 
-0.941696 0.139101 -0.306364 12.2784 -0.166918 0.597456 0.784337 -13.1689 -0.292141 -0.789745 0.539404 4.59993 0 0 0 1 
-0.582138 -0.628447 -0.515916 41.3181 -0.730621 0.125868 0.671081 29.541 0.356802 -0.767601 0.532429 -26.6968 0 0 0 1 
-0.249157 -0.8569 -0.451268 37.7032 -0.741559 -0.130899 0.657994 40.1284 0.622906 -0.498586 0.602828 -52.4796 0 0 0 1 
-0.321972 -0.820205 -0.472862 39.3108 -0.75033 -0.083518 0.655766 38.7647 0.577355 -0.565941 0.588534 -47.0768 0 0 0 1 
-0.507066 -0.695008 -0.509753 41.4378 -0.746653 0.0587514 0.662615 33.001 0.430574 -0.716598 0.54872 -32.7316 0 0 0 1 
-0.732246 -0.455433 -0.506356 38.5618 -0.657544 0.27917 0.699785 19.9258 0.177346 -0.845367 0.503889 -14.3096 0 0 0 1 
-0.90174 -0.113422 -0.417133 26.1333 -0.414252 0.502492 0.75888 0.294579 -0.123532 -0.85711 0.500102 0.32464 0 0 0 1 
-0.934901 0.262128 -0.239269 4.10346 -0.0273682 0.618914 0.784982 -18.9521 -0.353853 -0.740428 0.571449 4.88117 0 0 0 1 
-0.815417 0.578573 -0.0186791 -22.314 0.391248 0.574616 0.718847 -29.2473 -0.426639 -0.578852 0.694917 0.24338 0 0 0 1 
-0.602595 0.777372 0.180477 -45.9022 0.711742 0.421212 0.562142 -28.1303 -0.360975 -0.467197 0.807109 -6.91776 0 0 0 1 
-0.400018 0.815457 0.418349 -78.6056 0.775124 0.0574419 0.629192 -35.2663 -0.489048 -0.575961 0.655058 14.456 0 0 0 1 
-0.907062 0.0800409 -0.413319 18.8051 -0.279551 0.619564 0.733479 -1.71525 -0.314786 -0.780855 0.539607 6.04785 0 0 0 1 
-0.213518 -0.928338 -0.304301 1.78145 -0.891137 0.0574283 0.450084 58.2825 0.400355 -0.367275 0.839539 -56.6019 0 0 0 1 
0.265279 -0.962336 0.0594734 -36.6101 -0.828691 -0.196039 0.524254 57.0072 0.492849 0.188359 0.849483 -67.8387 0 0 0 1 
0.171901 -0.984883 -0.0213594 -28.536 -0.851525 -0.159457 0.499479 58.4457 0.495334 0.0676729 0.866063 -67.7535 0 0 0 1 
-0.094188 -0.969708 -0.225377 -7.00146 -0.889859 -0.0195082 0.455819 59.5201 0.446407 -0.243487 0.861066 -61.6728 0 0 0 1 
-0.472197 -0.761511 -0.443995 18.1794 -0.845489 0.248781 0.4725 50.7556 0.249357 -0.598505 0.761323 -41.1728 0 0 0 1 
-0.804881 -0.301086 -0.511384 28.3287 -0.586665 0.533513 0.609253 23.5248 -0.0893924 -0.790387 0.606051 -10.8008 0 0 0 1 
-0.909091 0.263848 -0.322394 8.93203 -0.100768 0.611624 0.784705 -13.9431 -0.404227 -0.745855 0.529435 11.6306 0 0 0 1 
-0.732286 0.679108 0.050693 -34.0678 0.424535 0.397038 0.813715 -37.8046 -0.532473 -0.617393 0.57905 16.7885 0 0 0 1 
-0.400018 0.815457 0.418349 -78.6056 0.775124 0.0574418 0.629192 -35.2663 -0.489049 -0.575961 0.655058 14.456 0 0 0 1 
-0.597981 0.516227 0.61313 -89.5987 0.801491 0.379804 0.461911 -10.3692 -0.00558212 -0.767632 0.640867 -35.2105 0 0 0 1 
-0.585953 -0.546615 -0.598223 -11.61 -0.71804 0.00805095 0.695956 24.0424 0.375604 -0.837345 0.397209 -45.4664 0 0 0 1 
0.936012 -0.287999 -0.202333 -96.1527 -0.316123 -0.940643 -0.123514 32.7709 0.154752 -0.179573 0.971497 -41.4564 0 0 0 1 
0.854508 0.039209 0.517956 -107.821 0.0926055 -0.992672 -0.0776329 8.36395 -0.511116 -0.114304 0.851878 16.2398 0 0 0 1 
0.92637 -0.0124179 0.37641 -109.807 0.0289451 -0.994153 -0.104034 12.5963 -0.375501 -0.107269 0.920594 2.48256 0 0 0 1 
0.980202 -0.195916 -0.0286301 -103.558 -0.197994 -0.970688 -0.136245 26.4678 0.00109848 -0.139216 0.990261 -30.1923 0 0 0 1 
0.689201 -0.487356 -0.536177 -72.205 -0.586041 -0.810104 -0.0169545 44.1166 0.426096 -0.325906 0.843936 -57.7207 0 0 0 1 
-0.0479933 -0.651448 -0.757174 -27.87 -0.843663 -0.379376 0.379878 42.7738 0.534724 -0.657031 0.531395 -57.2096 0 0 0 1 
-0.793678 -0.423618 -0.436604 -11.4808 -0.548515 0.187963 0.81474 11.5517 0.263073 -0.886125 0.381543 -39.7726 0 0 0 1 
-0.980593 0.0937638 0.17218 -41.7036 0.196004 0.488822 0.85008 -17.3584 0.00445846 -0.867331 0.497713 -32.744 0 0 0 1 
-0.597981 0.516227 0.61313 -89.5987 0.801491 0.379803 0.461911 -10.3692 -0.00558218 -0.767632 0.640867 -35.2106 0 0 0 1 
-0.419456 0.867527 0.267308 -92.0888 0.900306 0.435257 0.0001553 22.0661 0.116213 -0.240724 0.963611 -106.787 0 0 0 1 
-0.67675 -0.656318 -0.333551 -22.3733 -0.652086 0.324054 0.6854 3.46997 0.341751 -0.681349 0.647279 -73.1345 0 0 0 1 
0.922327 -0.370175 -0.110833 -100.576 -0.379094 -0.922395 -0.0739936 35.6006 0.0748409 -0.110262 0.991081 -35.1661 0 0 0 1 
0.77727 -0.0425353 0.627728 -105.356 0.0399082 -0.99237 -0.116659 19.7501 -0.6279 -0.115727 0.769642 41.1108 0 0 0 1 
0.870832 -0.0831174 0.484503 -110.616 -0.0246919 -0.991754 -0.125757 22.2181 -0.490961 -0.0975498 0.865703 23.8651 0 0 0 1 
0.961759 -0.265811 0.066056 -108.142 -0.257815 -0.959992 -0.109305 31.5238 -0.0924677 -0.0880953 0.991811 -19.3979 0 0 0 1 
0.661765 -0.614238 -0.429859 -74.4997 -0.649743 -0.755942 0.0799136 40.667 0.374035 -0.226414 0.899353 -60.2426 0 0 0 1 
-0.131513 -0.823292 -0.552173 -30.9325 -0.856655 -0.185912 0.481227 26.2969 0.498846 -0.536309 0.680827 -72.6617 0 0 0 1 
-0.86645 -0.467579 -0.175025 -27.0272 -0.439615 0.548349 0.711374 -7.02198 0.236648 -0.693314 0.680672 -75.0668 0 0 0 1 
-0.927409 0.30237 0.220195 -62.3792 0.371628 0.811717 0.450566 -12.6984 0.0424977 -0.499689 0.865162 -91.0662 0 0 0 1 
-0.419456 0.867527 0.267308 -92.0888 0.900306 0.435257 0.000155419 22.0661 0.116213 -0.240724 0.963611 -106.787 0 0 0 1 
-0.532151 0.454776 0.714139 -99.5365 0.830845 0.11829 0.543787 -31.5563 -0.162826 -0.882716 0.440796 -0.998623 0 0 0 1 
-0.915032 -0.324725 -0.239312 -3.12725 -0.342323 0.311284 0.88652 -15.1319 0.213381 -0.893116 0.395995 -30.7868 0 0 0 1 
0.321981 -0.889551 -0.32408 -44.3346 -0.593255 -0.456341 0.663175 3.21257 0.737819 0.0212673 0.674664 -65.6566 0 0 0 1 
0.843784 -0.533428 -0.0590157 -71.0312 -0.320716 -0.589349 0.741492 -15.4332 0.430313 0.606732 0.668362 -38.6357 0 0 0 1 
0.762595 -0.636089 -0.11764 -67.4404 -0.377932 -0.585704 0.717021 -11.4669 0.524992 0.502336 0.687053 -46.8247 0 0 0 1 
0.474126 -0.838931 -0.267205 -52.5274 -0.533134 -0.515075 0.671168 -0.779785 0.700695 0.175763 0.691473 -62.2321 0 0 0 1 
-0.0517125 -0.907853 -0.416087 -24.9823 -0.683037 -0.271801 0.677927 8.54536 0.728551 -0.31926 0.606042 -65.8179 0 0 0 1 
-0.644484 -0.651159 -0.400791 -2.20444 -0.600913 0.107218 0.792091 0.995056 0.472805 -0.75133 0.460391 -47.9499 0 0 0 1 
-0.982312 -0.146741 -0.116321 -10.0817 -0.163324 0.367574 0.915541 -24.2734 0.0915911 -0.918344 0.385038 -23.2287 0 0 0 1 
-0.896196 0.293227 0.332941 -51.3228 0.421316 0.327352 0.845774 -41.6031 -0.139015 -0.898253 0.416913 -9.03528 0 0 0 1 
-0.532151 0.454776 0.714139 -99.5365 0.830845 0.118289 0.543787 -31.5563 -0.162826 -0.882716 0.440796 -0.998608 0 0 0 1 
-0.712438 0.528379 0.461788 -53.8012 0.670501 0.318418 0.670103 -31.0969 -0.207027 -0.787036 0.581132 4.09118 0 0 0 1 
-0.999352 -0.0138231 -0.0332288 -0.132802 -0.0348767 0.599783 0.799402 -22.8964 -0.00887991 -0.800043 0.599877 -17.9449 0 0 0 1 
-0.608474 -0.786019 0.10924 2.6725 -0.362523 0.397772 0.842825 -11.0984 0.705929 -0.473235 0.526984 -54.2682 0 0 0 1 
-0.219528 -0.933909 0.282171 -13.4615 -0.243873 0.332575 0.911 -17.905 0.944634 -0.131176 0.300765 -59.0721 0 0 0 1 
-0.306005 -0.918903 0.248953 -9.78361 -0.280059 0.336811 0.898957 -16.0522 0.909905 -0.205364 0.360413 -59.3567 0 0 0 1 
-0.522421 -0.839004 0.152146 -0.6938 -0.348136 0.372754 0.860149 -12.1346 0.778381 -0.396393 0.486822 -56.7713 0 0 0 1 
-0.776687 -0.629514 0.0216874 8.08036 -0.35526 0.466227 0.810199 -10.7118 0.520143 -0.621566 0.585753 -46.267 0 0 0 1 
-0.958201 -0.280388 -0.0568629 7.88022 -0.214626 0.57307 0.790903 -16.2061 0.189173 -0.770048 0.609295 -29.1864 0 0 0 1 
-0.993583 0.112949 0.0059696 -6.38229 0.0719552 0.590489 0.803831 -26.2669 -0.0872667 -0.799103 0.594827 -13.18 0 0 0 1 
-0.888918 0.406587 0.210977 -30.3616 0.403983 0.478753 0.779483 -32.607 -0.215922 -0.778127 0.589827 -2.87812 0 0 0 1 
-0.712438 0.528379 0.461788 -53.8012 0.670501 0.318418 0.670103 -31.0969 -0.207027 -0.787036 0.581132 4.09119 0 0 0 1 
-0.999391 0.0214301 -0.0275451 0.557182 2.29757e-06 0.789307 0.613998 -20.0479 -0.0348996 -0.613624 0.788827 -15.9557 0 0 0 1 
-0.99204 0.0292394 -0.122483 0.840504 -0.0870629 0.543473 0.8349 -13.2 -0.0909779 -0.838917 0.536601 -7.08991 0 0 0 1 
-0.976938 0.0166214 -0.212877 1.5396 -0.203039 0.236277 0.950236 -3.47449 -0.0660922 -0.971544 0.227453 -1.76059 0 0 0 1 
-0.967754 0.00412036 -0.251864 1.9952 -0.250616 0.0849584 0.964351 1.44028 -0.0253714 -0.996376 0.081186 -0.7706 0 0 0 1 
-0.969748 0.00701917 -0.244007 1.8951 -0.241568 0.116251 0.963395 0.423903 -0.0351284 -0.993195 0.111039 -0.896337 0 0 0 1 
-0.974824 0.0139542 -0.222538 1.64309 -0.215357 0.199733 0.955891 -2.2888 -0.0577869 -0.979751 0.191699 -1.432 0 0 0 1 
-0.981449 0.0217719 -0.190481 1.32227 -0.173799 0.318398 0.931889 -6.12741 -0.0809376 -0.947707 0.308707 -2.71791 0 0 0 1 
-0.988141 0.0275307 -0.151059 1.01194 -0.12232 0.453534 0.882805 -10.424 -0.0928145 -0.890814 0.444788 -5.00719 0 0 0 1 
-0.993723 0.0293554 -0.107951 0.769512 -0.07033 0.58649 0.806897 -14.4924 -0.0869988 -0.809425 0.580744 -8.26866 0 0 0 1 
-0.997503 0.0269075 -0.0652986 0.620321 -0.0276767 0.701697 0.711938 -17.7877 -0.0649763 -0.711968 0.6992 -12.1286 0 0 0 1 
-0.999391 0.0214301 -0.0275451 0.557182 2.29757e-06 0.789307 0.613998 -20.0479 -0.0348996 -0.613624 0.788827 -15.9557 0 0 0 1 
-0.999391 0.00854638 -0.0338364 0.763464 7.56559e-07 0.969556 0.244868 -27.9387 -0.034899 -0.244719 0.968966 -21.863 0 0 0 1 
-0.99204 0.0054408 -0.125807 1.3124 -0.0870638 0.692163 0.716471 -17.6723 -0.0909768 -0.721721 0.68618 -7.95562 0 0 0 1 
-0.976938 0.0233214 -0.212248 1.40336 -0.203039 0.20621 0.957211 -2.75596 -0.0660912 -0.97823 0.196719 -1.95423 0 0 0 1 
-0.967754 0.0374116 -0.249104 1.31433 -0.250617 -0.0433992 0.967113 4.21204 -0.0253704 -0.998357 -0.0513757 -2.17946 0 0 0 1 
-0.969748 0.0342474 -0.241694 1.33885 -0.241568 0.00784209 0.970352 2.81552 -0.0351274 -0.999383 -0.000668079 -1.98705 0 0 0 1 
-0.974824 0.0264413 -0.221402 1.3888 -0.215357 0.14568 0.965608 -1.02795 -0.0577858 -0.988978 0.136318 -1.84118 0 0 0 1 
-0.981449 0.0170013 -0.190966 1.41883 -0.173799 0.341598 0.923637 -6.71327 -0.0809365 -0.939692 0.332306 -2.63076 0 0 0 1 
-0.988141 0.00891262 -0.153288 1.38517 -0.122321 0.557751 0.820945 -13.3271 -0.0928135 -0.82996 0.550047 -5.15466 0 0 0 1 
-0.993723 0.00444662 -0.111782 1.25956 -0.0703311 0.752217 0.655151 -19.6932 -0.0869978 -0.658901 0.747182 -9.66162 0 0 0 1 
-0.997503 0.00456872 -0.070477 1.04073 -0.0276781 0.892791 0.44962 -24.7408 -0.0649755 -0.450448 0.890435 -15.6208 0 0 0 1 
-0.999391 0.00854638 -0.0338364 0.763464 7.56559e-07 0.969556 0.244868 -27.9387 -0.034899 -0.244719 0.968966 -21.863 0 0 0 1 
-0.999391 0.0141963 -0.0318813 0.644473 1.70579e-06 0.913545 0.406737 -21.9619 -0.0348992 -0.406489 0.912989 -18.4556 0 0 0 1 
-0.999391 0.0176258 -0.0301214 3.59608 1.65226e-06 0.863117 0.505004 -29.8509 -0.0348994 -0.504697 0.862591 -10.7571 0 0 0 1 
-0.999391 0.0208401 -0.0279936 6.71988 1.67976e-06 0.802157 0.597112 -33.5974 -0.0348992 -0.596749 0.801669 2.02054 0 0 0 1 
-0.999391 0.0222196 -0.0269118 8.16835 1.80544e-06 0.771162 0.636639 -33.2256 -0.0348993 -0.636251 0.770692 8.78913 0 0 0 1 
-0.999391 0.0219417 -0.0271389 7.8711 1.75232e-06 0.777667 0.628676 -33.4195 -0.0348992 -0.628294 0.777193 7.38147 0 0 0 1 
-0.999391 0.0211821 -0.0277355 7.07273 1.79732e-06 0.794769 0.606912 -33.6385 -0.034899 -0.606542 0.794285 3.6429 0 0 0 1 
-0.999391 0.0200466 -0.0285673 5.91654 1.7386e-06 0.818594 0.574372 -33.1978 -0.0348992 -0.574022 0.818096 -1.57321 0 0 0 1 
-0.999391 0.0186456 -0.0295006 4.5501 1.68579e-06 0.845339 0.53423 -31.5952 -0.0348991 -0.533905 0.844824 -7.24172 0 0 0 1 
-0.999391 0.0171053 -0.0304198 3.12251 1.70328e-06 0.871671 0.490091 -28.8152 -0.0348992 -0.489793 0.87114 -12.3386 0 0 0 1 
-0.999391 0.0155689 -0.0312335 1.77763 1.68813e-06 0.894997 0.446073 -25.3513 -0.0348987 -0.445801 0.894452 -16.144 0 0 0 1 
-0.999391 0.0141963 -0.0318813 0.644473 1.70579e-06 0.913545 0.406737 -21.9619 -0.0348992 -0.406489 0.912989 -18.4556 0 0 0 1 
-0.999391 0.0141977 -0.0318825 0.64448 2.45651e-06 0.913545 0.406737 -21.9619 -0.0349009 -0.406489 0.912989 -18.4556 0 0 0 1 
-0.999391 0.0176271 -0.0301227 3.59609 2.21228e-06 0.863117 0.505004 -29.8509 -0.0349012 -0.504697 0.862591 -10.7571 0 0 0 1 
-0.999391 0.0208415 -0.0279949 6.71989 2.04224e-06 0.802157 0.597113 -33.5974 -0.034901 -0.596749 0.801669 2.02054 0 0 0 1 
-0.999391 0.022221 -0.0269131 8.16835 2.0765e-06 0.771162 0.636639 -33.2256 -0.0349011 -0.636251 0.770692 8.78913 0 0 0 1 
-0.999391 0.0219431 -0.0271401 7.87111 2.04215e-06 0.777667 0.628677 -33.4195 -0.0349011 -0.628294 0.777193 7.38147 0 0 0 1 
-0.999391 0.0211834 -0.0277367 7.07274 2.13753e-06 0.794769 0.606912 -33.6385 -0.0349008 -0.606542 0.794284 3.6429 0 0 0 1 
-0.999391 0.0200479 -0.0285685 5.91654 2.15174e-06 0.818594 0.574372 -33.1978 -0.034901 -0.574022 0.818096 -1.57321 0 0 0 1 
-0.999391 0.018647 -0.0295018 4.55011 2.18527e-06 0.845339 0.534231 -31.5952 -0.0349009 -0.533905 0.844824 -7.24172 0 0 0 1 
-0.999391 0.0171067 -0.030421 3.12252 2.29348e-06 0.871671 0.490091 -28.8152 -0.0349009 -0.489793 0.87114 -12.3386 0 0 0 1 
-0.999391 0.0155702 -0.0312347 1.77763 2.36477e-06 0.894997 0.446073 -25.3513 -0.0349004 -0.445801 0.894451 -16.144 0 0 0 1 
-0.999391 0.0141977 -0.0318825 0.64448 2.45651e-06 0.913545 0.406737 -21.9619 -0.0349009 -0.406489 0.912989 -18.4556 0 0 0 1 
-0.999391 0.0214301 -0.0275451 0.557185 2.29757e-06 0.789307 0.613998 -20.0479 -0.0348996 -0.613624 0.788827 -15.9557 0 0 0 1 
-0.995349 0.0294102 0.0917318 -0.380995 0.0929393 0.543646 0.834153 -13.1046 0.025337 -0.838799 0.543851 -7.07305 0 0 0 1 
-0.976275 0.0524834 0.21008 -1.49098 0.216537 0.236545 0.947184 -3.24269 -1.80739e-05 -0.970202 0.242297 -1.83528 0 0 0 1 
-0.962717 0.0676181 0.261922 -2.0333 0.267135 0.0851626 0.959889 1.73221 -0.0425999 -0.99407 0.100051 -0.928824 0 0 0 1 
-0.96573 0.0642957 0.251457 -1.92085 0.257518 0.116475 0.959228 0.704122 -0.0323857 -0.99111 0.129041 -1.03531 0 0 0 1 
-0.973236 0.0559234 0.222901 -1.62173 0.229645 0.199993 0.952505 -2.04174 -0.00868861 -0.9782 0.207483 -1.52463 0 0 0 1 
-0.982542 0.0452607 0.180455 -1.1969 0.185403 0.318668 0.929557 -5.93115 0.0154326 -0.946785 0.321496 -2.75757 0 0 0 1 
