a
34
13
20
0
0
-0.999391 0.0148706 -0.031573 0.76701 -4.81368e-08 0.904678 0.426095 -19.0762 -0.0348997 -0.425836 0.904127 -21.9643 0 0 0 1 
-0.999391 0.0324812 -0.0127637 0.151192 8.09887e-07 0.365755 0.930711 -7.30041 -0.034899 -0.930144 0.365532 -4.32965 0 0 0 1 
-0.999391 0.0323861 0.0130029 -0.0147777 1.94122e-06 -0.372534 0.928018 13.3734 -0.0348989 -0.927453 -0.372307 0.423882 0 0 0 1 
-0.999391 0.0192601 0.0291038 0.247096 2.5737e-06 -0.833889 0.551933 28.7427 -0.0348996 -0.551596 -0.833381 -7.07449 0 0 0 1 
-0.999391 0.00730954 0.0341262 0.548584 2.53257e-06 -0.977806 0.209512 35.0103 -0.0349002 -0.209384 -0.97721 -15.7078 0 0 0 1 
-0.999391 -0.000376422 0.0349057 0.758523 2.11615e-06 -0.999943 -0.0107227 37.0709 -0.0349078 0.0107161 -0.999333 -21.721 0 0 0 1 
-0.999391 -0.00576235 0.0344228 0.912374 1.74771e-06 -0.986285 -0.165053 37.6988 -0.0349018 0.164952 -0.985684 -26.1257 0 0 0 1 
-0.999391 -0.00704962 0.0341822 0.949964 1.71912e-06 -0.979398 -0.201938 37.7476 -0.0349015 0.201815 -0.978802 -27.2021 0 0 0 1 
-0.999391 -0.00576235 0.0344228 0.912374 1.74771e-06 -0.986285 -0.165053 37.6988 -0.0349018 0.164952 -0.985684 -26.1257 0 0 0 1 
-0.999391 -0.00576235 0.0344228 0.912374 1.74771e-06 -0.986285 -0.165053 37.6988 -0.0349018 0.164952 -0.985684 -26.1257 0 0 0 1 
-0.999391 -0.00576235 0.0344228 0.912374 1.74771e-06 -0.986285 -0.165053 37.6988 -0.0349018 0.164952 -0.985684 -26.1256 0 0 0 1 
-0.999391 -0.00576235 0.0344228 0.912374 1.74771e-06 -0.986285 -0.165053 37.6988 -0.0349018 0.164952 -0.985684 -26.1256 0 0 0 1 
-0.999391 -0.00576235 0.0344228 0.912374 1.74771e-06 -0.986285 -0.165053 37.6988 -0.0349018 0.164952 -0.985684 -26.1257 0 0 0 1 
-0.999391 0.0163274 -0.0308448 0.721484 3.41438e-08 0.883815 0.467837 -18.7656 -0.0348997 -0.467552 0.883276 -20.6607 0 0 0 1 
-0.994448 0.0949807 -0.0453015 -1.3845 -0.0177321 0.273092 0.961825 -4.91148 -0.103726 -0.957288 0.269891 -2.9443 0 0 0 1 
-0.986729 0.154332 -0.050467 -3.01125 -0.122009 -0.499635 0.857601 17.3903 -0.10714 -0.852377 -0.511834 -0.763489 0 0 0 1 
-0.977552 0.205155 -0.0479906 -4.4494 -0.207909 -0.902374 0.377485 31.8005 -0.0341372 -0.378989 -0.924771 -11.3057 0 0 0 1 
-0.963237 0.265817 -0.038935 -6.2059 -0.266064 -0.963955 0.00120714 35.986 0.0372107 -0.011522 -0.999241 -21.0995 0 0 0 1 
-0.942502 0.33379 -0.0165841 -8.25394 -0.32267 -0.921783 -0.214943 36.2207 0.0870327 0.197233 -0.976486 -27.089 0 0 0 1 
-0.9167 0.397559 0.0400955 -10.4091 -0.384174 -0.849327 -0.362013 35.156 0.109868 0.347261 -0.93131 -31.5822 0 0 0 1 
-0.891926 0.414544 0.180615 -11.8039 -0.451434 -0.793371 -0.408374 33.8938 0.0259939 0.445775 -0.894768 -34.5776 0 0 0 1 
-0.808895 0.466808 0.357462 -14.4236 -0.579553 -0.735456 -0.351033 31.8982 -0.0990321 0.491116 -0.865446 -36.0381 0 0 0 1 
-0.458684 0.755842 0.46724 -23.2287 -0.884483 -0.438901 -0.158287 22.3396 -0.0854318 0.485869 -0.869846 -35.8625 0 0 0 1 
-0.410654 0.778667 0.474385 -23.9141 -0.904266 -0.414507 -0.102403 21.2914 -0.116898 0.471023 -0.874341 -35.4177 0 0 0 1 
-0.432613 0.767361 0.473291 -23.5906 -0.888018 -0.45338 -0.0766168 22.2102 -0.155788 0.453436 -0.877568 -34.9046 0 0 0 1 
-0.454095 0.755131 0.472838 -23.2455 -0.869587 -0.491168 -0.0507133 23.0979 -0.193948 0.434202 -0.879689 -34.3525 0 0 0 1 
-0.999391 0.0114233 -0.0329789 0.872877 -1.73607e-06 0.944903 0.32735 -18.35 -0.0349012 -0.32715 0.944327 -24.9959 0 0 0 1 
-0.993779 0.0909698 -0.064246 -0.362378 -0.0189677 0.430195 0.902537 -8.3526 -0.109742 -0.898141 0.425793 -6.11749 0 0 0 1 
-0.984629 0.15312 -0.0840205 -1.23244 -0.131611 -0.33421 0.933265 12.3727 -0.114821 -0.929978 -0.349225 0.090574 0 0 0 1 
-0.973783 0.206859 -0.0946319 -2.10533 -0.224949 -0.813821 0.535811 28.5402 -0.0338239 -0.543051 -0.839018 -7.18164 0 0 0 1 
-0.960562 0.260067 -0.0984204 -3.20306 -0.273341 -0.948091 0.162505 35.1047 0.0510494 -0.182998 -0.981787 -16.2572 0 0 0 1 
-0.942781 0.321439 -0.0885505 -4.79011 -0.314478 -0.945532 -0.0841018 37.0275 0.110761 0.0514424 -0.992515 -22.8056 0 0 0 1 
-0.911402 0.40918 -0.0438115 -7.62124 -0.383517 -0.88316 -0.270081 37.0363 0.149204 0.22935 -0.96184 -28.0632 0 0 0 1 
-0.84127 0.53297 0.0905907 -12.8521 -0.528556 -0.775681 -0.344889 35.3393 0.113546 0.338027 -0.934262 -31.1999 0 0 0 1 
-0.690853 0.673224 0.263613 -19.1383 -0.721268 -0.616568 -0.31562 31.4732 0.0499477 0.408183 -0.911533 -33.1728 0 0 0 1 
-0.358248 0.851499 0.382895 -25.4099 -0.926022 -0.271833 -0.261899 22.3605 0.118923 0.448394 -0.88589 -34.5659 0 0 0 1 
-0.31697 0.862462 0.394575 -25.8696 -0.939817 -0.229662 -0.25298 21.2058 0.127566 0.451016 -0.883353 -34.6715 0 0 0 1 
-0.337685 0.857214 0.388785 -25.6461 -0.933158 -0.250811 -0.257507 21.7858 0.123227 0.449754 -0.884611 -34.6201 0 0 0 1 
-0.358248 0.851499 0.382895 -25.4099 -0.926022 -0.271833 -0.261899 22.3605 0.118923 0.448394 -0.88589 -34.5659 0 0 0 1 
-0.999391 0.00533416 -0.0344913 1.0555 -1.67365e-06 0.988244 0.152882 -12.4193 -0.0349014 -0.152789 0.987642 -30.2253 0 0 0 1 
-0.993889 0.0878199 -0.0668755 -0.1958 -0.0171715 0.475462 0.879568 -8.37471 -0.10904 -0.875342 0.471049 -8.34676 0 0 0 1 
-0.984864 0.159441 -0.067975 -1.98705 -0.128216 -0.406283 0.904707 14.9501 -0.116631 -0.899729 -0.420576 2.26192 0 0 0 1 
-0.973783 0.220456 -0.0560769 -3.88627 -0.224948 -0.896584 0.381491 36.2438 -0.0338244 -0.384104 -0.92267 -7.14205 0 0 0 1 
-0.959409 0.277269 -0.0515428 -5.38205 -0.272096 -0.958114 -0.0893358 45.1388 0.074154 0.0716848 -0.994667 -20.9231 0 0 0 1 
-0.941117 0.336047 -0.0370333 -7.09754 -0.297788 -0.875828 -0.379799 47.1555 0.160065 0.346407 -0.924327 -31.4535 0 0 0 1 
-0.913003 0.406985 0.0280962 -10.3836 -0.358577 -0.767749 -0.531022 44.88 0.194547 0.494899 -0.846892 -37.9395 0 0 0 1 
-0.843445 0.509002 0.171806 -15.5359 -0.530529 -0.738904 -0.415403 37.3455 0.0844929 0.441518 -0.893265 -34.9005 0 0 0 1 
-0.646197 0.710138 0.279523 -20.5085 -0.760066 -0.631851 -0.151868 25.3912 -0.0687696 0.310593 -0.948052 -29.7667 0 0 0 1 
-0.13024 0.934089 0.332439 -25.1165 -0.991342 -0.117051 -0.0594903 11.3182 0.0166569 0.337309 -0.941246 -30.1506 0 0 0 1 
-0.0669739 0.940116 0.334209 -25.0892 -0.997382 -0.0539205 -0.0481944 9.64529 0.0272876 0.336562 -0.941266 -30.088 0 0 0 1 
-0.0986556 0.937599 0.333429 -25.1167 -0.994879 -0.0855346 -0.053844 10.4815 0.0219644 0.337034 -0.941236 -30.1221 0 0 0 1 
-0.13024 0.934089 0.332439 -25.1165 -0.991342 -0.117051 -0.0594902 11.3182 0.0166569 0.337309 -0.941246 -30.1506 0 0 0 1 
-0.999391 0.0193242 -0.0290623 0.480628 -1.87381e-06 0.832689 0.55374 -35.7443 -0.0349005 -0.553403 0.832182 -13.7642 0 0 0 1 
-0.985914 0.163907 -0.0332817 -3.5843 -0.0143651 0.11527 0.99323 -9.90357 -0.166634 -0.979718 0.111292 16.5116 0 0 0 1 
-0.958074 0.28556 -0.0234378 -6.8855 -0.213395 -0.656577 0.723443 30.6556 -0.191198 -0.698113 -0.689987 16.3767 0 0 0 1 
-0.926631 0.375907 -0.00698486 -9.55004 -0.374603 -0.921514 0.102393 54.6272 -0.0320535 -0.0974969 -0.994719 -7.11053 0 0 0 1 
-0.894978 0.445982 0.0106505 -12.1033 -0.418248 -0.830541 -0.367792 61.0275 0.155183 0.33362 -0.929847 -29.3132 0 0 0 1 
-0.866269 0.497376 0.0468595 -15.0981 -0.410654 -0.655517 -0.633767 59.9746 0.284503 0.568256 -0.772103 -44.8303 0 0 0 1 
-0.844924 0.519221 0.128505 -18.6586 -0.432048 -0.520851 -0.73624 54.1304 0.315339 0.677587 -0.664407 -52.6359 0 0 0 1 
-0.820048 0.506769 0.265907 -21.563 -0.561677 -0.623599 -0.54373 43.7587 0.109726 0.595238 -0.796022 -43.6389 0 0 0 1 
-0.682795 0.639367 0.353555 -24.1399 -0.718193 -0.676207 -0.164144 26.8957 -0.134128 0.365997 -0.920899 -32.4075 0 0 0 1 
-0.182629 0.897747 0.40087 -28.9408 -0.981876 -0.187543 -0.0273234 10.3796 -0.0506507 0.398594 -0.915727 -32.7808 0 0 0 1 
-0.119954 0.908414 0.400494 -28.8499 -0.991973 -0.125927 -0.0114786 8.43804 -0.0400057 0.398656 -0.916228 -32.7002 0 0 0 1 
-0.151371 0.903564 0.400823 -28.9114 -0.987437 -0.156823 -0.0193851 9.40812 -0.0453423 0.398721 -0.915951 -32.7436 0 0 0 1 
-0.182629 0.897747 0.40087 -28.9408 -0.981876 -0.187543 -0.0273233 10.3796 -0.0506507 0.398594 -0.915727 -32.7807 0 0 0 1 
-0.999391 0.033393 -0.0101374 -1.08455 2.91551e-06 0.290567 0.956855 -56.3734 -0.0348979 -0.956272 0.29039 31.0503 0 0 0 1 
-0.984091 0.17468 -0.0324412 -3.80694 -0.0758986 -0.248236 0.965722 -2.44715 -0.160639 -0.95282 -0.257545 42.4718 0 0 0 1 
-0.952754 0.291793 -0.0843611 -2.62439 -0.269536 -0.684143 0.677716 34.3407 -0.140038 -0.668435 -0.730468 18.8224 0 0 0 1 
-0.905757 0.412281 -0.0981247 -3.58412 -0.422615 -0.861404 0.281744 40.8985 -0.031633 -0.296661 -0.954459 -6.98061 0 0 0 1 
-0.805735 0.592229 -0.00745964 -13.0173 -0.59205 -0.805712 -0.0174748 35.6101 0.0163593 0.00966343 -0.99982 -19.4186 0 0 0 1 
-0.633283 0.760924 0.141232 -25.8245 -0.772445 -0.610202 -0.176017 26.568 0.0477555 0.220563 -0.974203 -25.1321 0 0 0 1 
-0.489816 0.838225 0.239708 -31.4257 -0.868 -0.443142 -0.224056 16.3434 0.081585 0.317813 -0.944637 -27.1702 0 0 0 1 
-0.593108 0.769446 0.237014 -23.4646 -0.804438 -0.578481 -0.135051 13.863 -0.0331935 0.270763 -0.962073 -26.8682 0 0 0 1 
-0.68703 0.689661 0.228817 -15.9825 -0.702846 -0.710641 0.0315783 13.4246 -0.184385 0.139128 -0.972957 -25.2597 0 0 0 1 
-0.25965 0.947004 0.189117 -14.5476 -0.950718 -0.285037 0.122022 1.1762 -0.169461 0.148114 -0.974343 -24.8076 0 0 0 1 
-0.205825 0.961512 0.182018 -14.0341 -0.964133 -0.231098 0.130542 -0.125779 -0.167581 0.148621 -0.974591 -24.7518 0 0 0 1 
-0.232832 0.954637 0.185628 -14.2995 -0.957804 -0.258169 0.126332 0.522287 -0.168525 0.148381 -0.974465 -24.7798 0 0 0 1 
-0.25965 0.947004 0.189117 -14.5476 -0.950718 -0.285037 0.122022 1.1762 -0.169461 0.148114 -0.974343 -24.8076 0 0 0 1 
-0.998389 0.027441 -0.0496571 4.40175 -0.0395692 0.290451 0.956071 -55.1932 -0.0406585 -0.956496 0.288897 31.4146 0 0 0 1 
-0.983061 0.168819 -0.0713552 1.59409 -0.112551 -0.248796 0.961994 -0.935081 -0.14465 -0.95373 -0.263583 42.8814 0 0 0 1 
-0.950393 0.286123 -0.122009 2.56399 -0.292047 -0.685815 0.666608 36.4997 -0.107056 -0.669172 -0.735355 18.6116 0 0 0 1 
-0.903607 0.406891 -0.133918 1.35115 -0.428289 -0.863939 0.264913 43.4003 0.00790592 -0.296733 -0.954928 -7.98532 0 0 0 1 
-0.808323 0.58742 -0.0393894 -8.49276 -0.586086 -0.809222 -0.0407793 38.7 0.0558291 0.0098771 -0.998392 -20.6861 0 0 0 1 
-0.642894 0.757122 0.115986 -22.0424 -0.761232 -0.614772 -0.206355 30.497 0.0849309 0.220957 -0.971578 -26.5044 0 0 0 1 
-0.503897 0.835265 0.22005 -28.3021 -0.855806 -0.448278 -0.258156 20.7706 0.116985 0.318404 -0.940709 -28.6763 0 0 0 1 
-0.60659 0.765872 0.21328 -19.7887 -0.795008 -0.583246 -0.16669 18.0218 0.00326813 0.270672 -0.962666 -27.7725 0 0 0 1 
-0.699638 0.68553 0.201385 -11.8143 -0.6993 -0.714819 0.00384235 17.1982 -0.146588 0.13814 -0.979505 -25.3693 0 0 0 1 
-0.272562 0.945419 0.178588 -12.7293 -0.953085 -0.290709 0.084362 6.4943 -0.131675 0.147216 -0.980301 -24.9993 0 0 0 1 
-0.218585 0.960248 0.173621 -12.5173 -0.967148 -0.236852 0.0923377 5.28569 -0.12979 0.147734 -0.980474 -24.954 0 0 0 1 
-0.245673 0.953212 0.176161 -12.6313 -0.960496 -0.263885 0.088385 5.88918 -0.130736 0.147488 -0.980385 -24.9767 0 0 0 1 
-0.272562 0.945419 0.178588 -12.7293 -0.953085 -0.290709 0.0843621 6.4943 -0.131675 0.147216 -0.9803 -24.9993 0 0 0 1 
-0.995738 0.0229884 -0.0893154 10.284 -0.0788135 0.290849 0.953517 -53.5576 -0.0478971 -0.956493 0.287798 31.8108 0 0 0 1 
-0.980182 0.16442 -0.110497 7.39144 -0.149599 -0.248712 0.956955 1.00438 -0.129861 -0.95452 -0.26838 43.1316 0 0 0 1 
-0.946044 0.281837 -0.159904 8.12684 -0.315288 -0.6867 0.65501 38.9858 -0.0747995 -0.670083 -0.738507 18.0574 0 0 0 1 
-0.899354 0.402803 -0.170038 6.65006 -0.434672 -0.865667 0.248356 46.0948 0.0471577 -0.297271 -0.953628 -9.43243 0 0 0 1 
-0.808697 0.58381 -0.0719386 -3.58362 -0.580434 -0.811835 -0.063408 41.9244 0.0954203 0.00952198 -0.995392 -22.3998 0 0 0 1 
-0.650323 0.754337 0.089756 -17.8591 -0.749716 -0.618262 -0.235965 34.5848 0.122504 0.220744 -0.967608 -28.2998 0 0 0 1 
-0.515916 0.833157 0.1992 -24.7819 -0.842888 -0.45222 -0.291613 25.3924 0.152877 0.318351 -0.935565 -30.5947 0 0 0 1 
-0.617953 0.763306 0.188409 -15.6845 -0.78518 -0.586863 -0.197698 22.3737 0.0403334 0.270103 -0.961986 -29.0565 0 0 0 1 
-0.710099 0.682546 0.172888 -7.19324 -0.695746 -0.717907 -0.0233942 21.1828 -0.10815 0.136899 -0.984664 -25.8187 0 0 0 1 
-0.283604 0.94431 0.166879 -10.6155 -0.954396 -0.294876 0.046646 12.2107 -0.0932571 0.14604 -0.984873 -25.5362 0 0 0 1 
-0.229538 0.959375 0.164049 -10.728 -0.969002 -0.241077 0.0540147 11.1107 -0.0913689 0.146566 -0.984972 -25.5022 0 0 0 1 
-0.256674 0.95222 0.165516 -10.679 -0.962079 -0.268083 0.0503504 11.6622 -0.0923166 0.146316 -0.984921 -25.5193 0 0 0 1 
-0.283604 0.94431 0.166879 -10.6155 -0.954396 -0.294876 0.0466461 12.2107 -0.0932571 0.14604 -0.984873 -25.5362 0 0 0 1 
-0.998793 0.039346 0.0293876 -6.58271 0.0395724 0.290451 0.956071 -55.1931 -0.029082 -0.956081 0.291657 31.031 0 0 0 1 
-0.983546 0.180542 0.00647919 -9.22219 -0.0391269 -0.247892 0.967997 -1.76929 -0.17637 -0.951816 -0.250877 41.1158 0 0 0 1 
-0.95359 0.297473 -0.0466532 -7.90786 -0.246594 -0.682604 0.687927 33.5372 -0.172794 -0.667504 -0.724279 17.0724 0 0 0 1 
-0.906457 0.41768 -0.0622789 -8.60414 -0.416266 -0.858904 0.298339 38.7552 -0.0711186 -0.296356 -0.952426 -8.33298 0 0 0 1 
-0.801859 0.597018 0.0243384 -17.3487 -0.597066 -0.80217 0.00604762 32.1927 -0.0231341 0.00968212 -0.999686 -20.5063 0 0 0 1 
-0.62266 0.764666 0.166074 -29.0029 -0.782422 -0.60557 -0.14526 22.007 0.0105062 0.220387 -0.975356 -25.9795 0 0 0 1 
-0.474952 0.841099 0.25879 -33.6857 -0.878806 -0.437938 -0.189503 11.2303 0.0460569 0.317431 -0.947162 -27.7795 0 0 0 1 
-0.578678 0.772937 0.260191 -26.3077 -0.812581 -0.573664 -0.103065 9.18008 -0.0695995 0.271067 -0.96004 -28.1373 0 0 0 1 
-0.673324 0.693714 0.255724 -19.3656 -0.705267 -0.706446 0.0594324 9.4731 -0.221885 0.140337 -0.964921 -27.3959 0 0 0 1 
-0.246324 0.948512 0.199124 -15.5831 -0.94683 -0.279383 0.159557 -3.95518 -0.206974 0.149234 -0.966898 -26.8618 0 0 0 1 
-0.192735 0.9627 0.1899 -14.7796 -0.959576 -0.225366 0.168594 -5.31126 -0.205102 0.14973 -0.96722 -26.7959 0 0 0 1 
-0.219619 0.955985 0.194576 -15.1904 -0.95358 -0.252475 0.16414 -4.63821 -0.206041 0.149495 -0.967056 -26.8289 0 0 0 1 
-0.246324 0.948512 0.199124 -15.5831 -0.94683 -0.279383 0.159557 -3.95518 -0.206974 0.149234 -0.966897 -26.8618 0 0 0 1 
-0.996653 0.0437875 0.0690258 -12.4783 0.0788166 0.290849 0.953517 -53.5575 -0.021676 -0.955766 0.293327 31.0159 0 0 0 1 
-0.981707 0.184901 0.0454198 -15.0224 -0.00171567 -0.247132 0.96898 -0.72438 -0.19039 -0.951177 -0.242929 39.4729 0 0 0 1 
-0.953372 0.301665 -0.00895222 -13.5732 -0.222062 -0.68109 0.697715 32.8468 -0.204379 -0.667169 -0.71632 14.8678 0 0 0 1 
-0.906369 0.421653 -0.0265323 -13.9796 -0.407857 -0.856872 0.315315 36.4693 -0.110219 -0.296613 -0.948616 -10.1529 0 0 0 1 
-0.797622 0.600578 0.0557201 -21.9352 -0.599879 -0.799513 0.0303951 28.4398 -0.0628036 0.00918136 -0.997984 -22.0272 0 0 0 1 
-0.612195 0.767517 0.190092 -32.2828 -0.790235 -0.602186 -0.11358 16.9914 -0.0272959 0.21975 -0.975174 -27.2121 0 0 0 1 
-0.460585 0.843351 0.276805 -35.938 -0.887562 -0.434155 -0.154089 5.62273 0.00977416 0.316653 -0.948491 -28.7364 0 0 0 1 
-0.564472 0.77565 0.28238 -29.1932 -0.818552 -0.570121 -0.0702444 4.05168 -0.106506 0.270794 -0.956727 -29.8125 0 0 0 1 
-0.659569 0.696844 0.28174 -22.8411 -0.705451 -0.703279 0.0879631 5.17463 -0.259438 0.140736 -0.95545 -30.0182 0 0 0 1 
-0.234037 0.949713 0.208017 -16.5293 -0.940961 -0.27509 0.197276 -9.44304 -0.244579 0.149566 -0.958025 -29.3958 0 0 0 1 
-0.180796 0.963659 0.19666 -15.4159 -0.9531 -0.221012 0.20677 -10.8486 -0.24272 0.150053 -0.958421 -29.3191 0 0 0 1 
-0.207502 0.957066 0.202405 -15.982 -0.947405 -0.248149 0.202103 -10.153 -0.243652 0.149823 -0.958221 -29.3575 0 0 0 1 
-0.234038 0.949713 0.208017 -16.5293 -0.940961 -0.27509 0.197276 -9.44304 -0.244579 0.149566 -0.958024 -29.3958 0 0 0 1 
-0.999391 0.00533551 -0.0344898 1.0555 -1.0902e-07 0.988244 0.152882 -12.4193 -0.0349001 -0.152789 0.987642 -30.2253 0 0 0 1 
-0.993889 0.0878212 -0.066874 -0.1958 -0.0171695 0.475462 0.879568 -8.37471 -0.109041 -0.875341 0.471049 -8.34677 0 0 0 1 
-0.984864 0.159443 -0.0679735 -1.98705 -0.128216 -0.406282 0.904707 14.9502 -0.116633 -0.899729 -0.420576 2.26191 0 0 0 1 
-0.973783 0.220458 -0.0560754 -3.88627 -0.224948 -0.896584 0.381491 36.2438 -0.0338263 -0.384104 -0.92267 -7.14205 0 0 0 1 
-0.959408 0.277271 -0.0515414 -5.38205 -0.272097 -0.958114 -0.0893354 45.1388 0.0741526 0.0716847 -0.994667 -20.9231 0 0 0 1 
-0.941117 0.336048 -0.0370319 -7.09755 -0.29779 -0.875828 -0.379798 47.1555 0.160064 0.346407 -0.924328 -31.4536 0 0 0 1 
-0.913002 0.406986 0.0280975 -10.3836 -0.358579 -0.767748 -0.531022 44.88 0.194547 0.494899 -0.846892 -37.9395 0 0 0 1 
-0.843444 0.509003 0.171807 -15.5359 -0.53053 -0.738904 -0.415402 37.3455 0.0844922 0.441517 -0.893265 -34.9005 0 0 0 1 
-0.646196 0.710139 0.279524 -20.5085 -0.760067 -0.63185 -0.151867 25.3912 -0.0687706 0.310593 -0.948052 -29.7667 0 0 0 1 
-0.130239 0.934089 0.332439 -25.1165 -0.991343 -0.11705 -0.0594888 11.3182 0.0166559 0.337309 -0.941246 -30.1506 0 0 0 1 
-0.0669722 0.940117 0.334209 -25.0891 -0.997382 -0.0539192 -0.0481929 9.6453 0.0272866 0.336562 -0.941266 -30.088 0 0 0 1 
-0.0986538 0.937599 0.33343 -25.1167 -0.99488 -0.0855333 -0.0538425 10.4815 0.0219634 0.337034 -0.941236 -30.1221 0 0 0 1 
-0.130239 0.934089 0.332439 -25.1165 -0.991343 -0.11705 -0.0594888 11.3182 0.0166559 0.337309 -0.941246 -30.1506 0 0 0 1 
-0.993435 -0.100585 -0.0545044 5.58032 -0.108556 0.979165 0.171617 -13.157 -0.0361067 -0.176407 0.983655 -29.2425 0 0 0 1 
-0.996019 -0.0200544 -0.0868578 4.39052 -0.086508 0.452602 0.887507 -8.07285 -0.0215136 -0.891487 0.452535 -6.80587 0 0 0 1 
-0.994881 0.0493994 -0.0881568 2.6803 -0.100891 -0.436052 0.894248 16.4879 -0.0057344 -0.898565 -0.438804 3.2276 0 0 0 1 
-0.990622 0.116448 -0.071475 0.322762 -0.134492 -0.923299 0.359764 38.3031 0.0240991 -0.366003 -0.930301 -7.30695 0 0 0 1 
-0.975958 0.212858 -0.0468772 -3.55711 -0.206339 -0.971592 -0.115903 47.0367 0.0702164 0.103444 -0.992154 -22.0878 0 0 0 1 
-0.948273 0.317392 -0.00647107 -8.17684 -0.287667 -0.867727 -0.405336 48.2994 0.134265 0.382508 -0.914145 -33.1808 0 0 0 1 
-0.925037 0.374164 0.0656393 -11.3894 -0.346109 -0.75891 -0.551602 45.7272 0.156576 0.53297 -0.831521 -40.016 0 0 0 1 
-0.932261 0.321286 0.16633 -9.16784 -0.361761 -0.822224 -0.439406 41.3595 0.00441413 0.469812 -0.882755 -36.3935 0 0 0 1 
-0.905105 0.364223 0.21938 -6.01855 -0.40675 -0.891997 -0.197219 36.2949 -0.123855 0.267737 -0.955498 -27.9718 0 0 0 1 
-0.663162 0.693171 0.282364 -14.574 -0.745874 -0.643454 -0.172159 34.5323 -0.0623525 0.324777 -0.943733 -29.6088 0 0 0 1 
-0.733443 0.62693 0.262715 -11.0322 -0.677269 -0.706978 -0.203689 39.3099 -0.0580351 0.327323 -0.943129 -29.6869 0 0 0 1 
-0.850542 0.477191 0.221059 -4.05176 -0.521738 -0.81846 -0.240652 44.4509 -0.0660914 0.320019 -0.945103 -29.3593 0 0 0 1 
-0.93533 0.308937 0.172382 3.89762 -0.346385 -0.898797 -0.268666 48.0965 -0.0719359 0.311002 -0.947683 -28.9461 0 0 0 1 
-0.889023 -0.439357 0.128857 7.95794 -0.337196 0.818647 0.464884 -33.6868 0.309738 -0.369842 0.875945 -5.59679 0 0 0 1 
-0.950834 -0.261488 0.165947 -2.29179 0.121358 0.17839 0.976447 1.50946 0.284932 -0.948578 0.137885 24.0564 0 0 0 1 
-0.967496 -0.0953364 0.234226 -11.6926 0.233291 -0.693953 0.681179 48.0714 -0.0976003 -0.713681 -0.693638 10.187 0 0 0 1 
-0.949383 0.0376884 0.31185 -19.263 -0.0271619 -0.998907 0.038031 63.6179 -0.312943 -0.0276356 -0.94937 -27.2805 0 0 0 1 
-0.907537 0.155131 0.390269 -26.1473 -0.306375 -0.880149 -0.362591 56.0169 -0.287246 0.448634 -0.846297 -52.9523 0 0 0 1 
-0.846667 0.251329 0.469031 -31.7603 -0.498145 -0.684281 -0.532551 43.6602 -0.187103 0.684538 -0.704556 -65.4472 0 0 0 1 
-0.782463 0.286929 0.552651 -33.6979 -0.609711 -0.533333 -0.586351 32.4743 -0.126505 0.795756 -0.592258 -71.6603 0 0 0 1 
-0.728072 0.238261 0.642761 -28.9386 -0.623294 -0.620382 -0.476056 28.9969 -0.285332 0.747233 -0.60019 -71.3226 0 0 0 1 
-0.705262 0.22489 0.672332 -22.8283 -0.540582 -0.784148 -0.304767 35.2264 -0.458669 0.578391 -0.674601 -65.2675 0 0 0 1 
-0.782807 0.148064 0.604393 -21.8202 -0.473074 -0.772583 -0.423456 62.589 -0.404245 0.617407 -0.674829 -65.8712 0 0 0 1 
-0.863394 0.119801 0.4901 -14.0882 -0.402289 -0.749721 -0.525436 69.1671 -0.304491 0.65082 -0.695499 -59.7763 0 0 0 1 
-0.930324 0.113991 0.348575 -3.79384 -0.314064 -0.738422 -0.596739 70.5315 -0.189373 0.664635 -0.722772 -51.3306 0 0 0 1 
-0.974294 0.114529 0.193994 6.78355 -0.213754 -0.741883 -0.635545 70.0568 -0.0711329 0.660675 -0.747294 -42.4951 0 0 0 1 
-0.854995 -0.511183 0.0876153 13.9906 -0.394322 0.750447 0.530414 -42.2585 0.336889 -0.418953 0.843199 -0.850903 0 0 0 1 
-0.947088 -0.259525 0.188871 -3.86652 0.174213 0.0785841 0.981567 5.32789 0.269583 -0.962534 0.0292134 31.7148 0 0 0 1 
-0.944723 -0.0188941 0.327324 -18.0373 0.214542 -0.790558 0.573576 55.9692 -0.247932 -0.612095 -0.750912 3.92483 0 0 0 1 
-0.863916 0.166892 0.47518 -27.2991 -0.22183 -0.973143 -0.0615198 58.2247 -0.452151 0.158557 -0.877735 -43.5589 0 0 0 1 
-0.725298 0.298066 0.620564 -33.0626 -0.59216 -0.729863 -0.341535 34.1188 -0.351127 0.615188 -0.705871 -69.474 0 0 0 1 
-0.546681 0.389879 0.741036 -34.0245 -0.814395 -0.453329 -0.36229 7.36839 -0.194684 0.801553 -0.565342 -77.754 0 0 0 1 
-0.358992 0.426244 0.830326 -28.1079 -0.932356 -0.204636 -0.298056 -14.2399 -0.0428701 0.881159 -0.470874 -76.2081 0 0 0 1 
-0.203735 0.383568 0.900759 -15.0459 -0.978764 -0.101083 -0.178335 -21.9462 -0.0226482 0.917964 -0.396017 -70.9451 0 0 0 1 
-0.0876871 0.368927 0.925313 -2.25729 -0.99367 -0.0978713 -0.0551431 -19.5959 -0.0702176 0.924291 -0.375174 -65.1363 0 0 0 1 
-0.0916483 0.393943 0.914554 -1.50363 -0.995701 -0.0239016 -0.0894848 -4.00235 0.0133926 0.918824 -0.39444 -61.9725 0 0 0 1 
-0.377661 0.466301 0.79996 -8.24143 -0.924594 -0.143281 -0.352982 16.3274 0.0499761 0.872946 -0.485251 -54.0482 0 0 0 1 
-0.669599 0.483499 0.563797 -5.75168 -0.734127 -0.31569 -0.601164 39.7932 0.112677 0.816437 -0.566335 -44.4012 0 0 0 1 
-0.867399 0.431563 0.247734 7.60314 -0.452527 -0.477038 -0.753428 61.5476 0.206973 0.765629 -0.609076 -35.4218 0 0 0 1 
-0.956895 0.242057 0.1605 20.4336 0.290283 0.814916 0.501644 26.669 0.0093677 -0.526611 0.850055 -35.5084 0 0 0 1 
-0.712968 0.595374 0.370414 25.8922 0.325285 -0.187148 0.926911 16.8009 -0.621182 -0.781348 0.0602361 -49.0367 0 0 0 1 
-0.314408 0.746457 0.586472 37.9043 -0.483083 -0.657636 0.578053 -5.50336 -0.817177 0.10157 -0.567367 -45.9618 0 0 0 1 
0.0727046 0.673305 0.735781 49.0221 -0.976267 -0.102853 0.190587 -11.1639 -0.204 0.732176 -0.649848 -26.0586 0 0 0 1 
0.345054 0.460145 0.818049 51.3221 -0.883795 0.452715 0.118137 -3.22317 0.315983 0.763751 -0.562885 -17.4104 0 0 0 1 
0.53268 0.199523 0.822461 51.7912 -0.631795 0.740354 0.229588 1.32602 0.563104 0.641924 -0.52043 -17.0887 0 0 0 1 
0.657156 -0.0629591 0.751121 59.7285 -0.315987 0.881702 0.350362 10.1486 0.684323 0.467587 -0.559521 -12.0231 0 0 0 1 
0.697917 -0.254175 0.669557 76.5241 -0.0229535 0.926484 0.375634 39.3559 0.71581 0.27753 -0.640774 7.8857 0 0 0 1 
0.683479 -0.467803 0.560372 90.8041 0.260643 0.873456 0.411266 75.0195 0.681852 0.135034 -0.718918 24.417 0 0 0 1 
0.416224 -0.875996 0.243696 95.5236 0.665351 0.476101 0.575009 98.002 0.61973 0.0771887 -0.78101 9.07835 0 0 0 1 
0.41265 -0.909498 0.0503293 112.179 0.628886 0.324432 0.706574 64.1002 0.658956 0.259916 -0.705848 4.70781 0 0 0 1 
0.525432 -0.850733 -0.0132394 126.437 0.585886 0.350485 0.730683 46.9336 0.616976 0.391681 -0.682589 0.404333 0 0 0 1 
0.638429 -0.767963 -0.0513935 139.683 0.52549 0.386118 0.758138 33.1291 0.562378 0.511024 -0.650065 -4.23383 0 0 0 1 
-0.846756 0.346865 -0.403347 90.5952 0.319702 0.937805 0.135322 64.2332 -0.425199 0.0143665 0.904986 -123.002 0 0 0 1 
-0.592369 0.768701 -0.241243 100.21 -0.0170484 0.287406 0.957657 -47.6354 -0.805486 -0.571399 0.157146 -95.7622 0 0 0 1 
-0.217454 0.973695 0.0680572 102.328 -0.767837 -0.213693 0.603955 -64.6288 -0.602611 -0.0790755 -0.794107 4.69377 0 0 0 1 
0.132229 0.907347 0.399043 95.7475 -0.9806 0.178515 -0.0809705 -0.429859 0.144704 0.380595 -0.91335 56.6598 0 0 0 1 
0.332121 0.642379 0.690684 71.7084 -0.695123 0.661647 -0.281118 52.1539 0.637573 0.386746 -0.66628 51.1413 0 0 0 1 
0.422439 0.266911 0.8662 45.3939 -0.346403 0.930656 -0.117835 70.3125 0.837585 0.250276 -0.485604 33.2804 0 0 0 1 
0.467061 -0.131155 0.874444 37.8407 0.0477783 0.991237 0.123153 85.2558 0.882933 0.0157405 -0.469235 24.2225 0 0 0 1 
0.444239 -0.471601 0.761738 53.5667 0.594853 0.791043 0.14283 162.895 0.669926 -0.389671 -0.631945 25.7805 0 0 0 1 
0.353498 -0.68059 0.641744 55.8972 0.830943 0.543542 0.118728 208.503 0.42962 -0.491283 -0.757673 15.2337 0 0 0 1 
0.828164 -0.443602 0.342579 128.408 0.0879031 0.706454 0.702279 9.96807 0.553549 0.551488 -0.624054 -39.9215 0 0 0 1 
0.13314 -0.983951 0.118804 71.0033 0.864136 0.173946 0.472241 142.082 0.485327 -0.0397884 -0.873427 8.03969 0 0 0 1 
0.151753 -0.984091 0.0923879 72.5133 0.642489 0.169241 0.747372 74.359 0.751118 0.054058 -0.657951 28.5813 0 0 0 1 
0.33852 -0.919373 0.20039 83.6972 0.159542 0.26596 0.95069 -19.9503 0.927335 0.289857 -0.236711 10.9477 0 0 0 1 
-0.964841 -0.175653 -0.19552 35.3686 -0.257247 0.78367 0.565408 -32.423 -0.0539079 -0.595826 0.801303 -35.5294 0 0 0 1 
-0.991787 0.126238 0.0205569 15.5753 -0.00319201 -0.185103 0.982714 -16.0784 -0.127861 -0.974577 -0.183986 8.86072 0 0 0 1 
-0.889277 0.327138 0.319637 -0.716297 -0.229719 -0.923784 0.306352 27.3476 -0.395495 -0.199005 -0.896649 6.91032 0 0 0 1 
-0.694736 0.404949 0.594439 -9.34498 -0.676643 -0.64823 -0.349218 37.0294 -0.243918 0.644838 -0.724354 -22.6941 0 0 0 1 
-0.452196 0.403148 0.795606 -11.9004 -0.885697 -0.0977922 -0.453848 23.7227 0.105164 0.909895 -0.401289 -36.8942 0 0 0 1 
-0.195961 0.346215 0.917461 -9.35551 -0.898511 0.31136 -0.309408 9.54561 0.392782 0.88498 -0.250063 -37.2911 0 0 0 1 
0.0265455 0.254282 0.966766 -0.496094 -0.816069 0.564064 -0.125954 -0.226158 0.577346 0.785604 -0.222485 -30.6759 0 0 0 1 
0.19252 0.181407 0.964379 17.5242 -0.787526 0.614879 0.0415515 -4.67525 0.585439 0.767473 -0.261239 -16.9546 0 0 0 1 
0.332502 0.270716 0.903413 40.7197 -0.852111 0.49675 0.164764 -8.91085 0.404166 0.824592 -0.395851 -7.86422 0 0 0 1 
0.104601 0.681937 0.723893 43.427 -0.991758 0.0173675 0.126946 -13.8421 -0.073997 0.731205 -0.678132 -34.1614 0 0 0 1 
0.322493 0.7154 0.61984 84.5005 -0.929783 0.116626 0.349145 -36.4374 -0.177489 0.688914 -0.702778 -45.6959 0 0 0 1 
0.295826 0.629838 0.718186 82.2314 -0.946213 0.0900792 0.310754 -51.9525 -0.131031 0.771486 -0.622608 -50.9552 0 0 0 1 
0.225156 0.527264 0.819327 70.0253 -0.974322 0.120959 0.189908 -62.3793 -0.00102663 0.841048 -0.54096 -49.4148 0 0 0 1 
-0.962336 -0.270478 -0.027408 11.0131 -0.250961 0.845055 0.472125 -28.9928 0.104538 -0.461221 0.881106 -17.8172 0 0 0 1 
-0.997524 -0.0057203 0.0700919 -3.1554 0.0698745 0.0319965 0.997042 -0.757004 0.00794597 -0.999471 0.0315176 14.1226 0 0 0 1 
-0.94895 0.216705 0.229202 -15.5144 -0.0605087 -0.838208 0.541984 40.9094 -0.30957 -0.500446 -0.808529 0.54303 0 0 0 1 
-0.839535 0.359679 0.4072 -24.1942 -0.454708 -0.875358 -0.164283 47.4259 -0.297356 0.323079 -0.898443 -35.8198 0 0 0 1 
-0.677803 0.444192 0.585897 -29.5694 -0.728519 -0.513277 -0.45366 28.3138 -0.0992153 0.73433 -0.671503 -57.6119 0 0 0 1 
-0.481964 0.482253 0.731535 -29.9482 -0.871253 -0.175259 -0.458478 5.33442 0.0928945 0.858322 -0.504633 -63.8843 0 0 0 1 
-0.32725 0.456366 0.827428 -25.7424 -0.915086 0.0653046 -0.397937 -10.8417 0.23564 0.887392 -0.396243 -63.0301 0 0 0 1 
-0.305229 0.339547 0.889687 -20.0081 -0.93536 0.0684315 -0.347015 -12.2206 0.178711 0.938096 -0.296712 -65.1366 0 0 0 1 
-0.363553 0.340164 0.867247 -15.8687 -0.931427 -0.116189 -0.344884 0.867622 0.016552 0.933161 -0.359079 -62.0069 0 0 0 1 
-0.608598 0.554023 0.568038 -14.9064 -0.793476 -0.426721 -0.43394 36.3583 -0.00198155 0.71482 -0.699306 -39.5154 0 0 0 1 
-0.739555 0.509282 0.440104 -9.24916 -0.671028 -0.506614 -0.541354 48.4676 0.0527394 0.695683 -0.716411 -35.7095 0 0 0 1 
-0.746652 0.473698 0.467035 -6.13292 -0.665091 -0.54521 -0.510294 38.2473 -0.0129067 0.691633 -0.722134 -40.2814 0 0 0 1 
-0.731505 0.437338 0.523102 -5.56562 -0.672316 -0.590401 -0.446562 24.3812 -0.113542 0.678352 -0.725911 -47.0517 0 0 0 1 
-0.993533 0.112645 -0.0142457 -3.52686 0.108556 0.979165 0.171617 -13.1571 -0.0332808 -0.168961 0.985061 -29.5606 0 0 0 1 
-0.978215 0.202605 -0.0452433 -5.09603 0.0528107 0.453639 0.889619 -8.22269 -0.200766 -0.86785 0.454456 -7.67549 0 0 0 1 
-0.958819 0.280444 -0.0449093 -7.16713 -0.162119 -0.410584 0.897295 15.4972 -0.233202 -0.867624 -0.439141 2.2463 0 0 0 1 
-0.945433 0.324215 -0.0322482 -8.55106 -0.312746 -0.875304 0.368826 36.2533 -0.0913519 -0.358786 -0.928939 -7.61518 0 0 0 1 
-0.938672 0.344001 -0.0236028 -9.07652 -0.341103 -0.936414 -0.0823276 44.0517 0.0504227 0.0692276 -0.996326 -20.7524 0 0 0 1 
-0.938747 0.34453 -0.00732684 -9.00681 -0.320706 -0.881216 -0.347284 45.5399 0.126106 0.323662 -0.937731 -29.9807 0 0 0 1 
-0.950045 0.309072 0.0434575 -8.06476 -0.290086 -0.823018 -0.488355 44.3176 0.115171 0.476566 -0.871562 -35.989 0 0 0 1 
-0.982534 0.137087 0.125837 -0.985953 -0.176756 -0.898957 -0.40079 41.7137 -0.0581789 0.416032 -0.907487 -33.2941 0 0 0 1 
-0.970636 0.157717 0.181632 2.7331 -0.190856 -0.964522 -0.182402 37.8231 -0.14642 0.211711 -0.966302 -25.5665 0 0 0 1 
-0.41582 0.865881 0.278108 -19.9214 -0.906848 -0.417871 -0.0548704 20.7858 -0.0687022 0.275018 -0.958981 -27.1613 0 0 0 1 
-0.319558 0.905757 0.278364 -20.9047 -0.945943 -0.322126 -0.0377795 17.7399 -0.0554494 0.27539 -0.959732 -27.0946 0 0 0 1 
-0.368198 0.887052 0.278512 -20.4602 -0.92767 -0.37052 -0.0462993 19.2764 -0.0621244 0.275415 -0.959316 -27.1354 0 0 0 1 
-0.41582 0.865881 0.278108 -19.9214 -0.906848 -0.417871 -0.0548703 20.7858 -0.0687022 0.275018 -0.958981 -27.1613 0 0 0 1 
-0.865251 0.464086 -0.189646 -7.54829 0.337195 0.818646 0.464884 -33.6869 -0.370999 -0.338294 0.864822 -6.13813 0 0 0 1 
-0.839494 0.510246 -0.18681 -10.2101 -0.109618 0.177697 0.977961 -0.0423546 -0.532197 -0.84147 0.0932432 24.3481 0 0 0 1 
-0.828851 0.538107 -0.153123 -12.5314 -0.502003 -0.594494 0.628148 48.47 -0.24698 -0.597509 -0.762878 14.3164 0 0 0 1 
-0.839311 0.527871 -0.130034 -12.158 -0.523283 -0.849274 -0.0700571 69.0408 0.147415 -0.00924495 -0.989031 -22.2072 0 0 0 1 
-0.862393 0.486144 -0.141216 -8.66806 -0.367989 -0.793562 -0.484607 65.1135 0.347653 0.365956 -0.863258 -47.4214 0 0 0 1 
-0.893355 0.419121 -0.162037 -3.31977 -0.215608 -0.716189 -0.663767 56.4015 0.394247 0.558042 -0.730177 -58.363 0 0 0 1 
-0.934141 0.322655 -0.152559 2.91568 -0.108334 -0.663621 -0.740183 48.906 0.340066 0.674908 -0.65487 -62.4347 0 0 0 1 
-0.977216 0.188536 -0.0974884 10.8724 -0.0813228 -0.756845 -0.648515 49.3983 0.196052 0.625811 -0.754933 -57.1465 0 0 0 1 
-0.987447 0.142402 -0.0683478 18.925 -0.0948744 -0.880658 -0.464155 49.2919 0.126287 0.451844 -0.883113 -46.7157 0 0 0 1 
-0.971225 0.236351 -0.0293435 35.7201 -0.184981 -0.826199 -0.532143 38.2686 0.150016 0.511402 -0.846146 -48.2292 0 0 0 1 
-0.96908 0.245644 -0.0233212 38.3839 -0.194538 -0.818749 -0.540189 38.4112 0.151788 0.518949 -0.84122 -48.3445 0 0 0 1 
-0.970158 0.241033 -0.0263834 37.044 -0.189768 -0.822507 -0.536163 38.2987 0.150933 0.515156 -0.843702 -48.2864 0 0 0 1 
-0.971225 0.236351 -0.0293435 35.7201 -0.184981 -0.8262 -0.532143 38.2686 0.150016 0.511402 -0.846146 -48.2292 0 0 0 1 
-0.829412 0.539163 -0.14622 -13.8973 0.394322 0.750447 0.530415 -42.2587 -0.39571 -0.382274 0.835033 -1.82462 0 0 0 1 
-0.826624 0.546477 -0.134374 -15.4669 -0.122015 0.0590567 0.99077 0.571861 -0.549369 -0.835389 -0.0178606 34.2528 0 0 0 1 
-0.842311 0.530912 -0.0929804 -16.336 -0.498816 -0.702485 0.50764 58.5119 -0.204195 -0.473971 -0.856537 18.0215 0 0 0 1 
-0.876194 0.474653 -0.0836036 -12.994 -0.444246 -0.862655 -0.241809 77.4011 0.186896 0.174731 -0.966715 -27.8595 0 0 0 1 
-0.914849 0.377877 -0.142337 -4.32601 -0.219412 -0.761117 -0.610377 64.8509 0.338982 0.527173 -0.779218 -54.5653 0 0 0 1 
-0.944168 0.246919 -0.218125 5.6881 -0.0129342 -0.689326 -0.724336 47.3782 0.329211 0.681073 -0.654033 -60.8346 0 0 0 1 
-0.965748 0.10905 -0.235456 13.0293 0.111382 -0.645342 -0.75573 35.2316 0.234363 0.75607 -0.611091 -59.3296 0 0 0 1 
-0.987916 0.0222629 -0.153386 17.1268 0.0871876 -0.738381 -0.668723 39.5365 0.128145 0.674016 -0.727517 -55.0692 0 0 0 1 
-0.995213 0.0543693 -0.0812181 21.0546 -0.00582057 -0.862487 -0.506046 46.4932 0.0975628 0.503151 -0.858674 -47.0598 0 0 0 1 
-0.988355 0.147441 -0.037611 38.1214 -0.0995187 -0.813336 -0.573219 35.6825 0.115107 0.562802 -0.818538 -48.4085 0 0 0 1 
-0.987173 0.156593 -0.0311255 40.8143 -0.109598 -0.806418 -0.581101 35.8509 0.116097 0.570235 -0.813236 -48.5003 0 0 0 1 
-0.987773 0.152054 -0.0344176 39.4598 -0.104564 -0.80991 -0.577158 35.7255 0.115635 0.566502 -0.815907 -48.4541 0 0 0 1 
-0.988355 0.147441 -0.037611 38.1214 -0.0995187 -0.813336 -0.57322 35.6826 0.115107 0.562801 -0.818538 -48.4085 0 0 0 1 
-0.953911 -0.204733 -0.219406 -17.9068 -0.290283 0.814917 0.501645 26.6692 -0.0760943 -0.542214 0.836788 -36.8473 0 0 0 1 
-0.899921 -0.332965 -0.281563 -20.8326 -0.245318 -0.14724 0.958196 9.02149 0.360502 -0.931373 -0.0508218 -50.3123 0 0 0 1 
-0.815929 -0.479123 -0.323576 -26.4583 0.330913 -0.845948 0.418174 -14.2047 0.474085 -0.234125 -0.848781 -38.6483 0 0 0 1 
-0.689963 -0.608484 -0.392045 -32.2745 0.719606 -0.635135 -0.280661 -20.1837 0.0782241 0.475763 -0.876088 -17.6925 0 0 0 1 
-0.51536 -0.692909 -0.504262 -37.7615 0.824733 -0.241138 -0.511535 -26.0714 -0.23285 0.679507 -0.695739 -5.07859 0 0 0 1 
-0.313397 -0.748165 -0.584834 -46.4584 0.872287 0.016631 -0.48871 -36.4531 -0.375363 0.663304 -0.647403 3.40949 0 0 0 1 
-0.184617 -0.803014 -0.566644 -54.1239 0.880771 0.120634 -0.457918 -43.5361 -0.436071 0.583623 -0.685001 5.5526 0 0 0 1 
-0.331326 -0.84371 -0.422346 -43.812 0.880617 -0.115825 -0.459453 -43.1544 -0.338727 0.524154 -0.781362 -9.17159 0 0 0 1 
-0.564271 -0.77646 -0.28055 -24.4961 0.802334 -0.435656 -0.408001 -39.7996 -0.194573 0.455318 -0.868808 -20.2141 0 0 0 1 
-0.495206 -0.80128 -0.335741 -5.26595 0.835906 -0.334157 -0.435432 -64.8644 -0.236712 0.496276 -0.835271 -14.8839 0 0 0 1 
-0.486783 -0.804605 -0.340077 -2.36279 0.838804 -0.321887 -0.439087 -66.1514 -0.243825 0.498998 -0.831595 -14.0705 0 0 0 1 
-0.491016 -0.802923 -0.337963 -3.82116 0.837378 -0.32804 -0.437251 -65.5524 -0.240213 0.4977 -0.833422 -14.48 0 0 0 1 
-0.495206 -0.80128 -0.335741 -5.26595 0.835906 -0.334157 -0.435432 -64.8644 -0.236712 0.496276 -0.835271 -14.884 0 0 0 1 
-0.874355 -0.347022 0.339235 -81.794 -0.319703 0.937806 0.13532 64.2337 0.365095 -0.0098633 0.930918 -129.023 0 0 0 1 
-0.821216 -0.477836 0.311894 -87.0223 0.123821 0.384342 0.91485 -52.6659 0.557021 -0.789908 0.256462 -118.512 0 0 0 1 
-0.730591 -0.612252 0.3023 -97.8795 0.641494 -0.463768 0.611069 -93.1418 0.233931 -0.640365 -0.73158 -15.3231 0 0 0 1 
-0.604008 -0.758191 0.245605 -106.987 0.744683 -0.646699 -0.165008 -49.5227 -0.28394 -0.0832318 -0.955223 50.9981 0 0 0 1 
-0.409963 -0.906609 0.0999565 -113.369 0.732802 -0.39264 -0.55573 -20.9333 -0.543077 0.154581 -0.825332 66.6715 0 0 0 1 
-0.153082 -0.987559 -0.0359625 -126.249 0.759348 -0.0942619 -0.64382 -16.6863 -0.632421 0.125865 -0.764331 69.2876 0 0 0 1 
0.00494708 -0.999512 -0.030858 -139.195 0.766913 0.0235953 -0.641317 -19.7829 -0.641731 0.0204929 -0.766656 61.4059 0 0 0 1 
-0.243115 -0.949728 0.197261 -123.721 0.803149 -0.311124 -0.508087 -35.7523 -0.543918 -0.0349067 -0.838412 41.1843 0 0 0 1 
-0.586193 -0.712078 0.386425 -96.0831 0.681647 -0.691271 -0.239793 -46.5992 -0.437876 -0.122841 -0.890604 29.4359 0 0 0 1 
-0.533393 -0.773273 0.342844 -76.0022 0.702475 -0.630735 -0.329699 -62.0223 -0.471191 -0.0649801 -0.879634 36.3446 0 0 0 1 
-0.526302 -0.779565 0.339536 -73.068 0.703785 -0.623467 -0.340552 -62.1661 -0.477171 -0.059727 -0.876778 37.1247 0 0 0 1 
-0.529883 -0.776432 0.341141 -74.5397 0.703155 -0.627114 -0.335114 -62.1397 -0.474128 -0.0623039 -0.878249 36.7382 0 0 0 1 
-0.533393 -0.773273 0.342844 -76.0022 0.702475 -0.630735 -0.329699 -62.0223 -0.471191 -0.0649801 -0.879634 36.3446 0 0 0 1 
-0.965166 0.225421 0.132817 -32.1823 0.257641 0.730451 0.632505 -39.4364 -0.0455637 -0.644691 0.763084 -31.5609 0 0 0 1 
-0.971516 0.18592 0.146939 -33.7239 0.100353 -0.23894 0.965835 -23.2018 -0.214678 -0.953069 -0.213476 12.2295 0 0 0 1 
-0.97798 0.107965 0.178603 -35.7825 -0.0618949 -0.967335 0.245831 24.7007 -0.19931 -0.229363 -0.952717 24.0827 0 0 0 1 
-0.989539 0.00221005 0.144247 -32.664 -0.0818532 -0.831957 -0.54877 54.0455 -0.118794 0.554837 -0.823435 0.0427017 0 0 0 1 
-0.993551 -0.113382 -0.00134248 -21.7725 0.0613766 -0.527801 -0.847148 49.7317 -0.095343 0.841767 -0.531356 -17.3511 0 0 0 1 
-0.952051 -0.250045 -0.176287 -11.6542 0.260393 -0.359776 -0.895967 32.9548 -0.160609 0.89891 -0.407635 -18.2859 0 0 0 1 
-0.885204 -0.388823 -0.255404 -9.06422 0.377394 -0.2792 -0.882961 20.5886 -0.272007 0.877989 -0.393888 -14.709 0 0 0 1 
-0.878243 -0.453328 -0.152266 -10.9691 0.362715 -0.423954 -0.82988 24.2433 -0.311654 0.784065 -0.536763 -16.6015 0 0 0 1 
-0.921139 -0.389112 -0.00982067 -9.28712 0.278504 -0.641252 -0.715005 29.7706 -0.271919 0.661353 -0.699051 -14.288 0 0 0 1 
-0.947499 -0.314746 0.0564058 9.98224 0.163011 -0.627207 -0.761603 18.4164 -0.27509 0.712423 -0.645584 -13.9944 0 0 0 1 
-0.949271 -0.307668 0.0650063 12.8709 0.14978 -0.624147 -0.766816 18.5853 -0.276498 0.718179 -0.638567 -13.9268 0 0 0 1 
-0.948416 -0.311169 0.0606685 11.4202 0.156405 -0.625709 -0.764216 18.4584 -0.275761 0.715306 -0.642101 -13.9594 0 0 0 1 
-0.947499 -0.314746 0.0564058 9.98224 0.163011 -0.627207 -0.761603 18.4164 -0.27509 0.712423 -0.645584 -13.9944 0 0 0 1 
-0.950375 0.310218 -0.0234984 -10.7698 0.245727 0.794831 0.554854 -33.4858 -0.190803 -0.521545 0.831616 -12.4915 0 0 0 1 
-0.948277 0.317239 -0.0114188 -11.844 -0.0233456 -0.03382 0.999155 -3.50544 -0.316584 -0.947743 -0.0394767 21.206 0 0 0 1 
-0.954841 0.295629 0.029688 -12.6961 -0.244123 -0.837566 0.488761 45.3786 -0.169358 -0.459441 -0.871913 14.3653 0 0 0 1 
-0.97201 0.23197 0.0372237 -9.88959 -0.233179 -0.933197 -0.273442 65.5042 0.0286931 0.274468 -0.961168 -21.2453 0 0 0 1 
-0.990259 0.137539 -0.0216787 -2.51791 -0.0905845 -0.754629 -0.649869 57.6619 0.105742 0.641575 -0.759737 -43.4654 0 0 0 1 
-0.994757 0.013818 -0.101327 6.12968 0.0703575 -0.626587 -0.776169 43.8716 0.0742153 0.779229 -0.62233 -48.6491 0 0 0 1 
-0.981464 -0.134621 -0.1364 12.79 0.188422 -0.547867 -0.81507 32.6324 -0.0349965 0.825663 -0.563077 -46.7946 0 0 0 1 
-0.952748 -0.286117 -0.102018 17.77 0.267233 -0.629821 -0.729323 29.9454 -0.144418 0.722124 -0.676521 -41.9108 0 0 0 1 
-0.941941 -0.327261 -0.0751466 24.5149 0.310482 -0.763666 -0.566052 27.7451 -0.12786 0.55652 -0.820937 -36.1595 0 0 0 1 
-0.970016 -0.241745 -0.0250488 43.5924 0.203183 -0.75007 -0.629374 18.2311 -0.13336 0.615592 -0.776699 -36.2513 0 0 0 1 
-0.972243 -0.233284 -0.0179317 46.4815 0.190997 -0.747064 -0.636723 18.5747 -0.135141 0.622475 -0.770884 -36.1837 0 0 0 1 
-0.971153 -0.237481 -0.021537 45.0298 0.197097 -0.7486 -0.633049 18.361 -0.134214 0.619033 -0.773812 -36.2177 0 0 0 1 
-0.970016 -0.241745 -0.0250489 43.5924 0.203183 -0.75007 -0.629374 18.2311 -0.13336 0.615592 -0.776699 -36.2513 0 0 0 1 
-0.999702 0.0190152 -0.0152917 0.549618 0.00490734 0.770551 0.637359 -16.7859 -0.0239026 -0.637094 0.770415 -15.3573 0 0 0 1 
-0.987664 0.116461 -0.104677 -1.70715 -0.053776 0.375558 0.925237 -6.95285 -0.147067 -0.919452 0.364662 -3.91851 0 0 0 1 
-0.962243 0.175335 -0.208198 -2.96463 -0.22716 -0.0958922 0.969125 7.07388 -0.149957 -0.979828 -0.132101 1.01327 0 0 0 1 
