j
1
29
root
Pelvis
Spine
Spine1
Neck
LClavicle
LUpperArm
LForearm
LHand
RClavicle
RUpperArm
RForearm
RHand
Head
HeadNub@
LThigh
LCalf
LFoot
LToe0
LToe0Nub@
RThigh
RCalf
RFoot
RToe0
RToe0Nub@
Tail
Tail1
Tail2
TailNub@
attack2
21
25
0.694659 0.697972 0.174024 0.336809 -2.30525e-08 -0.241922 0.970296 -0.361438 -0.719339 0.674024 0.168053 0.418515 0 0 0 1 
0.694659 0.697972 0.174024 0.336809 -2.30525e-08 -0.241922 0.970296 -0.480384 -0.719339 0.674024 0.168053 0.418515 0 0 0 1 
0.694659 0.697972 0.174024 0.336809 -2.30525e-08 -0.241922 0.970296 -0.599672 -0.719339 0.674024 0.168053 0.418515 0 0 0 1 
0.694659 0.697972 0.174024 0.336809 -2.30525e-08 -0.241922 0.970296 -0.730417 -0.719339 0.674024 0.168053 0.418515 0 0 0 1 
0.694659 0.697972 0.174024 0.336809 -2.30525e-08 -0.241922 0.970296 -0.861465 -0.719339 0.674024 0.168053 0.418515 0 0 0 1 
0.694659 0.697972 0.174024 0.336809 -2.30525e-08 -0.241922 0.970296 -0.960446 -0.719339 0.674024 0.168053 0.418515 0 0 0 1 
0.694659 0.697972 0.174024 0.336809 -2.30525e-08 -0.241922 0.970296 -1.0284 -0.719339 0.674024 0.168053 0.418515 0 0 0 1 
0.694659 0.697972 0.174024 0.336809 -2.30525e-08 -0.241922 0.970296 -0.960446 -0.719339 0.674024 0.168053 0.418515 0 0 0 1 
0.694659 0.697972 0.174024 0.336809 -2.30525e-08 -0.241922 0.970296 -0.361438 -0.719339 0.674024 0.168053 0.418515 0 0 0 1 
0.694659 0.697972 0.174024 0.336809 -2.30525e-08 -0.241922 0.970296 -0.420455 -0.719339 0.674024 0.168053 0.418515 0 0 0 1 
0.694659 0.697972 0.174024 0.336809 -2.30525e-08 -0.241922 0.970296 -0.611024 -0.719339 0.674024 0.168053 0.418515 0 0 0 1 
0.694659 0.697972 0.174024 0.336809 -2.30525e-08 -0.241922 0.970296 -0.801334 -0.719339 0.674024 0.168053 0.418515 0 0 0 1 
0.694659 0.697972 0.174024 0.336809 -2.30525e-08 -0.241922 0.970296 -0.960446 -0.719339 0.674024 0.168053 0.418515 0 0 0 1 
0.694659 0.697972 0.174024 0.336809 -2.30525e-08 -0.241922 0.970296 -1.01114 -0.719339 0.674024 0.168053 0.418515 0 0 0 1 
0.694659 0.697972 0.174024 0.336809 -2.30525e-08 -0.241922 0.970296 -0.960446 -0.719339 0.674024 0.168053 0.418515 0 0 0 1 
0.694659 0.697972 0.174024 0.336809 -2.30525e-08 -0.241922 0.970296 -0.69838 -0.719339 0.674024 0.168053 0.418515 0 0 0 1 
0.694659 0.697972 0.174024 0.336809 -2.30525e-08 -0.241922 0.970296 -0.361438 -0.719339 0.674024 0.168053 0.418515 0 0 0 1 
0.694659 0.697972 0.174024 0.336809 -2.30525e-08 -0.241922 0.970296 -0.361438 -0.719339 0.674024 0.168053 0.418515 0 0 0 1 
0.694659 0.697972 0.174024 0.336809 -2.30525e-08 -0.241922 0.970296 -0.361438 -0.719339 0.674024 0.168053 0.418515 0 0 0 1 
0.694659 0.697972 0.174024 0.336809 -2.30525e-08 -0.241922 0.970296 -0.361438 -0.719339 0.674024 0.168053 0.418515 0 0 0 1 
0.694659 0.697972 0.174024 0.336809 -2.30525e-08 -0.241922 0.970296 -0.361438 -0.719339 0.674024 0.168053 0.418515 0 0 0 1 
0.829015 0.543284 0.132576 0.25659 0.00362743 -0.242289 0.970197 -0.361629 -0.559214 0.803827 0.202832 0.485827 0 0 0 1 
0.649813 0.710077 0.27117 0.524829 -0.142885 -0.236283 0.961121 -0.498141 -0.746543 0.663296 0.052081 0.19406 0 0 0 1 
0.549602 0.77377 0.314986 0.609631 -0.210844 -0.23636 0.948514 -0.641829 -0.808382 0.587718 -0.0332408 0.0289271 0 0 0 1 
0.733643 0.649075 0.201171 0.38935 -0.0922192 -0.198204 0.975813 -0.719739 -0.673249 0.73445 0.0855537 0.258844 0 0 0 1 
0.919003 0.393693 -0.0209564 -0.0405595 0.106415 -0.196523 0.974707 -0.852927 -0.379617 0.897989 0.2225 0.523893 0 0 0 1 
0.961875 0.166304 -0.217116 -0.420211 0.25277 -0.237476 0.93793 -1.02309 -0.104422 0.957052 0.270459 0.616714 0 0 0 1 
0.955975 0.0967824 -0.277028 -0.536165 0.292791 -0.251502 0.922507 -1.12089 -0.0196094 0.963006 0.268767 0.613439 0 0 0 1 
0.961875 0.166305 -0.217116 -0.420211 0.25277 -0.237476 0.93793 -1.02309 -0.104422 0.957051 0.270459 0.616714 0 0 0 1 
0.829015 0.543284 0.132576 0.25659 0.00362743 -0.242289 0.970197 -0.361629 -0.559214 0.803827 0.202832 0.485827 0 0 0 1 
0.963683 0.266844 -0.01049 -0.0203026 0.0974213 -0.314712 0.944174 -0.471011 -0.248646 0.910907 0.329279 0.730554 0 0 0 1 
0.981938 -0.0081378 -0.189028 -0.365848 0.172565 -0.371154 0.912396 -0.723085 0.0775834 0.928535 0.363046 0.795908 0 0 0 1 
0.868669 0.483681 0.107085 0.207255 -0.0413798 -0.144563 0.98863 -0.76585 -0.493662 0.863223 0.105563 0.29757 0 0 0 1 
0.695397 0.692905 0.190541 0.368778 -0.18504 -0.0835568 0.979172 -0.943266 -0.694394 0.716171 -0.0701097 -0.0424298 0 0 0 1 
0.668437 0.7173 0.196654 0.380608 -0.210137 -0.0714972 0.975054 -1.00193 -0.713467 0.693086 -0.10294 -0.10597 0 0 0 1 
0.695397 0.692905 0.190541 0.368778 -0.18504 -0.0835568 0.979172 -0.943266 -0.694394 0.716171 -0.0701097 -0.0424298 0 0 0 1 
0.75828 0.628818 0.17204 0.33297 -0.0992275 -0.149496 0.983771 -0.6723 -0.644333 0.763045 0.050964 0.191899 0 0 0 1 
0.829015 0.543284 0.132576 0.25659 0.00362743 -0.242289 0.970197 -0.361629 -0.559214 0.803827 0.202832 0.485827 0 0 0 1 
0.829015 0.543284 0.132576 0.25659 0.00362743 -0.242289 0.970197 -0.361629 -0.559214 0.803827 0.202832 0.485827 0 0 0 1 
0.829015 0.543284 0.132576 0.25659 0.00362743 -0.242289 0.970197 -0.361629 -0.559214 0.803827 0.202832 0.485827 0 0 0 1 
0.829015 0.543284 0.132576 0.25659 0.00362743 -0.242289 0.970197 -0.361629 -0.559214 0.803827 0.202832 0.485827 0 0 0 1 
0.829015 0.543284 0.132576 0.25659 0.00362743 -0.242289 0.970197 -0.361629 -0.559214 0.803827 0.202832 0.485827 0 0 0 1 
0.694658 0.719231 -0.012553 0.0940734 -2.93629e-06 0.0174535 0.999848 -0.310495 -0.71934 0.694552 -0.0121263 0.184103 0 0 0 1 
0.51801 0.855353 0.00606461 0.124869 -0.016356 0.00281612 0.999862 -0.430118 -0.855218 0.518038 -0.0154489 0.171369 0 0 0 1 
0.469624 0.882813 -0.00973135 0.105539 -0.0205575 0.0219539 0.999547 -0.548908 -0.882627 0.469211 -0.0284585 0.152051 0 0 0 1 
0.747541 0.656582 -0.10041 -0.0236841 0.0222783 0.126301 0.991742 -0.684888 -0.663842 0.743604 -0.0797878 0.0980428 0 0 0 1 
0.965319 0.192903 -0.175917 -0.144379 0.132359 0.219195 0.966661 -0.844284 -0.225032 0.956421 -0.186061 -0.030673 0 0 0 1 
0.958648 -0.21192 -0.189956 -0.181972 0.24005 0.243587 0.939703 -0.977323 0.152871 0.946443 -0.284386 -0.159601 0 0 0 1 
0.915406 -0.356382 -0.187146 -0.185171 0.285531 0.247177 0.925946 -1.06308 0.283733 0.901052 -0.328026 -0.218771 0 0 0 1 
0.958648 -0.211919 -0.189956 -0.181973 0.24005 0.243587 0.939703 -0.977323 0.15287 0.946443 -0.284386 -0.159601 0 0 0 1 
0.694658 0.719231 -0.012553 0.0940734 -2.93629e-06 0.0174535 0.999848 -0.310495 -0.71934 0.694552 -0.0121263 0.184103 0 0 0 1 
0.878295 0.477893 0.014692 0.118189 0.000670404 -0.0319597 0.999489 -0.372332 -0.478118 0.877836 0.0283904 0.245752 0 0 0 1 
0.984411 0.173514 -0.0287789 0.0469219 0.0268244 0.0135993 0.999547 -0.560657 -0.173826 0.984737 -0.00873289 0.202337 0 0 0 1 
0.508892 0.839125 -0.192085 -0.134768 -0.0494122 0.251246 0.966661 -0.782628 -0.859411 0.482435 -0.16932 -0.0313438 0 0 0 1 
0.145973 0.94557 -0.290841 -0.258721 -0.142266 0.310999 0.939702 -0.974118 -0.979006 0.0957945 -0.17992 -0.0635788 0 0 0 1 
0.0772949 0.944707 -0.318676 -0.295126 -0.165789 0.327361 0.930241 -1.0364 -0.983127 0.01907 -0.181925 -0.0698474 0 0 0 1 
0.145973 0.94557 -0.290841 -0.258721 -0.142266 0.310999 0.939702 -0.974118 -0.979006 0.0957947 -0.17992 -0.0635788 0 0 0 1 
0.402068 0.901912 -0.157782 -0.0869678 -0.0572288 0.196743 0.978783 -0.66643 -0.913819 0.384508 -0.130719 0.0144278 0 0 0 1 
0.694658 0.719231 -0.012553 0.0940734 -2.93629e-06 0.0174535 0.999848 -0.310495 -0.71934 0.694552 -0.0121263 0.184103 0 0 0 1 
0.694658 0.719231 -0.012553 0.0940734 -2.93629e-06 0.0174535 0.999848 -0.310495 -0.71934 0.694552 -0.0121263 0.184103 0 0 0 1 
0.694658 0.719231 -0.012553 0.0940734 -2.93629e-06 0.0174535 0.999848 -0.310495 -0.71934 0.694552 -0.0121263 0.184103 0 0 0 1 
0.694658 0.719231 -0.012553 0.0940734 -2.93629e-06 0.0174535 0.999848 -0.310495 -0.71934 0.694552 -0.0121263 0.184103 0 0 0 1 
0.694658 0.719231 -0.012553 0.0940734 -2.93629e-06 0.0174535 0.999848 -0.310495 -0.71934 0.694552 -0.0121263 0.184103 0 0 0 1 
0.694658 0.691475 -0.198276 0.13433 -3.17228e-06 0.275638 0.961261 -0.289578 -0.71934 0.667747 -0.191477 0.222978 0 0 0 1 
0.293587 0.945785 -0.13891 0.161624 -0.0208239 0.151607 0.988222 -0.420437 -0.955705 0.287237 -0.0642048 0.171307 0 0 0 1 
0.119899 0.987681 -0.100546 0.130856 -0.0178881 0.103409 0.994478 -0.543898 -0.992625 0.117438 -0.0300664 0.135682 0 0 0 1 
0.606022 0.766549 -0.212462 0.00662963 0.0139127 0.256842 0.966353 -0.672996 -0.795326 0.588587 -0.144987 0.105266 0 0 0 1 
0.971473 0.0576503 -0.230034 -0.138697 0.188743 0.399327 0.89717 -0.820159 -0.143581 0.914994 -0.377054 0.0101131 0 0 0 1 
0.83093 -0.545147 -0.11122 -0.215447 0.368384 0.389259 0.844257 -0.949029 0.416951 0.74249 -0.524271 -0.115598 0 0 0 1 
0.704097 -0.707538 -0.0603142 -0.230264 0.430412 0.357673 0.828743 -1.03607 0.564794 0.609476 -0.556369 -0.18152 0 0 0 1 
0.83093 -0.545147 -0.11122 -0.215447 0.368384 0.389259 0.844257 -0.949029 0.416951 0.74249 -0.524271 -0.115599 0 0 0 1 
0.694658 0.691475 -0.198276 0.13433 -3.17228e-06 0.275638 0.961261 -0.289578 -0.71934 0.667747 -0.191477 0.222978 0 0 0 1 
0.976559 0.215041 -0.00944914 0.111092 -0.0197453 0.133209 0.990891 -0.362551 -0.214341 0.967477 -0.134333 0.286443 0 0 0 1 
0.933718 -0.355641 0.0411196 0.00610841 -0.00866201 0.0923806 0.995686 -0.556045 0.357905 0.930046 -0.0831768 0.216402 0 0 0 1 
0.584982 0.740819 -0.330126 -0.108541 -0.0739985 0.454091 0.887877 -0.755345 -0.807663 0.494963 -0.320455 0.00308577 0 0 0 1 
0.1983 0.823187 -0.532016 -0.210552 -0.192393 0.564926 0.802398 -0.931303 -0.961073 0.0567594 -0.2704 -0.0451799 0 0 0 1 
0.131919 0.811749 -0.568911 -0.245431 -0.220447 0.58358 0.781561 -0.990927 -0.966437 -0.022312 -0.255933 -0.0552478 0 0 0 1 
0.1983 0.823187 -0.532015 -0.210552 -0.192393 0.564926 0.802398 -0.931303 -0.961073 0.0567596 -0.270401 -0.0451799 0 0 0 1 
0.425461 0.821582 -0.379455 -0.041164 -0.0894817 0.455435 0.885761 -0.633301 -0.900542 0.342903 -0.267287 0.0430217 0 0 0 1 
0.694658 0.691475 -0.198276 0.13433 -3.17228e-06 0.275638 0.961261 -0.289578 -0.71934 0.667747 -0.191477 0.222978 0 0 0 1 
0.694658 0.691475 -0.198276 0.13433 -3.17228e-06 0.275638 0.961261 -0.289578 -0.71934 0.667747 -0.191477 0.222978 0 0 0 1 
0.694658 0.691475 -0.198276 0.13433 -3.17228e-06 0.275638 0.961261 -0.289578 -0.71934 0.667747 -0.191477 0.222978 0 0 0 1 
0.694658 0.691475 -0.198276 0.13433 -3.17228e-06 0.275638 0.961261 -0.289578 -0.71934 0.667747 -0.191477 0.222978 0 0 0 1 
0.694658 0.691475 -0.198276 0.13433 -3.17228e-06 0.275638 0.961261 -0.289578 -0.71934 0.667747 -0.191477 0.222978 0 0 0 1 
0.694658 0.710484 0.112531 -0.588736 -2.84502e-06 -0.156433 0.987688 -0.0378921 -0.71934 0.686106 0.108666 -0.475282 0 0 0 1 
0.293587 0.915879 0.273811 -0.758715 -0.0208236 -0.280238 0.959705 -0.0435176 -0.955705 0.287459 0.0632026 -0.119631 0 0 0 1 
0.119899 0.937636 0.326287 -0.807148 -0.0178878 -0.326564 0.945006 -0.120504 -0.992625 0.119142 0.0223824 0.0147481 0 0 0 1 
0.606022 0.784519 0.131401 -0.791131 0.0139131 -0.175621 0.984359 -0.401809 -0.795326 0.594715 0.117345 -0.49787 0 0 0 1 
0.971473 0.149466 -0.184118 -0.309789 0.188743 -0.0172478 0.981875 -0.712666 -0.143581 0.988616 0.0449664 -1.00621 0 0 0 1 
0.83093 -0.447068 -0.331189 0.215757 0.368385 -0.00400996 0.929665 -0.859969 0.416951 0.894491 -0.161361 -1.05361 0 0 0 1 
0.704097 -0.615757 -0.353682 0.373002 0.430413 -0.0260805 0.902255 -0.926729 0.564794 0.787504 -0.246666 -1.0169 0 0 0 1 
0.83093 -0.447067 -0.331189 0.215757 0.368385 -0.0040098 0.929665 -0.859969 0.416951 0.894491 -0.161361 -1.05361 0 0 0 1 
0.694658 0.710484 0.112531 -0.588736 -2.84502e-06 -0.156433 0.987688 -0.0378921 -0.71934 0.686106 0.108666 -0.475282 0 0 0 1 
0.976559 0.198887 0.0823163 -0.0866733 -0.019745 -0.29804 0.954349 0.0322549 -0.214341 0.933604 0.287127 -0.650976 0 0 0 1 
0.933717 -0.339698 -0.113034 0.346415 -0.00866169 -0.33707 0.94144 -0.122133 0.357905 0.87806 0.31767 -0.660895 0 0 0 1 
0.584982 0.810927 0.0138873 -0.944293 -0.0739982 0.0363134 0.996597 -0.701795 -0.807663 0.584019 -0.0812499 -0.60715 0 0 0 1 
0.505388 0.848706 -0.155822 -1.08755 -0.0651871 0.217617 0.973855 -1.07182 -0.860426 0.482018 -0.165306 -0.592114 0 0 0 1 
0.311079 0.933158 -0.180125 -1.22041 -0.145703 0.234115 0.961229 -1.14862 -0.939149 0.272773 -0.208792 -0.375919 0 0 0 1 
0.1983 0.9709 -0.134276 -1.22496 -0.192393 0.172889 0.965968 -1.02152 -0.961073 0.165718 -0.221078 -0.236427 0 0 0 1 
0.405906 0.913902 0.00488706 -0.984996 -0.0940557 0.0364542 0.994899 -0.579837 -0.909062 0.404295 -0.100755 -0.38138 0 0 0 1 
0.694658 0.710484 0.112531 -0.588736 -2.84502e-06 -0.156433 0.987688 -0.0378921 -0.71934 0.686106 0.108666 -0.475282 0 0 0 1 
0.694658 0.710484 0.112531 -0.588736 -2.84502e-06 -0.156433 0.987688 -0.0378921 -0.71934 0.686106 0.108666 -0.475282 0 0 0 1 
0.694658 0.710484 0.112531 -0.588736 -2.84502e-06 -0.156433 0.987688 -0.0378921 -0.71934 0.686106 0.108666 -0.475282 0 0 0 1 
0.694658 0.710484 0.112531 -0.588736 -2.84502e-06 -0.156433 0.987688 -0.0378921 -0.71934 0.686106 0.108666 -0.475282 0 0 0 1 
0.694658 0.710484 0.112531 -0.588736 -2.84502e-06 -0.156433 0.987688 -0.0378921 -0.71934 0.686106 0.108666 -0.475282 0 0 0 1 
0.694659 0.691473 -0.198276 0.13433 -2.17767e-06 0.275639 0.961261 -0.289578 -0.719339 0.667748 -0.191477 0.222979 0 0 0 1 
0.293589 0.945785 -0.13891 0.161625 -0.0208231 0.151607 0.988222 -0.420437 -0.955705 0.287239 -0.0642044 0.171308 0 0 0 1 
0.119901 0.987681 -0.100546 0.130857 -0.0178874 0.10341 0.994478 -0.543898 -0.992625 0.11744 -0.0300659 0.135682 0 0 0 1 
0.606023 0.766547 -0.212462 0.00662971 0.0139138 0.256842 0.966353 -0.672997 -0.795325 0.588589 -0.144987 0.105266 0 0 0 1 
0.971473 0.0576485 -0.230035 -0.138697 0.188744 0.399327 0.89717 -0.820159 -0.143579 0.914994 -0.377054 0.0101136 0 0 0 1 
0.830929 -0.545149 -0.11122 -0.215447 0.368385 0.389259 0.844257 -0.949029 0.416952 0.742489 -0.524271 -0.115598 0 0 0 1 
0.704095 -0.707539 -0.0603144 -0.230265 0.430413 0.357672 0.828743 -1.03607 0.564795 0.609474 -0.55637 -0.18152 0 0 0 1 
0.830929 -0.545149 -0.11122 -0.215447 0.368386 0.389259 0.844257 -0.949029 0.416952 0.742489 -0.524271 -0.115598 0 0 0 1 
0.694659 0.691473 -0.198276 0.13433 -2.17767e-06 0.275639 0.961261 -0.289578 -0.719339 0.667748 -0.191477 0.222979 0 0 0 1 
0.960988 0.231514 -0.151336 0.368863 0.11754 0.153457 0.98114 -0.421283 -0.250371 0.960652 -0.120258 0.281636 0 0 0 1 
0.929504 -0.2772 -0.243275 0.493332 0.287081 0.129705 0.949084 -0.634254 0.231532 0.952017 -0.20014 0.483238 0 0 0 1 
0.069701 0.881465 -0.467076 0.349111 0.175608 0.450061 0.875561 -0.857648 -0.981989 0.14305 0.123423 -0.58614 0 0 0 1 
-0.481672 0.775063 -0.408986 -0.0724857 0.00192244 0.467625 0.883925 -1.1423 -0.876349 -0.424976 0.226732 -0.815783 0 0 0 1 
-0.587153 0.715262 -0.379013 -0.191276 -0.0199059 0.455321 0.890105 -1.24296 -0.809231 -0.530172 0.253105 -0.874758 0 0 0 1 
-0.481673 0.775062 -0.408985 -0.0724859 0.00192263 0.467625 0.883925 -1.1423 -0.876349 -0.424976 0.226732 -0.815784 0 0 0 1 
0.052408 0.890957 -0.451052 0.251832 0.047696 0.448924 0.892296 -0.711998 -0.997486 0.0682768 0.0189679 -0.328157 0 0 0 1 
0.694659 0.691473 -0.198276 0.13433 -2.17767e-06 0.275639 0.961261 -0.289578 -0.719339 0.667748 -0.191477 0.222979 0 0 0 1 
0.694659 0.691473 -0.198276 0.13433 -2.17767e-06 0.275639 0.961261 -0.289578 -0.719339 0.667748 -0.191477 0.222979 0 0 0 1 
0.694659 0.691473 -0.198276 0.13433 -2.17767e-06 0.275639 0.961261 -0.289578 -0.719339 0.667748 -0.191477 0.222979 0 0 0 1 
0.694659 0.691473 -0.198276 0.13433 -2.17767e-06 0.275639 0.961261 -0.289578 -0.719339 0.667748 -0.191477 0.222979 0 0 0 1 
0.694659 0.691473 -0.198276 0.13433 -2.17767e-06 0.275639 0.961261 -0.289578 -0.719339 0.667748 -0.191477 0.222979 0 0 0 1 
0.982893 0.149942 0.106948 -0.57501 -0.00957764 -0.53829 0.842705 0.323582 -0.183926 0.829314 0.527645 -1.92209 0 0 0 1 
0.619561 0.777131 0.110507 -0.722417 0.204088 -0.295423 0.933313 -0.517465 -0.757953 0.555691 0.341635 -0.940145 0 0 0 1 
0.240017 0.970246 0.0318625 -0.279115 0.239858 -0.0910758 0.966526 -0.870564 -0.94067 0.22434 0.254581 -0.444596 0 0 0 1 
0.50588 0.86197 0.0330552 -0.232068 0.282303 -0.201647 0.937893 -0.883252 -0.815101 0.46513 0.345346 -0.538437 0 0 0 1 
0.885208 0.465191 -0.00167289 -0.53622 0.227881 -0.430491 0.873354 -0.430922 -0.405557 0.773482 0.487082 -0.750411 0 0 0 1 
0.9954 0.0478544 -0.0829969 -0.86033 0.0954987 -0.564787 0.819692 0.0719599 0.00764964 0.823848 0.566759 -1.06602 0 0 0 1 
0.993059 -0.0227441 -0.115398 -1.02215 0.0807509 -0.581523 0.809512 0.108789 0.0855185 0.813212 0.575649 -1.12943 0 0 0 1 
0.9954 0.0478546 -0.0829967 -0.86033 0.0954987 -0.564787 0.819692 0.0719599 0.00764954 0.823848 0.566759 -1.06602 0 0 0 1 
0.982893 0.149942 0.106948 -0.57501 -0.00957758 -0.53829 0.842705 0.323582 -0.183926 0.829314 0.527645 -1.92209 0 0 0 1 
0.865309 0.195246 -0.461648 1.03137 0.495304 -0.474366 0.727771 -0.403047 0.0768957 0.858403 0.507179 -1.21135 0 0 0 1 
0.469857 0.35537 -0.80805 1.86084 0.852805 -0.419108 0.311562 -0.416102 0.22794 0.8355 0.499983 -0.511227 0 0 0 1 
0.395046 0.909523 0.129252 -1.15988 0.875323 -0.41537 0.247544 -0.735533 -0.278834 -0.0153458 0.960216 -3.05073 0 0 0 1 
0.13356 0.854391 0.502173 -2.61148 0.832911 -0.371361 0.410305 -1.50619 -0.537048 -0.363465 0.761231 -2.27359 0 0 0 1 
-0.206936 0.591825 0.779051 -2.57347 0.853531 -0.279989 0.439421 -1.77174 -0.478186 -0.755876 0.447202 -1.65505 0 0 0 1 
-0.28922 0.440328 0.849978 -2.15823 0.827348 -0.331646 0.453328 -1.58155 -0.481504 -0.83434 0.268386 -1.3872 0 0 0 1 
0.336825 0.718444 0.608594 -1.78207 0.495858 -0.684817 0.533994 -0.404074 -0.800421 -0.121914 0.58691 -1.44941 0 0 0 1 
0.982893 0.149942 0.106948 -0.57501 -0.00957764 -0.53829 0.842705 0.323582 -0.183926 0.829314 0.527645 -1.92209 0 0 0 1 
0.982893 0.149942 0.106948 -0.57501 -0.00957764 -0.53829 0.842705 0.323582 -0.183926 0.829314 0.527645 -1.92209 0 0 0 1 
0.982893 0.149942 0.106948 -0.57501 -0.00957764 -0.53829 0.842705 0.323582 -0.183926 0.829314 0.527645 -1.92209 0 0 0 1 
0.982893 0.149942 0.106948 -0.57501 -0.00957764 -0.53829 0.842705 0.323582 -0.183926 0.829314 0.527645 -1.92209 0 0 0 1 
0.982893 0.149942 0.106948 -0.57501 -0.00957764 -0.53829 0.842705 0.323582 -0.183926 0.829314 0.527645 -1.92209 0 0 0 1 
0.728555 0.353444 0.586758 0.282199 0.503662 -0.856976 -0.109164 -1.47304 -0.464254 -0.37506 0.80237 0.060867 0 0 0 1 
0.106806 0.35318 0.929438 1.61193 0.549685 -0.799915 0.240795 -1.51659 -0.828516 -0.485179 0.279573 0.0950594 0 0 0 1 
-0.313549 0.342366 0.885704 2.3647 0.463638 -0.758804 0.457446 -1.26968 -0.82869 -0.554078 -0.0791889 -0.321474 0 0 0 1 
-0.0281508 0.451985 0.891581 2.17621 0.538497 -0.744589 0.394471 -1.50114 -0.842156 -0.491219 0.222432 0.263414 0 0 0 1 
0.496277 0.529355 0.688107 0.954116 0.587021 -0.788557 0.183258 -1.58997 -0.639621 -0.312986 0.702086 0.964041 0 0 0 1 
0.794518 0.498017 0.347448 -0.393605 0.524592 -0.85111 0.0203458 -1.41565 -0.305849 -0.166103 0.937478 0.892205 0 0 0 1 
0.827584 0.494714 0.26526 -0.744245 0.51066 -0.859722 0.0101881 -1.38795 -0.23309 -0.127026 0.964123 0.812862 0 0 0 1 
0.794518 0.498017 0.347448 -0.393605 0.524592 -0.85111 0.020346 -1.41565 -0.305849 -0.166103 0.937478 0.892205 0 0 0 1 
0.728555 0.353443 0.586758 0.282199 0.503662 -0.856976 -0.109164 -1.47304 -0.464254 -0.37506 0.80237 0.0608671 0 0 0 1 
0.396313 0.793003 0.46269 2.45037 0.878716 -0.473664 0.0591541 -1.91871 -0.266069 -0.383129 0.884544 1.04613 0 0 0 1 
-0.103626 0.948988 0.297797 3.69575 0.984539 0.0553579 0.166187 -1.28145 -0.141224 -0.310414 0.940053 1.7803 0 0 0 1 
0.0531712 0.720081 0.69185 0.328784 0.9775 -0.179157 0.111343 -1.31096 -0.204125 -0.670362 0.713405 -2.86999 0 0 0 1 
0.310027 0.92782 0.207443 -3.36219 0.779118 -0.372988 0.50384 -1.29243 -0.544847 -0.00541887 0.838518 -2.50294 0 0 0 1 
-0.209816 0.58561 0.782968 -2.55758 0.854329 -0.279638 0.43809 -1.77515 -0.475498 -0.760831 0.441631 -1.66207 0 0 0 1 
-0.384386 -0.156261 0.909851 -1.34865 0.901703 -0.274863 0.333738 -1.91665 -0.197934 -0.948701 -0.246554 -2.4247 0 0 0 1 
0.0461167 0.0540691 0.997472 -0.150493 0.816729 -0.576985 -0.00648426 -1.75044 -0.575175 -0.814963 0.0707684 -1.83592 0 0 0 1 
0.728555 0.353444 0.586758 0.282199 0.503662 -0.856976 -0.109164 -1.47304 -0.464254 -0.37506 0.80237 0.060867 0 0 0 1 
0.728555 0.353444 0.586758 0.282199 0.503662 -0.856976 -0.109164 -1.47304 -0.464254 -0.37506 0.80237 0.060867 0 0 0 1 
0.728555 0.353444 0.586758 0.282199 0.503662 -0.856976 -0.109164 -1.47304 -0.464254 -0.37506 0.80237 0.060867 0 0 0 1 
0.728555 0.353444 0.586758 0.282199 0.503662 -0.856976 -0.109164 -1.47304 -0.464254 -0.37506 0.80237 0.060867 0 0 0 1 
0.728555 0.353444 0.586758 0.282199 0.503662 -0.856976 -0.109164 -1.47304 -0.464254 -0.37506 0.80237 0.060867 0 0 0 1 
0.648351 0.366768 0.667174 0.73326 0.569475 -0.815244 -0.105242 -1.73199 -0.50531 -0.448173 0.73743 0.123022 0 0 0 1 
-0.0120923 0.361794 0.932179 2.06238 0.649308 -0.706119 0.28248 -1.85331 -0.76043 -0.608687 0.226377 -0.210673 0 0 0 1 
-0.428553 0.294883 0.854041 2.75873 0.586038 -0.628715 0.511152 -1.68501 -0.687679 -0.719556 -0.096625 -0.815988 0 0 0 1 
-0.169598 0.457176 0.873056 2.67255 0.650419 -0.613629 0.447676 -1.87824 -0.7404 -0.643777 0.193286 -0.110879 0 0 0 1 
0.35941 0.599695 0.714976 1.49203 0.6905 -0.686285 0.228523 -1.93804 -0.627721 -0.411557 0.660747 0.882415 0 0 0 1 
0.697802 0.585445 0.412706 0.0588581 0.624535 -0.779415 0.0496787 -1.76771 -0.350754 -0.223084 0.909508 1.03273 0 0 0 1 
0.736736 0.588516 0.332968 -0.311994 0.612962 -0.789169 0.0385855 -1.75022 -0.285476 -0.175669 0.942148 0.989527 0 0 0 1 
0.697802 0.585445 0.412707 0.0588585 0.624535 -0.779415 0.0496788 -1.76771 -0.350754 -0.223084 0.909508 1.03273 0 0 0 1 
0.648351 0.366768 0.667174 0.733259 0.569475 -0.815243 -0.105242 -1.73199 -0.50531 -0.448173 0.73743 0.123022 0 0 0 1 
0.171903 0.879653 0.443464 3.22352 0.953893 -0.261069 0.148091 -2.12382 -0.246043 -0.39756 0.883973 0.975642 0 0 0 1 
-0.361643 0.911257 0.19704 4.49324 0.916995 0.309508 0.251643 -0.972274 -0.168326 -0.271689 0.94755 1.88031 0 0 0 1 
0.110797 0.34714 0.931245 0.730248 0.602084 -0.76894 0.215003 0.558997 -0.790708 -0.536866 0.294204 -1.51548 0 0 0 1 
0.645071 0.15606 0.748016 -3.25966 -0.0609886 -0.965283 0.253984 1.65618 -0.761684 0.209458 0.613159 -2.20833 0 0 0 1 
-0.174957 0.213576 0.961132 -2.18779 -0.00708334 -0.976436 0.215687 1.35148 -0.98455 -0.0309282 -0.172348 -1.23014 0 0 0 1 
-0.803167 -0.0176014 0.595493 -0.429157 0.161048 -0.968763 0.188577 0.900706 -0.573572 -0.247362 -0.780914 -2.33173 0 0 0 1 
-0.259055 -0.225109 0.939264 1.01051 0.471246 -0.878318 -0.0805295 -0.458017 -0.8431 -0.421763 -0.333614 -1.76803 0 0 0 1 
0.648351 0.366768 0.667174 0.73326 0.569475 -0.815244 -0.105242 -1.73199 -0.50531 -0.448173 0.73743 0.123022 0 0 0 1 
0.648351 0.366768 0.667174 0.73326 0.569475 -0.815244 -0.105242 -1.73199 -0.50531 -0.448173 0.73743 0.123022 0 0 0 1 
0.648351 0.366768 0.667174 0.73326 0.569475 -0.815244 -0.105242 -1.73199 -0.50531 -0.448173 0.73743 0.123022 0 0 0 1 
0.648351 0.366768 0.667174 0.73326 0.569475 -0.815244 -0.105242 -1.73199 -0.50531 -0.448173 0.73743 0.123022 0 0 0 1 
0.648351 0.366768 0.667174 0.73326 0.569475 -0.815244 -0.105242 -1.73199 -0.50531 -0.448173 0.73743 0.123022 0 0 0 1 
0.694659 0.691473 -0.198276 0.13433 -2.23937e-06 0.275638 0.961261 -0.289579 -0.719339 0.667748 -0.191476 0.222979 0 0 0 1 
0.344461 0.932707 -0.106787 0.133961 -0.172454 0.174678 0.969406 -0.471056 -0.922825 0.315507 -0.221019 0.460596 0 0 0 1 
0.231968 0.970153 -0.0706688 0.139657 -0.31091 0.142787 0.939653 -0.606635 -0.921697 0.195997 -0.334752 0.693079 0 0 0 1 
0.808552 0.582729 0.081678 -0.35715 -0.303146 0.29355 0.906604 -0.738055 -0.504328 0.757796 -0.414002 0.677802 0 0 0 1 
0.920886 -0.317269 0.226515 -0.856186 -0.104997 0.357722 0.927907 -1.00921 0.375425 0.87828 -0.296109 0.138843 0 0 0 1 
0.432512 -0.879665 0.197795 -0.856626 0.0305197 0.233533 0.97187 -1.29512 0.901111 0.414309 -0.127853 -0.471301 0 0 0 1 
0.187426 -0.971177 0.147263 -0.773016 0.0279212 0.155126 0.9875 -1.45455 0.981882 0.180972 -0.0561911 -0.723053 0 0 0 1 
0.432511 -0.879665 0.197795 -0.856627 0.0305192 0.233533 0.97187 -1.29512 0.901112 0.414308 -0.127852 -0.471303 0 0 0 1 
0.694659 0.691473 -0.198276 0.13433 -2.23937e-06 0.275638 0.961261 -0.289579 -0.719339 0.667748 -0.191476 0.222979 0 0 0 1 
0.965205 0.256661 -0.0500439 0.164004 0.0176626 0.12695 0.991752 -0.343054 -0.260898 0.958127 -0.117999 0.236788 0 0 0 1 
0.933717 -0.355642 0.0411192 0.00610787 -0.00866137 0.092381 0.995686 -0.556045 0.357907 0.930045 -0.0831774 0.216403 0 0 0 1 
0.584983 0.740817 -0.330127 -0.10854 -0.0739972 0.454092 0.887877 -0.755345 -0.807662 0.494964 -0.320455 0.00308663 0 0 0 1 
0.198301 0.823186 -0.532016 -0.210551 -0.192392 0.564927 0.802398 -0.931304 -0.961073 0.056761 -0.2704 -0.0451796 0 0 0 1 
0.13192 0.811749 -0.568912 -0.24543 -0.220446 0.58358 0.781561 -0.990925 -0.966437 -0.0223104 -0.255933 -0.0552478 0 0 0 1 
0.198301 0.823186 -0.532016 -0.210551 -0.192392 0.564927 0.802398 -0.931302 -0.961073 0.0567612 -0.2704 -0.0451796 0 0 0 1 
0.425463 0.821581 -0.379455 -0.0411647 -0.0894804 0.455435 0.885761 -0.633301 -0.900541 0.342904 -0.267286 0.0430215 0 0 0 1 
0.694659 0.691473 -0.198276 0.13433 -2.23937e-06 0.275638 0.961261 -0.289579 -0.719339 0.667748 -0.191476 0.222979 0 0 0 1 
0.694659 0.691473 -0.198276 0.13433 -2.23937e-06 0.275638 0.961261 -0.289579 -0.719339 0.667748 -0.191476 0.222979 0 0 0 1 
0.694659 0.691473 -0.198276 0.13433 -2.23937e-06 0.275638 0.961261 -0.289579 -0.719339 0.667748 -0.191476 0.222979 0 0 0 1 
0.694659 0.691473 -0.198276 0.13433 -2.23937e-06 0.275638 0.961261 -0.289579 -0.719339 0.667748 -0.191476 0.222979 0 0 0 1 
0.694659 0.691473 -0.198276 0.13433 -2.23937e-06 0.275638 0.961261 -0.289579 -0.719339 0.667748 -0.191476 0.222979 0 0 0 1 
0.885961 0.310718 0.344279 -0.145178 -0.203642 -0.406312 0.890752 -0.204203 -0.416657 0.859281 0.296702 -0.064336 0 0 0 1 
0.291743 0.747279 0.597042 -0.933226 -0.644561 -0.307588 0.69995 -0.674348 -0.706701 0.589036 -0.391931 0.972447 0 0 0 1 
-0.2442 0.847392 0.471479 -1.48427 -0.852804 -0.41911 0.311563 -0.352777 -0.461618 0.325996 -0.825006 2.20546 0 0 0 1 
0.13778 0.191964 0.971682 -2.72468 -0.946148 -0.264653 0.186444 -0.53038 -0.29295 0.945044 -0.145162 0.558994 0 0 0 1 
0.329208 -0.32445 0.886766 -2.92805 -0.924981 -0.299594 0.23378 -1.11195 -0.189819 0.897204 0.398739 -1.95074 0 0 0 1 
0.476243 -0.800653 0.363521 -1.06859 -0.860423 -0.339091 0.38038 -1.72561 0.181286 0.493936 0.85039 -3.30217 0 0 0 1 
0.418304 -0.870364 0.259784 -0.575393 -0.865609 -0.295327 0.404355 -1.96485 0.275215 0.394014 0.876932 -3.52987 0 0 0 1 
0.517817 -0.781581 0.347845 -0.979033 -0.81652 -0.330206 0.473561 -1.79151 0.255265 0.52924 0.809162 -3.12331 0 0 0 1 
0.885961 0.310718 0.344279 -0.145178 -0.203642 -0.406312 0.890752 -0.204203 -0.416657 0.859281 0.296702 -0.064336 0 0 0 1 
0.918913 0.320553 0.22988 -0.376837 -0.175104 -0.19072 0.965901 -0.491823 -0.353465 0.927831 0.119125 -0.275167 0 0 0 1 
0.93172 0.258064 0.255538 -0.636117 -0.239858 -0.0910766 0.966526 -0.83827 -0.2727 0.961825 0.0229591 -1.10675 0 0 0 1 
0.374417 0.789245 0.486728 -1.7534 -0.22788 -0.430492 0.873354 -0.560741 -0.898823 0.437914 -0.0186704 -0.590579 0 0 0 1 
-0.0423825 0.825016 0.563518 -2.30848 -0.095498 -0.564787 0.819692 -0.203775 -0.994526 0.0190743 -0.102724 -0.340712 0 0 0 1 
-0.148611 0.812549 0.56363 -2.47131 -0.0688876 -0.57708 0.813777 -0.170825 -0.986493 -0.0821089 -0.141735 -0.234115 0 0 0 1 
-0.0423821 0.825016 0.563517 -2.30847 -0.095498 -0.564787 0.819692 -0.203774 -0.994527 0.0190745 -0.102724 -0.340713 0 0 0 1 
0.442709 0.725402 0.527067 -1.33387 -0.167994 -0.510298 0.84343 -0.218095 -0.880787 0.461938 0.104051 -0.544449 0 0 0 1 
0.885961 0.310718 0.344279 -0.145178 -0.203642 -0.406312 0.890752 -0.204203 -0.416657 0.859281 0.296702 -0.064336 0 0 0 1 
0.885961 0.310718 0.344279 -0.145178 -0.203642 -0.406312 0.890752 -0.204203 -0.416657 0.859281 0.296702 -0.064336 0 0 0 1 
0.885961 0.310718 0.344279 -0.145178 -0.203642 -0.406312 0.890752 -0.204203 -0.416657 0.859281 0.296702 -0.064336 0 0 0 1 
0.885961 0.310718 0.344279 -0.145178 -0.203642 -0.406312 0.890752 -0.204203 -0.416657 0.859281 0.296702 -0.064336 0 0 0 1 
0.885961 0.310718 0.344279 -0.145178 -0.203642 -0.406312 0.890752 -0.204203 -0.416657 0.859281 0.296702 -0.064336 0 0 0 1 
0.707274 -0.691762 -0.145698 -0.12286 -0.70233 -0.711073 -0.0332625 -1.95345 0.0805927 -0.125854 0.988769 2.61652 0 0 0 1 
0.431976 -0.684787 0.586909 0.661545 -0.900815 -0.359298 0.243798 -1.64943 -0.0439257 0.634012 0.772075 3.5589 0 0 0 1 
0.144755 -0.277107 0.949872 0.8699 -0.984539 0.0553545 0.166187 -1.21813 0.0986313 0.959243 0.26481 3.95928 0 0 0 1 
0.0841712 -0.686912 0.72185 -2.2979 -0.977401 0.0840576 0.193959 -0.907274 0.19391 0.721863 0.664314 2.64512 0 0 0 1 
0.154559 -0.859647 0.486947 -3.22933 -0.981587 -0.0776192 0.174532 -1.49694 0.112239 0.504957 0.855816 -0.472048 0 0 0 1 
0.58507 -0.54738 0.598387 -0.822569 -0.809949 -0.35717 0.4652 -1.51301 0.0409153 0.756838 0.652321 -4.04791 0 0 0 1 
0.335726 -0.936196 0.104044 -0.853883 -0.886171 -0.276462 0.371846 -2.05982 0.319357 0.217039 0.922445 -3.22683 0 0 0 1 
0.0478098 -0.871565 -0.487942 -2.77101 -0.931171 -0.215654 0.293964 -2.32782 0.361435 -0.440303 0.821887 -1.99924 0 0 0 1 
0.707274 -0.691762 -0.145698 -0.12286 -0.70233 -0.711073 -0.0332625 -1.95345 0.0805927 -0.125854 0.988769 2.61652 0 0 0 1 
0.809849 -0.574333 -0.119523 -0.157567 -0.544522 -0.811746 0.211103 -1.50041 0.218266 0.105879 0.970128 2.58145 0 0 0 1 
0.839128 -0.54179 -0.0482321 -0.420808 -0.463636 -0.758805 0.457445 -1.23739 0.284438 0.361493 0.887929 1.53116 0 0 0 1 
0.621913 -0.294322 0.725671 0.0120146 -0.587019 -0.788559 0.183258 -1.71979 -0.518297 0.539953 0.663187 0.839023 0 0 0 1 
0.277938 -0.148623 0.949032 -0.335157 -0.52459 -0.851112 0.0203456 -1.69139 -0.804708 0.503507 0.314522 0.0573959 0 0 0 1 
0.181391 -0.0832079 0.979884 -0.516324 -0.495437 -0.868458 0.017967 -1.64472 -0.849493 0.48873 0.198755 -0.107521 0 0 0 1 
0.277938 -0.148623 0.949032 -0.335156 -0.52459 -0.851112 0.0203459 -1.69139 -0.804708 0.503507 0.314522 0.0573959 0 0 0 1 
0.612146 -0.512164 0.602466 0.234972 -0.633088 -0.77394 -0.0146768 -1.86446 -0.47379 0.37243 0.798009 1.12895 0 0 0 1 
0.707274 -0.691762 -0.145698 -0.12286 -0.70233 -0.711073 -0.0332625 -1.95345 0.0805927 -0.125854 0.988769 2.61652 0 0 0 1 
0.707274 -0.691762 -0.145698 -0.12286 -0.70233 -0.711073 -0.0332625 -1.95345 0.0805927 -0.125854 0.988769 2.61652 0 0 0 1 
0.707274 -0.691762 -0.145698 -0.12286 -0.70233 -0.711073 -0.0332625 -1.95345 0.0805927 -0.125854 0.988769 2.61652 0 0 0 1 
0.707274 -0.691762 -0.145698 -0.12286 -0.70233 -0.711073 -0.0332625 -1.95345 0.0805927 -0.125854 0.988769 2.61652 0 0 0 1 
0.707274 -0.691762 -0.145698 -0.12286 -0.70233 -0.711073 -0.0332625 -1.95345 0.0805927 -0.125854 0.988769 2.61652 0 0 0 1 
0.642196 -0.726916 -0.243263 -0.540247 -0.75017 -0.661229 -0.00451422 -2.1005 0.157571 -0.185387 0.969949 2.89677 0 0 0 1 
0.32909 -0.741155 0.585139 0.293976 -0.931358 -0.152521 0.33062 -1.68756 0.155795 0.653778 0.740474 4.24395 0 0 0 1 
0.180844 -0.239723 0.953849 0.997672 -0.916996 0.309504 0.251642 -0.908949 0.355545 0.920184 0.163853 4.7528 0 0 0 1 
0.483045 -0.709676 0.51286 -1.18228 -0.858081 -0.267114 0.438574 0.162889 0.174253 0.651927 0.737988 2.7421 0 0 0 1 
0.753057 -0.657554 0.0229386 -1.94517 -0.629578 -0.710013 0.315458 0.374343 0.191144 0.252 0.948662 0.112604 0 0 0 1 
0.994831 0.0362072 0.0948637 -0.490994 0.0129062 -0.971775 0.235557 1.41877 -0.100715 0.233115 0.967219 -3.7541 0 0 0 1 
0.833881 -0.110547 -0.540761 -0.56336 -0.0286473 -0.987085 0.157613 1.07372 0.5512 0.115939 0.826278 -2.49208 0 0 0 1 
0.310854 -0.264095 -0.913029 -2.85347 -0.2361 -0.951967 0.194975 0.424092 0.920666 -0.154958 0.358276 -0.898437 0 0 0 1 
0.642196 -0.726916 -0.243263 -0.540247 -0.75017 -0.661229 -0.00451422 -2.1005 0.157571 -0.185387 0.969949 2.89677 0 0 0 1 
0.655693 -0.744127 -0.127833 -0.682379 -0.700263 -0.66266 0.265544 -2.0484 0.282308 0.0845988 0.955586 2.80457 0 0 0 1 
0.702217 -0.708825 -0.0667627 -0.90127 -0.586036 -0.628717 0.511151 -1.65272 0.404292 0.319814 0.856893 1.9422 0 0 0 1 
0.614797 -0.390378 0.685295 -0.0507927 -0.690499 -0.686286 0.228523 -2.06786 -0.381098 0.61369 0.691482 1.37945 0 0 0 1 
0.32619 -0.202518 0.923356 -0.178926 -0.624533 -0.779417 0.0496783 -2.04345 -0.709618 0.592871 0.380717 0.50468 0 0 0 1 
0.240898 -0.125916 0.962348 -0.306836 -0.598753 -0.799654 0.0452532 -2.01219 -0.763847 0.58711 0.268028 0.306118 0 0 0 1 
0.32619 -0.202518 0.923356 -0.178925 -0.624533 -0.779417 0.0496786 -2.04345 -0.709618 0.592871 0.380717 0.504681 0 0 0 1 
0.603114 -0.591567 0.535072 0.106023 -0.707223 -0.706816 0.0157125 -2.11509 -0.368903 0.387892 0.84466 1.60763 0 0 0 1 
0.642196 -0.726916 -0.243263 -0.540247 -0.75017 -0.661229 -0.00451422 -2.1005 0.157571 -0.185387 0.969949 2.89677 0 0 0 1 
0.642196 -0.726916 -0.243263 -0.540247 -0.75017 -0.661229 -0.00451422 -2.1005 0.157571 -0.185387 0.969949 2.89677 0 0 0 1 
0.642196 -0.726916 -0.243263 -0.540247 -0.75017 -0.661229 -0.00451422 -2.1005 0.157571 -0.185387 0.969949 2.89677 0 0 0 1 
0.642196 -0.726916 -0.243263 -0.540247 -0.75017 -0.661229 -0.00451422 -2.1005 0.157571 -0.185387 0.969949 2.89677 0 0 0 1 
0.642196 -0.726916 -0.243263 -0.540247 -0.75017 -0.661229 -0.00451422 -2.1005 0.157571 -0.185387 0.969949 2.89677 0 0 0 1 
0.992878 0.118965 -0.00627678 0.281546 -0.0160252 0.185584 0.982498 -0.27245 -0.118047 0.9754 -0.186169 0.382345 0 0 0 1 
0.853023 0.518819 0.0563748 0.326081 -0.186036 0.201376 0.961685 -0.407592 -0.487588 0.830827 -0.268298 0.68304 0 0 0 1 
0.706748 0.705574 0.0516953 0.363196 -0.258979 0.190025 0.947006 -0.510565 -0.658359 0.682683 -0.317029 0.831234 0 0 0 1 
0.843296 0.535586 -0.0447074 0.0336394 -0.10364 0.243679 0.964302 -0.639581 -0.527362 0.808559 -0.261002 0.719303 0 0 0 1 
0.964695 0.178148 -0.193975 -0.295202 0.148273 0.241335 0.959048 -0.821276 -0.217665 0.95395 -0.2064 -0.0665818 0 0 0 1 
0.942014 -0.118972 -0.313776 -0.0906681 0.330762 0.171413 0.928016 -0.983961 0.0566226 0.977989 -0.200825 -0.971998 0 0 0 1 
0.916708 -0.180899 -0.35626 0.0601522 0.383789 0.150645 0.91105 -1.08966 0.111139 0.971896 -0.207525 -1.29585 0 0 0 1 
0.942014 -0.118972 -0.313776 -0.090668 0.330762 0.171414 0.928016 -0.983962 0.0566224 0.977989 -0.200825 -0.971998 0 0 0 1 
0.992878 0.118965 -0.00627678 0.281546 -0.0160252 0.185584 0.982498 -0.27245 -0.118047 0.9754 -0.186169 0.382345 0 0 0 1 
0.970216 0.16762 -0.174884 0.871645 0.165506 0.0684819 0.983828 -0.346517 -0.176886 0.98347 -0.0387001 0.496743 0 0 0 1 
0.88682 0.30113 -0.350529 0.735076 0.3602 0.0247502 0.932547 -0.357902 -0.289493 0.953262 0.0865179 0.123821 0 0 0 1 
0.54923 0.804356 -0.226623 -0.0649552 -0.00367494 0.273509 0.961862 -0.751263 -0.835663 0.527451 -0.153175 -0.30372 0 0 0 1 
0.486659 0.844676 -0.2229 -0.840675 -0.119685 0.317214 0.940771 -1.02533 -0.865354 0.431157 -0.25547 -0.226599 0 0 0 1 
0.285529 0.929569 -0.23318 -1.02485 -0.201749 0.296158 0.933588 -1.0941 -0.936894 0.219523 -0.272102 -0.106273 0 0 0 1 
0.241223 0.946584 -0.213984 -0.917131 -0.224752 0.268991 0.936552 -0.985777 -0.944085 0.177825 -0.277634 -0.0397664 0 0 0 1 
0.684399 0.721058 -0.108039 -0.431511 -0.127979 0.264685 0.955805 -0.606811 -0.717788 0.640325 -0.27343 0.0715556 0 0 0 1 
0.992878 0.118965 -0.00627678 0.281546 -0.0160252 0.185584 0.982498 -0.27245 -0.118047 0.9754 -0.186169 0.382345 0 0 0 1 
0.992878 0.118965 -0.00627678 0.281546 -0.0160252 0.185584 0.982498 -0.27245 -0.118047 0.9754 -0.186169 0.382345 0 0 0 1 
0.992878 0.118965 -0.00627678 0.281546 -0.0160252 0.185584 0.982498 -0.27245 -0.118047 0.9754 -0.186169 0.382345 0 0 0 1 
0.992878 0.118965 -0.00627678 0.281546 -0.0160252 0.185584 0.982498 -0.27245 -0.118047 0.9754 -0.186169 0.382345 0 0 0 1 
0.992878 0.118965 -0.00627678 0.281546 -0.0160252 0.185584 0.982498 -0.27245 -0.118047 0.9754 -0.186169 0.382345 0 0 0 1 
0.766091 0.642447 -0.0191432 0.0560586 0.252448 -0.273376 0.928189 -0.81111 -0.591079 0.71591 0.371616 0.859644 0 0 0 1 
0.742151 0.670213 -0.00498938 -0.146288 0.265101 -0.286703 0.92061 -1.18024 -0.615575 0.684555 0.390451 0.655155 0 0 0 1 
0.752111 0.658713 -0.0206401 -0.339598 0.288577 -0.301015 0.908908 -1.45748 -0.592496 0.689556 0.416486 0.579892 0 0 0 1 
0.854645 0.51872 0.0225883 -0.135328 0.246173 -0.443132 0.861993 -1.44074 -0.457143 0.731138 0.506416 0.753618 0 0 0 1 
0.948573 0.315669 0.0237224 0.002159 0.170366 -0.572229 0.802202 -1.28142 -0.266805 0.756906 0.59658 1.08097 0 0 0 1 
0.987737 0.154746 -0.020695 -0.0783223 0.113864 -0.623332 0.773623 -1.13555 -0.106815 0.766493 0.633308 1.32252 0 0 0 1 
0.995605 0.0841928 -0.0410066 -0.138005 0.0859466 -0.647576 0.757138 -1.13488 -0.0371906 0.757335 0.651967 1.38111 0 0 0 1 
0.987737 0.154746 -0.0206949 -0.0783221 0.113864 -0.623332 0.773623 -1.13555 -0.106815 0.766493 0.633308 1.32252 0 0 0 1 
0.766091 0.642447 -0.0191432 0.0560586 0.252448 -0.273376 0.928189 -0.81111 -0.591079 0.71591 0.371616 0.859644 0 0 0 1 
0.789499 0.613193 -0.02617 0.207088 0.276062 -0.316707 0.907461 -0.806401 -0.548161 0.723665 0.41932 1.34801 0 0 0 1 
0.856443 0.512676 -0.0605674 0.06847 0.295122 -0.389965 0.872256 -0.982121 -0.423565 0.764912 0.485285 1.77404 0 0 0 1 
0.93532 0.350752 0.0463507 -0.00891542 0.180054 -0.584668 0.79104 -1.47592 -0.304558 0.73153 0.610006 0.994064 0 0 0 1 
0.965112 0.253789 -0.0644227 -0.52378 0.209919 -0.602899 0.769706 -1.93309 -0.156502 0.756376 0.63514 0.526607 0 0 0 1 
0.972092 0.212883 -0.0985721 -0.640095 0.212537 -0.621287 0.754209 -2.05479 -0.0993169 0.754111 0.649194 0.44097 0 0 0 1 
0.967134 0.244348 -0.070332 -0.538208 0.208867 -0.605702 0.767789 -1.93524 -0.145007 0.757245 0.636831 0.512871 0 0 0 1 
0.903139 0.429265 0.00848296 -0.197927 0.222876 -0.485617 0.845282 -1.41695 -0.366969 0.761517 0.534252 0.716851 0 0 0 1 
0.766091 0.642447 -0.0191432 0.0560584 0.252448 -0.273376 0.928189 -0.81111 -0.591079 0.71591 0.371616 0.859644 0 0 0 1 
0.766091 0.642447 -0.0191429 0.0560592 0.252448 -0.273377 0.928189 -0.81111 -0.591079 0.71591 0.371616 0.859644 0 0 0 1 
0.766091 0.642447 -0.0191429 0.0560592 0.252448 -0.273377 0.928189 -0.81111 -0.591079 0.71591 0.371616 0.859644 0 0 0 1 
0.766091 0.642447 -0.0191429 0.0560592 0.252448 -0.273377 0.928189 -0.81111 -0.591079 0.71591 0.371616 0.859644 0 0 0 1 
0.766091 0.642447 -0.0191429 0.0560592 0.252448 -0.273377 0.928189 -0.81111 -0.591079 0.71591 0.371616 0.859644 0 0 0 1 
0.75176 0.585697 -0.30301 -1.22894 0.315493 0.0840525 0.945197 -0.897489 -0.579068 0.80616 0.121596 -0.33685 0 0 0 1 
0.697064 0.46113 -0.549055 -2.56286 0.385201 0.405023 0.829202 -1.92166 -0.604749 0.789503 -0.104699 -1.68039 0 0 0 1 
0.685944 0.336658 -0.64509 -3.07533 0.43116 0.526096 0.733023 -2.65157 -0.586158 0.78095 -0.215719 -2.38246 0 0 0 1 
0.80168 0.265999 -0.535307 -2.59564 0.398642 0.429388 0.810377 -2.0818 -0.445414 0.863059 -0.238193 -2.74663 0 0 0 1 
0.921922 0.195291 -0.334546 -1.59714 0.303358 0.173098 0.937022 -1.00263 -0.240901 0.965349 -0.10034 -2.23432 0 0 0 1 
0.974579 0.0957455 -0.202555 -0.891113 0.210977 -0.0879581 0.973525 -0.459252 -0.0753944 0.991512 0.105922 -1.21733 0 0 0 1 
0.984178 0.0308169 -0.17448 -0.72989 0.177129 -0.147372 0.973091 -0.368217 -0.00427429 0.988601 0.150499 -1.04191 0 0 0 1 
0.974579 0.0957458 -0.202555 -0.891113 0.210977 -0.0879583 0.973525 -0.459252 -0.0753946 0.991512 0.105922 -1.21733 0 0 0 1 
0.75176 0.585697 -0.30301 -1.22894 0.315493 0.0840525 0.945198 -0.897489 -0.579068 0.80616 0.121596 -0.33685 0 0 0 1 
0.786545 0.60494 -0.124069 -0.241303 0.297764 -0.195514 0.934404 -0.737879 -0.541001 0.771894 0.333911 0.931249 0 0 0 1 
