j
1
29
root
Pelvis
Spine
Spine1
Neck
LClavicle
LUpperArm
LForearm
LHand
RClavicle
RUpperArm
RForearm
RHand
Head
HeadNub@
LThigh
LCalf
LFoot
LToe0
LToe0Nub@
RThigh
RCalf
RFoot
RToe0
RToe0Nub@
Tail
Tail1
Tail2
TailNub@
attack1
11
25
0.694659 0.697972 0.174024 0.336809 -2.30525e-08 -0.241922 0.970296 -0.361438 -0.719339 0.674024 0.168053 0.418515 0 0 0 1 
0.694659 0.697972 0.174024 0.336809 -2.30525e-08 -0.241922 0.970296 -0.480384 -0.719339 0.674024 0.168053 0.418515 0 0 0 1 
0.694659 0.697972 0.174024 0.336809 -2.30525e-08 -0.241922 0.970296 -0.599672 -0.719339 0.674024 0.168053 0.418515 0 0 0 1 
0.694659 0.697972 0.174024 0.336809 -2.30525e-08 -0.241922 0.970296 -0.730417 -0.719339 0.674024 0.168053 0.418515 0 0 0 1 
0.694659 0.697972 0.174024 0.336809 -2.30525e-08 -0.241922 0.970296 -0.861465 -0.719339 0.674024 0.168053 0.418515 0 0 0 1 
0.694659 0.697972 0.174024 0.336809 -2.30525e-08 -0.241922 0.970296 -0.960446 -0.719339 0.674024 0.168053 0.418515 0 0 0 1 
0.694659 0.697972 0.174024 0.336809 -2.30525e-08 -0.241922 0.970296 -1.0284 -0.719339 0.674024 0.168053 0.418515 0 0 0 1 
0.694659 0.697972 0.174024 0.336809 -2.30525e-08 -0.241922 0.970296 -0.960446 -0.719339 0.674024 0.168053 0.418515 0 0 0 1 
0.694659 0.697972 0.174024 0.336809 -2.30525e-08 -0.241922 0.970296 -0.361438 -0.719339 0.674024 0.168053 0.418515 0 0 0 1 
0.694659 0.697972 0.174024 0.336809 -2.30525e-08 -0.241922 0.970296 -0.361438 -0.719339 0.674024 0.168053 0.418515 0 0 0 1 
0.694659 0.697972 0.174024 0.336809 -2.30525e-08 -0.241922 0.970296 -0.361438 -0.719339 0.674024 0.168053 0.418515 0 0 0 1 
0.829015 0.543284 0.132576 0.25659 0.00362743 -0.242289 0.970197 -0.361629 -0.559214 0.803827 0.202832 0.485827 0 0 0 1 
0.649813 0.710077 0.27117 0.524829 -0.142885 -0.236283 0.961121 -0.498141 -0.746543 0.663296 0.052081 0.19406 0 0 0 1 
0.549602 0.77377 0.314986 0.609631 -0.210844 -0.23636 0.948514 -0.641829 -0.808382 0.587718 -0.0332408 0.0289271 0 0 0 1 
0.733643 0.649075 0.201171 0.38935 -0.0922192 -0.198204 0.975813 -0.719739 -0.673249 0.73445 0.0855537 0.258844 0 0 0 1 
0.919003 0.393693 -0.0209564 -0.0405595 0.106415 -0.196523 0.974707 -0.852927 -0.379617 0.897989 0.2225 0.523893 0 0 0 1 
0.961875 0.166304 -0.217116 -0.420211 0.25277 -0.237476 0.93793 -1.02309 -0.104422 0.957052 0.270459 0.616714 0 0 0 1 
0.955975 0.0967824 -0.277028 -0.536165 0.292791 -0.251502 0.922507 -1.12089 -0.0196094 0.963006 0.268767 0.613439 0 0 0 1 
0.961875 0.166305 -0.217116 -0.420211 0.25277 -0.237476 0.93793 -1.02309 -0.104422 0.957051 0.270459 0.616714 0 0 0 1 
0.829015 0.543284 0.132576 0.25659 0.00362743 -0.242289 0.970197 -0.361629 -0.559214 0.803827 0.202832 0.485827 0 0 0 1 
0.829015 0.543284 0.132576 0.25659 0.00362743 -0.242289 0.970197 -0.361629 -0.559214 0.803827 0.202832 0.485827 0 0 0 1 
0.829015 0.543284 0.132576 0.25659 0.00362743 -0.242289 0.970197 -0.361629 -0.559214 0.803827 0.202832 0.485827 0 0 0 1 
0.694658 0.719231 -0.012553 0.0940734 -2.93629e-06 0.0174535 0.999848 -0.310495 -0.71934 0.694552 -0.0121263 0.184103 0 0 0 1 
0.51801 0.855353 0.00606461 0.124869 -0.016356 0.00281612 0.999862 -0.430118 -0.855218 0.518038 -0.0154489 0.171369 0 0 0 1 
0.469624 0.882813 -0.00973135 0.105539 -0.0205575 0.0219539 0.999547 -0.548908 -0.882627 0.469211 -0.0284585 0.152051 0 0 0 1 
0.747541 0.656582 -0.10041 -0.0236841 0.0222783 0.126301 0.991742 -0.684888 -0.663842 0.743604 -0.0797878 0.0980428 0 0 0 1 
0.965319 0.192903 -0.175917 -0.144379 0.132359 0.219195 0.966661 -0.844284 -0.225032 0.956421 -0.186061 -0.030673 0 0 0 1 
0.958648 -0.21192 -0.189956 -0.181972 0.24005 0.243587 0.939703 -0.977323 0.152871 0.946443 -0.284386 -0.159601 0 0 0 1 
0.915406 -0.356382 -0.187146 -0.185171 0.285531 0.247177 0.925946 -1.06308 0.283733 0.901052 -0.328026 -0.218771 0 0 0 1 
0.958648 -0.211919 -0.189956 -0.181973 0.24005 0.243587 0.939703 -0.977323 0.15287 0.946443 -0.284386 -0.159601 0 0 0 1 
0.694658 0.719231 -0.012553 0.0940734 -2.93629e-06 0.0174535 0.999848 -0.310495 -0.71934 0.694552 -0.0121263 0.184103 0 0 0 1 
0.694658 0.719231 -0.012553 0.0940734 -2.93629e-06 0.0174535 0.999848 -0.310495 -0.71934 0.694552 -0.0121263 0.184103 0 0 0 1 
0.694658 0.719231 -0.012553 0.0940734 -2.93629e-06 0.0174535 0.999848 -0.310495 -0.71934 0.694552 -0.0121263 0.184103 0 0 0 1 
0.694658 0.691475 -0.198276 0.13433 -3.17228e-06 0.275638 0.961261 -0.289578 -0.71934 0.667747 -0.191477 0.222978 0 0 0 1 
0.293587 0.945785 -0.13891 0.161624 -0.0208239 0.151607 0.988222 -0.420437 -0.955705 0.287237 -0.0642048 0.171307 0 0 0 1 
0.119899 0.987681 -0.100546 0.130856 -0.0178881 0.103409 0.994478 -0.543898 -0.992625 0.117438 -0.0300664 0.135682 0 0 0 1 
0.606022 0.766549 -0.212462 0.00662963 0.0139127 0.256842 0.966353 -0.672996 -0.795326 0.588587 -0.144987 0.105266 0 0 0 1 
0.971473 0.0576503 -0.230034 -0.138697 0.188743 0.399327 0.89717 -0.820159 -0.143581 0.914994 -0.377054 0.0101131 0 0 0 1 
0.83093 -0.545147 -0.11122 -0.215447 0.368384 0.389259 0.844257 -0.949029 0.416951 0.74249 -0.524271 -0.115598 0 0 0 1 
0.704097 -0.707538 -0.0603142 -0.230264 0.430412 0.357673 0.828743 -1.03607 0.564794 0.609476 -0.556369 -0.18152 0 0 0 1 
0.83093 -0.545147 -0.11122 -0.215447 0.368384 0.389259 0.844257 -0.949029 0.416951 0.74249 -0.524271 -0.115599 0 0 0 1 
0.694658 0.691475 -0.198276 0.13433 -3.17228e-06 0.275638 0.961261 -0.289578 -0.71934 0.667747 -0.191477 0.222978 0 0 0 1 
0.694658 0.691475 -0.198276 0.13433 -3.17228e-06 0.275638 0.961261 -0.289578 -0.71934 0.667747 -0.191477 0.222978 0 0 0 1 
0.694658 0.691475 -0.198276 0.13433 -3.17228e-06 0.275638 0.961261 -0.289578 -0.71934 0.667747 -0.191477 0.222978 0 0 0 1 
0.694658 0.710484 0.112531 -0.588736 -2.84502e-06 -0.156433 0.987688 -0.0378921 -0.71934 0.686106 0.108666 -0.475282 0 0 0 1 
0.293587 0.915879 0.273811 -0.758715 -0.0208236 -0.280238 0.959705 -0.0435176 -0.955705 0.287459 0.0632026 -0.119631 0 0 0 1 
0.119899 0.937636 0.326287 -0.807148 -0.0178878 -0.326564 0.945006 -0.120504 -0.992625 0.119142 0.0223824 0.0147481 0 0 0 1 
0.606022 0.784519 0.131401 -0.791131 0.0139131 -0.175621 0.984359 -0.401809 -0.795326 0.594715 0.117345 -0.49787 0 0 0 1 
0.971473 0.149466 -0.184118 -0.309789 0.188743 -0.0172478 0.981875 -0.712666 -0.143581 0.988616 0.0449664 -1.00621 0 0 0 1 
0.83093 -0.447068 -0.331189 0.215757 0.368385 -0.00400996 0.929665 -0.859969 0.416951 0.894491 -0.161361 -1.05361 0 0 0 1 
0.704097 -0.615757 -0.353682 0.373002 0.430413 -0.0260805 0.902255 -0.926729 0.564794 0.787504 -0.246666 -1.0169 0 0 0 1 
0.83093 -0.447067 -0.331189 0.215757 0.368385 -0.0040098 0.929665 -0.859969 0.416951 0.894491 -0.161361 -1.05361 0 0 0 1 
0.694658 0.710484 0.112531 -0.588736 -2.84502e-06 -0.156433 0.987688 -0.0378921 -0.71934 0.686106 0.108666 -0.475282 0 0 0 1 
0.694658 0.710484 0.112531 -0.588736 -2.84502e-06 -0.156433 0.987688 -0.0378921 -0.71934 0.686106 0.108666 -0.475282 0 0 0 1 
0.694658 0.710484 0.112531 -0.588736 -2.84502e-06 -0.156433 0.987688 -0.0378921 -0.71934 0.686106 0.108666 -0.475282 0 0 0 1 
0.694659 0.691473 -0.198276 0.13433 -2.17767e-06 0.275639 0.961261 -0.289578 -0.719339 0.667748 -0.191477 0.222979 0 0 0 1 
0.293589 0.945785 -0.13891 0.161625 -0.0208231 0.151607 0.988222 -0.420437 -0.955705 0.287239 -0.0642044 0.171308 0 0 0 1 
0.119901 0.987681 -0.100546 0.130857 -0.0178874 0.10341 0.994478 -0.543898 -0.992625 0.11744 -0.0300659 0.135682 0 0 0 1 
0.606023 0.766547 -0.212462 0.00662971 0.0139138 0.256842 0.966353 -0.672997 -0.795325 0.588589 -0.144987 0.105266 0 0 0 1 
0.971473 0.0576485 -0.230035 -0.138697 0.188744 0.399327 0.89717 -0.820159 -0.143579 0.914994 -0.377054 0.0101136 0 0 0 1 
0.830929 -0.545149 -0.11122 -0.215447 0.368385 0.389259 0.844257 -0.949029 0.416952 0.742489 -0.524271 -0.115598 0 0 0 1 
0.704095 -0.707539 -0.0603144 -0.230265 0.430413 0.357672 0.828743 -1.03607 0.564795 0.609474 -0.55637 -0.18152 0 0 0 1 
0.830929 -0.545149 -0.11122 -0.215447 0.368386 0.389259 0.844257 -0.949029 0.416952 0.742489 -0.524271 -0.115598 0 0 0 1 
0.694659 0.691473 -0.198276 0.13433 -2.17767e-06 0.275639 0.961261 -0.289578 -0.719339 0.667748 -0.191477 0.222979 0 0 0 1 
0.694659 0.691473 -0.198276 0.13433 -2.17767e-06 0.275639 0.961261 -0.289578 -0.719339 0.667748 -0.191477 0.222979 0 0 0 1 
0.694659 0.691473 -0.198276 0.13433 -2.17767e-06 0.275639 0.961261 -0.289578 -0.719339 0.667748 -0.191477 0.222979 0 0 0 1 
0.982893 0.149942 0.106948 -0.57501 -0.00957764 -0.53829 0.842705 0.323582 -0.183926 0.829314 0.527645 -1.92209 0 0 0 1 
0.619561 0.777131 0.110507 -0.722417 0.204088 -0.295423 0.933313 -0.517465 -0.757953 0.555691 0.341635 -0.940145 0 0 0 1 
0.240017 0.970246 0.0318625 -0.279115 0.239858 -0.0910758 0.966526 -0.870564 -0.94067 0.22434 0.254581 -0.444596 0 0 0 1 
0.50588 0.86197 0.0330552 -0.232068 0.282303 -0.201647 0.937893 -0.883252 -0.815101 0.46513 0.345346 -0.538437 0 0 0 1 
0.885208 0.465191 -0.00167289 -0.53622 0.227881 -0.430491 0.873354 -0.430922 -0.405557 0.773482 0.487082 -0.750411 0 0 0 1 
0.9954 0.0478544 -0.0829969 -0.86033 0.0954987 -0.564787 0.819692 0.0719599 0.00764964 0.823848 0.566759 -1.06602 0 0 0 1 
0.993059 -0.0227441 -0.115398 -1.02215 0.0807509 -0.581523 0.809512 0.108789 0.0855185 0.813212 0.575649 -1.12943 0 0 0 1 
0.9954 0.0478546 -0.0829967 -0.86033 0.0954987 -0.564787 0.819692 0.0719599 0.00764954 0.823848 0.566759 -1.06602 0 0 0 1 
0.982893 0.149942 0.106948 -0.57501 -0.00957764 -0.53829 0.842705 0.323582 -0.183926 0.829314 0.527645 -1.92209 0 0 0 1 
0.982893 0.149942 0.106948 -0.57501 -0.00957764 -0.53829 0.842705 0.323582 -0.183926 0.829314 0.527645 -1.92209 0 0 0 1 
0.982893 0.149942 0.106948 -0.57501 -0.00957764 -0.53829 0.842705 0.323582 -0.183926 0.829314 0.527645 -1.92209 0 0 0 1 
0.728555 0.353444 0.586758 0.282199 0.503662 -0.856976 -0.109164 -1.47304 -0.464254 -0.37506 0.80237 0.060867 0 0 0 1 
0.106806 0.35318 0.929438 1.61193 0.549685 -0.799915 0.240795 -1.51659 -0.828516 -0.485179 0.279573 0.0950594 0 0 0 1 
-0.313549 0.342366 0.885704 2.3647 0.463638 -0.758804 0.457446 -1.26968 -0.82869 -0.554078 -0.0791889 -0.321474 0 0 0 1 
-0.0281508 0.451985 0.891581 2.17621 0.538497 -0.744589 0.394471 -1.50114 -0.842156 -0.491219 0.222432 0.263414 0 0 0 1 
0.496277 0.529355 0.688107 0.954116 0.587021 -0.788557 0.183258 -1.58997 -0.639621 -0.312986 0.702086 0.964041 0 0 0 1 
0.794518 0.498017 0.347448 -0.393605 0.524592 -0.85111 0.0203458 -1.41565 -0.305849 -0.166103 0.937478 0.892205 0 0 0 1 
0.827584 0.494714 0.26526 -0.744245 0.51066 -0.859722 0.0101881 -1.38795 -0.23309 -0.127026 0.964123 0.812862 0 0 0 1 
0.794518 0.498017 0.347448 -0.393605 0.524592 -0.85111 0.020346 -1.41565 -0.305849 -0.166103 0.937478 0.892205 0 0 0 1 
0.728555 0.353444 0.586758 0.282199 0.503662 -0.856976 -0.109164 -1.47304 -0.464254 -0.37506 0.80237 0.060867 0 0 0 1 
0.728555 0.353444 0.586758 0.282199 0.503662 -0.856976 -0.109164 -1.47304 -0.464254 -0.37506 0.80237 0.060867 0 0 0 1 
0.728555 0.353444 0.586758 0.282199 0.503662 -0.856976 -0.109164 -1.47304 -0.464254 -0.37506 0.80237 0.060867 0 0 0 1 
0.648351 0.366768 0.667174 0.73326 0.569475 -0.815244 -0.105242 -1.73199 -0.50531 -0.448173 0.73743 0.123022 0 0 0 1 
-0.0120923 0.361794 0.932179 2.06238 0.649308 -0.706119 0.28248 -1.85331 -0.76043 -0.608687 0.226377 -0.210673 0 0 0 1 
-0.428553 0.294883 0.854041 2.75873 0.586038 -0.628715 0.511152 -1.68501 -0.687679 -0.719556 -0.096625 -0.815988 0 0 0 1 
-0.169598 0.457176 0.873056 2.67255 0.650419 -0.613629 0.447676 -1.87824 -0.7404 -0.643777 0.193286 -0.110879 0 0 0 1 
0.35941 0.599695 0.714976 1.49203 0.6905 -0.686285 0.228523 -1.93804 -0.627721 -0.411557 0.660747 0.882415 0 0 0 1 
0.697802 0.585445 0.412706 0.0588581 0.624535 -0.779415 0.0496787 -1.76771 -0.350754 -0.223084 0.909508 1.03273 0 0 0 1 
0.736736 0.588516 0.332968 -0.311994 0.612962 -0.789169 0.0385855 -1.75022 -0.285476 -0.175669 0.942148 0.989527 0 0 0 1 
0.697802 0.585445 0.412707 0.0588585 0.624535 -0.779415 0.0496788 -1.76771 -0.350754 -0.223084 0.909508 1.03273 0 0 0 1 
0.648351 0.366768 0.667174 0.73326 0.569475 -0.815244 -0.105242 -1.73199 -0.50531 -0.448173 0.73743 0.123022 0 0 0 1 
0.648351 0.366768 0.667174 0.73326 0.569475 -0.815244 -0.105242 -1.73199 -0.50531 -0.448173 0.73743 0.123022 0 0 0 1 
0.648351 0.366768 0.667174 0.73326 0.569475 -0.815244 -0.105242 -1.73199 -0.50531 -0.448173 0.73743 0.123022 0 0 0 1 
0.694659 0.691473 -0.198276 0.13433 -2.23937e-06 0.275638 0.961261 -0.289579 -0.719339 0.667748 -0.191476 0.222979 0 0 0 1 
0.344461 0.932707 -0.106787 0.133961 -0.172454 0.174678 0.969406 -0.471056 -0.922825 0.315507 -0.221019 0.460596 0 0 0 1 
0.231968 0.970153 -0.0706688 0.139657 -0.31091 0.142787 0.939653 -0.606635 -0.921697 0.195997 -0.334752 0.693079 0 0 0 1 
0.808552 0.582729 0.081678 -0.35715 -0.303146 0.29355 0.906604 -0.738055 -0.504328 0.757796 -0.414002 0.677802 0 0 0 1 
0.920886 -0.317269 0.226515 -0.856186 -0.104997 0.357722 0.927907 -1.00921 0.375425 0.87828 -0.296109 0.138843 0 0 0 1 
0.432512 -0.879665 0.197795 -0.856626 0.0305197 0.233533 0.97187 -1.29512 0.901111 0.414309 -0.127853 -0.471301 0 0 0 1 
0.187426 -0.971177 0.147263 -0.773016 0.0279212 0.155126 0.9875 -1.45455 0.981882 0.180972 -0.0561911 -0.723053 0 0 0 1 
0.432511 -0.879665 0.197795 -0.856627 0.0305192 0.233533 0.97187 -1.29512 0.901112 0.414308 -0.127852 -0.471303 0 0 0 1 
0.694659 0.691473 -0.198276 0.13433 -2.23937e-06 0.275638 0.961261 -0.289579 -0.719339 0.667748 -0.191476 0.222979 0 0 0 1 
0.694659 0.691473 -0.198276 0.13433 -2.23937e-06 0.275638 0.961261 -0.289579 -0.719339 0.667748 -0.191476 0.222979 0 0 0 1 
0.694659 0.691473 -0.198276 0.13433 -2.23937e-06 0.275638 0.961261 -0.289579 -0.719339 0.667748 -0.191476 0.222979 0 0 0 1 
0.885961 0.310718 0.344279 -0.145178 -0.203642 -0.406312 0.890752 -0.204203 -0.416657 0.859281 0.296702 -0.064336 0 0 0 1 
0.291743 0.747279 0.597042 -0.933226 -0.644561 -0.307588 0.69995 -0.674348 -0.706701 0.589036 -0.391931 0.972447 0 0 0 1 
-0.2442 0.847392 0.471479 -1.48427 -0.852804 -0.41911 0.311563 -0.352777 -0.461618 0.325996 -0.825006 2.20546 0 0 0 1 
0.13778 0.191964 0.971682 -2.72468 -0.946148 -0.264653 0.186444 -0.53038 -0.29295 0.945044 -0.145162 0.558994 0 0 0 1 
0.329208 -0.32445 0.886766 -2.92805 -0.924981 -0.299594 0.23378 -1.11195 -0.189819 0.897204 0.398739 -1.95074 0 0 0 1 
0.476243 -0.800653 0.363521 -1.06859 -0.860423 -0.339091 0.38038 -1.72561 0.181286 0.493936 0.85039 -3.30217 0 0 0 1 
0.418304 -0.870364 0.259784 -0.575393 -0.865609 -0.295327 0.404355 -1.96485 0.275215 0.394014 0.876932 -3.52987 0 0 0 1 
0.517817 -0.781581 0.347845 -0.979033 -0.81652 -0.330206 0.473561 -1.79151 0.255265 0.52924 0.809162 -3.12331 0 0 0 1 
0.885961 0.310718 0.344279 -0.145178 -0.203642 -0.406312 0.890752 -0.204203 -0.416657 0.859281 0.296702 -0.064336 0 0 0 1 
0.885961 0.310718 0.344279 -0.145178 -0.203642 -0.406312 0.890752 -0.204203 -0.416657 0.859281 0.296702 -0.064336 0 0 0 1 
0.885961 0.310718 0.344279 -0.145178 -0.203642 -0.406312 0.890752 -0.204203 -0.416657 0.859281 0.296702 -0.064336 0 0 0 1 
0.707274 -0.691762 -0.145698 -0.12286 -0.70233 -0.711073 -0.0332625 -1.95345 0.0805927 -0.125854 0.988769 2.61652 0 0 0 1 
0.431976 -0.684787 0.586909 0.661545 -0.900815 -0.359298 0.243798 -1.64943 -0.0439257 0.634012 0.772075 3.5589 0 0 0 1 
0.144755 -0.277107 0.949872 0.8699 -0.984539 0.0553545 0.166187 -1.21813 0.0986313 0.959243 0.26481 3.95928 0 0 0 1 
0.0841712 -0.686912 0.72185 -2.2979 -0.977401 0.0840576 0.193959 -0.907274 0.19391 0.721863 0.664314 2.64512 0 0 0 1 
0.154559 -0.859647 0.486947 -3.22933 -0.981587 -0.0776192 0.174532 -1.49694 0.112239 0.504957 0.855816 -0.472048 0 0 0 1 
0.58507 -0.54738 0.598387 -0.822569 -0.809949 -0.35717 0.4652 -1.51301 0.0409153 0.756838 0.652321 -4.04791 0 0 0 1 
0.335726 -0.936196 0.104044 -0.853883 -0.886171 -0.276462 0.371846 -2.05982 0.319357 0.217039 0.922445 -3.22683 0 0 0 1 
0.0478098 -0.871565 -0.487942 -2.77101 -0.931171 -0.215654 0.293964 -2.32782 0.361435 -0.440303 0.821887 -1.99924 0 0 0 1 
0.707274 -0.691762 -0.145698 -0.12286 -0.70233 -0.711073 -0.0332625 -1.95345 0.0805927 -0.125854 0.988769 2.61652 0 0 0 1 
0.707274 -0.691762 -0.145698 -0.12286 -0.70233 -0.711073 -0.0332625 -1.95345 0.0805927 -0.125854 0.988769 2.61652 0 0 0 1 
0.707274 -0.691762 -0.145698 -0.12286 -0.70233 -0.711073 -0.0332625 -1.95345 0.0805927 -0.125854 0.988769 2.61652 0 0 0 1 
0.642196 -0.726916 -0.243263 -0.540247 -0.75017 -0.661229 -0.00451422 -2.1005 0.157571 -0.185387 0.969949 2.89677 0 0 0 1 
0.32909 -0.741155 0.585139 0.293976 -0.931358 -0.152521 0.33062 -1.68756 0.155795 0.653778 0.740474 4.24395 0 0 0 1 
0.180844 -0.239723 0.953849 0.997672 -0.916996 0.309504 0.251642 -0.908949 0.355545 0.920184 0.163853 4.7528 0 0 0 1 
0.483045 -0.709676 0.51286 -1.18228 -0.858081 -0.267114 0.438574 0.162889 0.174253 0.651927 0.737988 2.7421 0 0 0 1 
0.753057 -0.657554 0.0229386 -1.94517 -0.629578 -0.710013 0.315458 0.374343 0.191144 0.252 0.948662 0.112604 0 0 0 1 
0.994831 0.0362072 0.0948637 -0.490994 0.0129062 -0.971775 0.235557 1.41877 -0.100715 0.233115 0.967219 -3.7541 0 0 0 1 
0.833881 -0.110547 -0.540761 -0.56336 -0.0286473 -0.987085 0.157613 1.07372 0.5512 0.115939 0.826278 -2.49208 0 0 0 1 
0.310854 -0.264095 -0.913029 -2.85347 -0.2361 -0.951967 0.194975 0.424092 0.920666 -0.154958 0.358276 -0.898437 0 0 0 1 
0.642196 -0.726916 -0.243263 -0.540247 -0.75017 -0.661229 -0.00451422 -2.1005 0.157571 -0.185387 0.969949 2.89677 0 0 0 1 
0.642196 -0.726916 -0.243263 -0.540247 -0.75017 -0.661229 -0.00451422 -2.1005 0.157571 -0.185387 0.969949 2.89677 0 0 0 1 
0.642196 -0.726916 -0.243263 -0.540247 -0.75017 -0.661229 -0.00451422 -2.1005 0.157571 -0.185387 0.969949 2.89677 0 0 0 1 
0.992878 0.118965 -0.00627678 0.281546 -0.0160252 0.185584 0.982498 -0.27245 -0.118047 0.9754 -0.186169 0.382345 0 0 0 1 
0.853023 0.518819 0.0563748 0.326081 -0.186036 0.201376 0.961685 -0.407592 -0.487588 0.830827 -0.268298 0.68304 0 0 0 1 
0.706748 0.705574 0.0516953 0.363196 -0.258979 0.190025 0.947006 -0.510565 -0.658359 0.682683 -0.317029 0.831234 0 0 0 1 
0.843296 0.535586 -0.0447074 0.0336394 -0.10364 0.243679 0.964302 -0.639581 -0.527362 0.808559 -0.261002 0.719303 0 0 0 1 
0.964695 0.178148 -0.193975 -0.295202 0.148273 0.241335 0.959048 -0.821276 -0.217665 0.95395 -0.2064 -0.0665818 0 0 0 1 
0.942014 -0.118972 -0.313776 -0.0906681 0.330762 0.171413 0.928016 -0.983961 0.0566226 0.977989 -0.200825 -0.971998 0 0 0 1 
0.916708 -0.180899 -0.35626 0.0601522 0.383789 0.150645 0.91105 -1.08966 0.111139 0.971896 -0.207525 -1.29585 0 0 0 1 
0.942014 -0.118972 -0.313776 -0.090668 0.330762 0.171414 0.928016 -0.983962 0.0566224 0.977989 -0.200825 -0.971998 0 0 0 1 
0.992878 0.118965 -0.00627678 0.281546 -0.0160252 0.185584 0.982498 -0.27245 -0.118047 0.9754 -0.186169 0.382345 0 0 0 1 
0.992878 0.118965 -0.00627678 0.281546 -0.0160252 0.185584 0.982498 -0.27245 -0.118047 0.9754 -0.186169 0.382345 0 0 0 1 
0.992878 0.118965 -0.00627678 0.281546 -0.0160252 0.185584 0.982498 -0.27245 -0.118047 0.9754 -0.186169 0.382345 0 0 0 1 
0.766091 0.642447 -0.0191432 0.0560586 0.252448 -0.273376 0.928189 -0.81111 -0.591079 0.71591 0.371616 0.859644 0 0 0 1 
0.742151 0.670213 -0.00498938 -0.146288 0.265101 -0.286703 0.92061 -1.18024 -0.615575 0.684555 0.390451 0.655155 0 0 0 1 
0.752111 0.658713 -0.0206401 -0.339598 0.288577 -0.301015 0.908908 -1.45748 -0.592496 0.689556 0.416486 0.579892 0 0 0 1 
0.854645 0.51872 0.0225883 -0.135328 0.246173 -0.443132 0.861993 -1.44074 -0.457143 0.731138 0.506416 0.753618 0 0 0 1 
0.948573 0.315669 0.0237224 0.002159 0.170366 -0.572229 0.802202 -1.28142 -0.266805 0.756906 0.59658 1.08097 0 0 0 1 
0.987737 0.154746 -0.020695 -0.0783223 0.113864 -0.623332 0.773623 -1.13555 -0.106815 0.766493 0.633308 1.32252 0 0 0 1 
0.995605 0.0841928 -0.0410049 -0.138002 0.0859454 -0.647579 0.757136 -1.13489 -0.0371915 0.757333 0.651969 1.38111 0 0 0 1 
0.987737 0.154746 -0.0206949 -0.0783221 0.113864 -0.623332 0.773623 -1.13555 -0.106815 0.766493 0.633308 1.32252 0 0 0 1 
0.766091 0.642447 -0.0191432 0.0560584 0.252448 -0.273376 0.928189 -0.81111 -0.591079 0.71591 0.371616 0.859644 0 0 0 1 
0.766091 0.642447 -0.0191426 0.0560597 0.252448 -0.273377 0.928189 -0.81111 -0.591079 0.71591 0.371616 0.859645 0 0 0 1 
0.766091 0.642447 -0.0191426 0.0560597 0.252448 -0.273377 0.928189 -0.81111 -0.591079 0.71591 0.371616 0.859645 0 0 0 1 
0.75176 0.585697 -0.30301 -1.22894 0.315493 0.0840525 0.945197 -0.897489 -0.579068 0.80616 0.121596 -0.33685 0 0 0 1 
0.697064 0.46113 -0.549055 -2.56286 0.385201 0.405023 0.829202 -1.92166 -0.604749 0.789503 -0.104699 -1.68039 0 0 0 1 
0.685944 0.336658 -0.64509 -3.07533 0.43116 0.526096 0.733023 -2.65157 -0.586158 0.78095 -0.215719 -2.38246 0 0 0 1 
0.80168 0.265999 -0.535307 -2.59564 0.398642 0.429388 0.810377 -2.0818 -0.445414 0.863059 -0.238193 -2.74663 0 0 0 1 
0.921922 0.195291 -0.334546 -1.59714 0.303358 0.173098 0.937022 -1.00263 -0.240901 0.965349 -0.10034 -2.23432 0 0 0 1 
0.974579 0.0957455 -0.202555 -0.891113 0.210977 -0.0879581 0.973525 -0.459252 -0.0753944 0.991512 0.105922 -1.21733 0 0 0 1 
0.984178 0.0308174 -0.174479 -0.72989 0.177128 -0.147373 0.973091 -0.36821 -0.00427477 0.988601 0.1505 -1.04191 0 0 0 1 
0.974579 0.0957458 -0.202555 -0.891112 0.210977 -0.0879583 0.973525 -0.459252 -0.0753946 0.991512 0.105922 -1.21733 0 0 0 1 
0.75176 0.585697 -0.30301 -1.22894 0.315494 0.0840526 0.945198 -0.897488 -0.579068 0.80616 0.121596 -0.33685 0 0 0 1 
0.75176 0.585697 -0.303011 -1.22895 0.315494 0.0840532 0.945197 -0.89749 -0.579068 0.80616 0.121596 -0.336854 0 0 0 1 
0.75176 0.585697 -0.303011 -1.22895 0.315494 0.0840532 0.945197 -0.89749 -0.579068 0.80616 0.121596 -0.336854 0 0 0 1 
0.906269 0.422515 -0.012556 0.421096 0.00625541 0.0162953 0.999847 -0.0484052 -0.422655 0.906209 -0.0121248 -1.45878 0 0 0 1 
0.903685 0.428057 -0.0109516 0.448232 0.00555876 0.0138462 0.999889 -0.0516834 -0.428161 0.903645 -0.0101331 -1.4395 0 0 0 1 
0.906269 0.422515 -0.0125564 0.421096 0.00625676 0.0162934 0.999847 -0.0484023 -0.422655 0.906209 -0.0121227 -1.45878 0 0 0 1 
0.918506 0.395304 -0.00902476 0.378873 0.0054061 0.0102673 0.999932 -0.0578427 -0.39537 0.918493 -0.00729343 -1.43895 0 0 0 1 
0.93397 0.35724 -0.00887447 0.284484 0.00605494 0.00901011 0.999941 -0.0611305 -0.357299 0.933969 -0.00625215 -1.45947 0 0 0 1 
0.945469 0.325469 -0.0125555 0.177759 0.00792474 0.01555 0.999847 -0.052352 -0.325615 0.945424 -0.0121228 -1.53248 0 0 0 1 
0.950121 0.311581 -0.0136807 0.135452 0.00861443 0.0176306 0.999807 -0.0497127 -0.311762 0.950056 -0.0140671 -1.56024 0 0 0 1 
0.945469 0.32547 -0.0125552 0.17776 0.00792434 0.0155499 0.999847 -0.0523529 -0.325615 0.945424 -0.0121229 -1.53248 0 0 0 1 
0.906269 0.422515 -0.0125559 0.421097 0.00625535 0.0162954 0.999847 -0.0484042 -0.422655 0.906209 -0.0121251 -1.45878 0 0 0 1 
0.906269 0.422515 -0.0125558 0.421097 0.00625531 0.0162951 0.999847 -0.0484042 -0.422655 0.906209 -0.0121249 -1.45878 0 0 0 1 
0.906269 0.422515 -0.0125558 0.421097 0.00625531 0.0162951 0.999847 -0.0484042 -0.422655 0.906209 -0.0121249 -1.45878 0 0 0 1 
0.906269 0.419813 -0.0493309 0.127863 0.00625361 0.103375 0.994622 0.0754055 -0.422655 0.901704 -0.0910604 -2.08572 0 0 0 1 
0.906269 0.419813 -0.0493315 0.128 0.00625503 0.103373 0.994623 0.0753736 -0.422655 0.901704 -0.0910582 -2.08556 0 0 0 1 
0.906269 0.419813 -0.0493313 0.127862 0.00625496 0.103373 0.994623 0.0754098 -0.422655 0.901704 -0.0910582 -2.08571 0 0 0 1 
0.917018 0.396036 -0.0472504 0.0830376 0.00667829 0.103205 0.994637 0.074561 -0.398789 0.912416 -0.0919963 -2.10884 0 0 0 1 
0.936625 0.34768 -0.0430212 -0.00517929 0.00751433 0.102835 0.99467 0.0728529 -0.350251 0.931956 -0.0937053 -2.15917 0 0 0 1 
0.945469 0.323138 -0.0408732 -0.0485159 0.00792337 0.102634 0.994687 0.0719732 -0.325616 0.94077 -0.0944766 -2.18648 0 0 0 1 
0.945469 0.323137 -0.0408733 -0.0486426 0.00792341 0.102634 0.994688 0.072043 -0.325616 0.94077 -0.0944768 -2.18666 0 0 0 1 
0.945468 0.323138 -0.040873 -0.0485151 0.00792308 0.102634 0.994687 0.0719726 -0.325616 0.940769 -0.0944767 -2.18648 0 0 0 1 
0.906269 0.419812 -0.0493309 0.127863 0.00625368 0.103375 0.994622 0.0754064 -0.422654 0.901704 -0.0910604 -2.08572 0 0 0 1 
0.906269 0.419813 -0.0493308 0.127862 0.00625364 0.103375 0.994623 0.0754071 -0.422655 0.901704 -0.0910602 -2.08572 0 0 0 1 
0.906269 0.419813 -0.0493308 0.127862 0.00625364 0.103375 0.994623 0.0754071 -0.422655 0.901704 -0.0910602 -2.08572 0 0 0 1 
0.519605 0.797624 0.306278 0.134944 -0.237321 -0.209628 0.948543 -0.760067 -0.820785 0.565554 -0.0803686 -0.449331 0 0 0 1 
0.492933 0.759112 0.425166 0.590739 -0.190624 -0.382561 0.904052 -0.679234 -0.848928 0.526684 0.043872 0.0266737 0 0 0 1 
0.53582 0.662956 0.522863 0.991565 -0.199815 -0.502107 0.841405 -0.832811 -0.820348 0.555317 0.13657 0.339878 0 0 0 1 
0.713138 0.446484 0.540449 1.01566 -0.323271 -0.474628 0.818672 -1.36576 -0.622036 0.758538 0.19414 0.544783 0 0 0 1 
0.843461 0.140056 0.518611 0.891951 -0.453991 -0.330239 0.827547 -1.96697 -0.287168 0.933449 0.214959 0.646095 0 0 0 1 
0.859817 -0.0529077 0.507854 0.831896 -0.510602 -0.0901008 0.855083 -2.31299 -0.000517562 0.994526 0.104485 0.449231 0 0 0 1 
0.870392 -0.0766728 0.486352 0.814659 -0.483178 0.0568507 0.873674 -2.3636 0.0946365 0.995434 -0.0124357 0.238243 0 0 0 1 
0.894345 0.0783866 0.440456 0.752546 -0.444623 0.0466595 0.894502 -2.13907 -0.0495655 0.99583 -0.0765822 0.0262144 0 0 0 1 
0.519605 0.797624 0.306278 0.134944 -0.237321 -0.209628 0.948543 -0.760067 -0.820785 0.565554 -0.0803686 -0.449331 0 0 0 1 
0.519605 0.797624 0.306278 0.134945 -0.237321 -0.209629 0.948543 -0.760067 -0.820785 0.565554 -0.0803685 -0.449331 0 0 0 1 
0.519605 0.797624 0.306278 0.134945 -0.237321 -0.209629 0.948543 -0.760067 -0.820785 0.565554 -0.0803685 -0.449331 0 0 0 1 
0.514048 0.857584 -0.0174432 -1.388 -0.30977 0.204567 0.928544 -1.04358 -0.799873 0.471913 -0.370811 -1.74768 0 0 0 1 
0.478974 0.877586 -0.0206537 -1.52318 -0.290069 0.180434 0.939842 -0.773718 -0.828519 0.444169 -0.340984 -1.71291 0 0 0 1 
0.509511 0.860231 -0.020034 -1.60713 -0.327012 0.215118 0.92021 -0.799781 -0.795903 0.462306 -0.390911 -2.05365 0 0 0 1 
0.670167 0.741413 -0.034401 -1.77569 -0.48888 0.475826 0.731153 -2.20861 -0.558455 0.473176 -0.681345 -3.36742 0 0 0 1 
0.761874 0.643234 0.0761364 -1.38405 -0.628198 0.70514 0.328853 -4.74825 -0.157843 0.298373 -0.941307 -4.40167 0 0 0 1 
0.745176 0.623458 0.23667 -0.73283 -0.64753 0.761313 0.0332795 -6.50182 0.159432 0.17805 -0.97102 -4.14178 0 0 0 1 
0.759308 0.570954 0.312189 -0.288661 -0.600216 0.799832 -0.00294141 -6.75558 0.251379 0.185148 -0.950015 -3.71854 0 0 0 1 
0.820769 0.513969 0.249347 -0.331198 -0.56546 0.792997 0.226739 -5.56789 0.0811952 0.327096 -0.941496 -3.66025 0 0 0 1 
0.514048 0.857584 -0.0174432 -1.388 -0.30977 0.204567 0.928544 -1.04358 -0.799873 0.471913 -0.370811 -1.74768 0 0 0 1 
0.514048 0.857584 -0.017443 -1.388 -0.30977 0.204567 0.928544 -1.04358 -0.799873 0.471913 -0.370811 -1.74768 0 0 0 1 
0.514048 0.857584 -0.017443 -1.388 -0.30977 0.204567 0.928544 -1.04358 -0.799873 0.471913 -0.370811 -1.74768 0 0 0 1 
0.707105 0.706996 -0.0125548 -0.97023 0.000304244 0.0174509 0.999847 -0.0168233 -0.707107 0.707002 -0.0121246 0.451067 0 0 0 1 
0.688703 0.722334 -0.0626195 -1.36493 0.00510247 0.0815358 0.996657 0.0865541 -0.725025 0.68672 -0.0524684 0.0665108 0 0 0 1 
0.707105 0.698369 -0.110828 -1.7632 0.000305768 0.156432 0.987688 0.15002 -0.707108 0.698434 -0.1104 -0.341819 0 0 0 1 
0.819492 0.556853 -0.135453 -2.05425 0.00396833 0.230835 0.972985 0.180163 -0.573076 0.797891 -0.186958 -0.554403 0 0 0 1 
0.915445 0.373206 -0.150588 -2.37505 -0.00169844 0.377765 0.9259 0.0773916 -0.402438 0.847355 -0.346457 -1.46127 0 0 0 1 
0.965869 0.227037 -0.124702 -2.37016 0.00898911 0.45175 0.892099 -0.0334716 -0.258873 0.862772 -0.434291 -1.90744 0 0 0 1 
0.98038 0.174503 -0.0916745 -2.18642 0.0135142 0.404478 0.914448 0.0606065 -0.196654 0.897745 -0.394184 -1.42947 0 0 0 1 
0.965869 0.248002 -0.0747726 -1.93591 0.00898881 0.2564 0.966529 0.185162 -0.258873 0.934213 -0.24542 -0.279647 0 0 0 1 
0.707105 0.706996 -0.0125548 -0.97023 0.000304242 0.0174509 0.999848 -0.0168242 -0.707107 0.707002 -0.0121246 0.451068 0 0 0 1 
0.707106 0.706996 -0.0125547 -0.97023 0.000304192 0.0174509 0.999847 -0.0168233 -0.707107 0.707002 -0.0121246 0.451067 0 0 0 1 
0.707106 0.706996 -0.0125547 -0.97023 0.000304192 0.0174509 0.999847 -0.0168233 -0.707107 0.707002 -0.0121246 0.451067 0 0 0 1 
0.707106 0.703211 -0.0741245 -1.45977 0.00030264 0.104527 0.994522 0.10619 -0.707107 0.703255 -0.0736988 -0.0384183 0 0 0 1 
0.707106 0.703211 -0.0741249 -1.4632 0.000304567 0.104525 0.994522 0.106008 -0.707107 0.703255 -0.0736965 -0.041204 0 0 0 1 
0.707106 0.703211 -0.0741249 -1.46649 0.000304129 0.104526 0.994522 0.105356 -0.707107 0.703255 -0.0736971 -0.0451389 0 0 0 1 
0.793338 0.605241 -0.0655535 -1.45495 0.00257874 0.104338 0.994538 0.107594 -0.608776 0.789174 -0.0812143 0.203147 0 0 0 1 
0.923836 0.380031 -0.0458511 -1.5288 0.00695984 0.103086 0.994648 0.109538 -0.382723 0.919211 -0.0925899 0.693645 0 0 0 1 
0.965869 0.256645 -0.0350551 -1.61182 0.00898801 0.102045 0.994739 0.109061 -0.258872 0.961103 -0.0962554 0.926936 0 0 0 1 
0.965869 0.256645 -0.0350562 -1.60956 0.00898907 0.102046 0.994739 0.110587 -0.258872 0.961103 -0.0962558 0.929684 0 0 0 1 
0.965869 0.256646 -0.0350551 -1.6084 0.00898802 0.102045 0.994739 0.114155 -0.258873 0.961103 -0.0962555 0.939858 0 0 0 1 
0.707106 0.703211 -0.0741245 -1.45977 0.000302638 0.104527 0.994522 0.106189 -0.707107 0.703255 -0.0736988 -0.0384173 0 0 0 1 
0.707106 0.703211 -0.0741244 -1.45977 0.000302588 0.104527 0.994522 0.10619 -0.707107 0.703255 -0.0736988 -0.0384186 0 0 0 1 
0.707106 0.703211 -0.0741244 -1.45977 0.000302588 0.104527 0.994522 0.10619 -0.707107 0.703255 -0.0736988 -0.0384186 0 0 0 1 
0.706766 0.69792 -0.115709 -0.471455 -0.0984557 0.259004 0.960845 -0.940501 -0.700562 0.667701 -0.251769 -0.74576 0 0 0 1 
0.360589 0.918827 -0.160411 -0.839906 -0.100342 0.209197 0.972712 -0.971388 -0.927311 0.334653 -0.167631 -0.143559 0 0 0 1 
0.194334 0.960569 -0.19885 -0.993203 -0.0575526 0.213531 0.97524 -1.08841 -0.979246 0.178077 -0.0967794 0.226867 0 0 0 1 
0.563585 0.768559 -0.302801 -1.07136 0.0862912 0.309781 0.946884 -1.40445 -0.821538 0.559779 -0.108268 -0.226335 0 0 0 1 
0.895593 0.231091 -0.380145 -0.694122 0.29987 0.317621 0.899553 -1.6762 -0.328621 0.919627 -0.215162 -0.921594 0 0 0 1 
0.885501 -0.270153 -0.378028 -0.135166 0.440317 0.228137 0.868374 -1.76343 0.148352 0.935399 -0.320968 -1.23418 0 0 0 1 
0.81901 -0.423657 -0.386959 0.00928664 0.493789 0.176952 0.851387 -1.82231 0.292223 0.888371 -0.354123 -1.27479 0 0 0 1 
0.885501 -0.270153 -0.378028 -0.135167 0.440317 0.228137 0.868374 -1.76343 0.148351 0.935399 -0.320968 -1.23418 0 0 0 1 
0.706766 0.69792 -0.115709 -0.471454 -0.0984557 0.259004 0.960845 -0.940501 -0.700562 0.667701 -0.251769 -0.745761 0 0 0 1 
0.706766 0.69792 -0.115709 -0.471454 -0.0984557 0.259004 0.960845 -0.940501 -0.700562 0.667701 -0.251769 -0.745761 0 0 0 1 
0.706766 0.69792 -0.115709 -0.471454 -0.0984557 0.259004 0.960845 -0.940501 -0.700562 0.667701 -0.251769 -0.745761 0 0 0 1 
0.783724 0.617825 -0.063788 0.250014 -0.0938648 0.219334 0.971124 -0.650955 -0.613975 0.755106 -0.22989 -1.18821 0 0 0 1 
0.744152 0.652004 0.145355 2.14665 -0.385585 0.241558 0.890491 -1.5318 -0.545492 0.718707 -0.431158 -3.66693 0 0 0 1 
0.789961 0.577132 0.207075 3.15163 -0.453938 0.323441 0.830257 -2.4022 -0.412191 0.74987 -0.517488 -5.14336 0 0 0 1 
0.984733 0.16987 0.0380051 4.11376 -0.0874422 0.293952 0.951812 -1.28529 -0.150512 0.940604 -0.304317 -3.43352 0 0 0 1 
0.860601 -0.377477 -0.341871 3.22346 0.423259 0.156814 0.892335 -0.717125 0.283226 0.912645 -0.294725 -1.22792 0 0 0 1 
0.493359 -0.726922 -0.477683 2.24151 0.71778 0.0300397 0.695622 -1.30145 0.491313 0.686062 -0.53659 -0.644742 0 0 0 1 
0.306465 -0.837865 -0.451731 2.27691 0.776373 -0.0545606 0.627908 -1.37718 0.550749 0.543143 -0.633775 -0.375694 0 0 0 1 
0.493359 -0.726922 -0.477683 2.24151 0.71778 0.0300396 0.695622 -1.30145 0.491313 0.686063 -0.53659 -0.644744 0 0 0 1 
0.783724 0.617825 -0.0637878 0.250014 -0.0938649 0.219334 0.971124 -0.650955 -0.613975 0.755106 -0.22989 -1.18821 0 0 0 1 
0.783724 0.617825 -0.0637878 0.250014 -0.0938649 0.219334 0.971124 -0.650955 -0.613975 0.755106 -0.22989 -1.18821 0 0 0 1 
0.783724 0.617825 -0.0637878 0.250014 -0.0938649 0.219334 0.971124 -0.650955 -0.613975 0.755106 -0.22989 -1.18821 0 0 0 1 
0.827664 0.560439 -0.0296498 0.831275 0.0377044 -0.00281546 0.999285 1.48684 -0.559955 0.82819 0.0234613 -1.60763 0 0 0 1 
0.718782 0.651414 0.242924 2.25771 -0.466397 0.192678 0.863336 -1.09746 -0.515583 0.733849 -0.44231 -3.82261 0 0 0 1 
0.664463 0.668316 0.334428 2.42429 -0.659089 0.313123 0.68378 -2.46266 -0.352264 0.674764 -0.648539 -4.57256 0 0 0 1 
0.912991 0.345522 0.216936 2.6409 -0.318656 0.27189 0.908038 -1.12333 -0.254764 0.898159 -0.358336 -3.08927 0 0 0 1 
0.952434 -0.117288 -0.281269 0.820755 0.298156 0.16777 0.939658 -0.769908 0.0630218 0.978824 -0.19476 -1.74766 0 0 0 1 
0.681409 -0.452276 -0.575438 -0.469516 0.687639 0.126336 0.714977 -2.19402 0.250668 0.882885 -0.397088 -2.36104 0 0 0 1 
0.564687 -0.589507 -0.577589 -0.215124 0.762296 0.104355 0.63876 -2.87297 0.316279 0.800994 -0.508307 -2.68609 0 0 0 1 
0.681409 -0.452275 -0.575438 -0.46952 0.687639 0.126335 0.714977 -2.19402 0.250668 0.882885 -0.397088 -2.36104 0 0 0 1 
0.827664 0.560439 -0.0296498 0.831276 0.0377042 -0.00281525 0.999285 1.48684 -0.559955 0.82819 0.0234611 -1.60763 0 0 0 1 
0.827664 0.560439 -0.0296498 0.831276 0.0377042 -0.00281525 0.999285 1.48684 -0.559955 0.82819 0.0234611 -1.60763 0 0 0 1 
0.827664 0.560439 -0.0296498 0.831276 0.0377042 -0.00281525 0.999285 1.48684 -0.559955 0.82819 0.0234611 -1.60763 0 0 0 1 
