a
24
16
30
0.829015 0.543285 0.132576 0.25659 0.00362743 -0.242289 0.970197 -0.340124 -0.559215 0.803827 0.202832 0.485827 0 0 0 1 
0.794453 0.584159 0.166143 0.321557 -0.0281042 -0.237911 0.97088 -0.371839 -0.606676 0.775988 0.172592 0.427299 0 0 0 1 
0.745367 0.634105 0.205766 0.398244 -0.0670772 -0.235753 0.969495 -0.412208 -0.663272 0.736432 0.133188 0.351037 0 0 0 1 
0.686164 0.684907 0.245113 0.474396 -0.108767 -0.236567 0.965508 -0.459476 -0.719269 0.689157 0.0878287 0.263247 0 0 0 1 
0.624021 0.729825 0.2792 0.540369 -0.148631 -0.239921 0.959347 -0.51002 -0.767142 0.640151 0.0412413 0.173081 0 0 0 1 
0.568528 0.764118 0.304794 0.589904 -0.182454 -0.244152 0.952418 -0.558328 -0.802176 0.597087 -0.000609487 0.0920823 0 0 0 1 
0.530615 0.784801 0.320212 0.619745 -0.206505 -0.246703 0.946833 -0.597521 -0.822073 0.568529 -0.031161 0.0329523 0 0 0 1 
0.521192 0.789401 0.324352 0.627758 -0.217287 -0.244789 0.944915 -0.62031 -0.825315 0.56296 -0.0439441 0.00821161 0 0 0 1 
0.549602 0.773771 0.314987 0.609631 -0.210844 -0.23636 0.948514 -0.620324 -0.808383 0.587718 -0.0332413 0.0289261 0 0 0 1 
0.878931 0.465204 0.105195 0.203596 -0.010527 -0.201583 0.979415 -0.551489 -0.476833 0.861945 0.17228 0.426696 0 0 0 1 
0.981327 0.0705051 -0.178957 -0.346358 0.19124 -0.258068 0.94701 -0.589896 -0.020586 0.963551 0.266732 0.609501 0 0 0 1 
0.980368 0.0783939 -0.180924 -0.350163 0.195444 -0.264945 0.944249 -0.559818 -0.0260887 0.961072 0.275065 0.625628 0 0 0 1 
0.978043 0.166879 -0.12483 -0.241599 0.165265 -0.256159 0.952402 -0.50167 -0.12696 0.952121 0.278114 0.63153 0 0 0 1 
0.953515 0.299208 -0.03583 -0.0693461 0.112808 -0.24416 0.963151 -0.43572 -0.279435 0.922421 0.266564 0.609175 0 0 0 1 
0.897887 0.436327 0.0584669 0.113158 0.052923 -0.238833 0.969617 -0.379447 -0.437034 0.867512 0.237537 0.552996 0 0 0 1 
0.829015 0.543285 0.132576 0.25659 0.00362743 -0.242289 0.970197 -0.340124 -0.559215 0.803827 0.202832 0.485827 0 0 0 1 
0.694658 0.719231 -0.012553 0.0940735 -2.93556e-06 0.0174535 0.999848 -0.288991 -0.719341 0.694552 -0.0121263 0.184103 0 0 0 1 
0.657122 0.753743 -0.007915 0.101774 -0.00405055 0.0140311 0.999893 -0.322131 -0.753774 0.65702 -0.0122732 0.182127 0 0 0 1 
0.599618 0.800282 0.00257743 0.117695 -0.00982556 0.00414144 0.999943 -0.360225 -0.800226 0.59961 -0.0103465 0.181914 0 0 0 1 
0.530996 0.847231 0.0155659 0.136896 -0.015434 -0.00869664 0.999843 -0.400517 -0.847234 0.531153 -0.00845829 0.181125 0 0 0 1 
0.462727 0.886077 0.0274272 0.154239 -0.0197536 -0.0206252 0.999592 -0.440031 -0.886281 0.46308 -0.0079594 0.178539 0 0 0 1 
0.408458 0.912129 0.0343852 0.164568 -0.0225706 -0.0275665 0.999365 -0.475556 -0.912498 0.408974 -0.00932755 0.174179 0 0 0 1 
0.38271 0.923289 0.0327232 0.162928 -0.0241554 -0.0254076 0.999385 -0.503811 -0.923553 0.383265 -0.0125786 0.168709 0 0 0 1 
0.399363 0.916597 0.0189773 0.144652 -0.0242578 -0.0101278 0.999654 -0.52181 -0.916472 0.399685 -0.0181899 0.162159 0 0 0 1 
0.469623 0.882813 -0.00973113 0.10554 -0.0205579 0.0219539 0.999548 -0.527404 -0.882628 0.469211 -0.0284588 0.15205 0 0 0 1 
0.927559 0.335935 -0.163654 -0.121555 0.0980484 0.203812 0.974088 -0.542986 -0.360585 0.91957 -0.156109 0.00670378 0 0 0 1 
0.915406 -0.356382 -0.187146 -0.185171 0.285531 0.247177 0.925946 -0.579507 0.283732 0.901052 -0.328026 -0.218771 0 0 0 1 
0.935836 -0.299973 -0.185005 -0.179691 0.261081 0.237447 0.935658 -0.53186 0.236743 0.923924 -0.300529 -0.181761 0 0 0 1 
0.979756 -0.0910753 -0.178277 -0.160967 0.194323 0.218593 0.956272 -0.463458 0.0481226 0.971557 -0.231866 -0.0897943 0 0 0 1 
0.967102 0.207849 -0.146671 -0.10546 0.111247 0.172955 0.978627 -0.391277 -0.228774 0.962749 -0.144143 0.0243905 0 0 0 1 
0.858638 0.505419 -0.0853941 -0.0112558 0.0406006 0.0990118 0.994258 -0.330616 -0.510972 0.857175 -0.064495 0.123423 0 0 0 1 
0.694658 0.719231 -0.012553 0.0940735 -2.93556e-06 0.0174535 0.999848 -0.288991 -0.719341 0.694552 -0.0121263 0.184103 0 0 0 1 
0.694658 0.691475 -0.198276 0.13433 -3.17155e-06 0.275638 0.961262 -0.268073 -0.719341 0.667747 -0.191476 0.222978 0 0 0 1 
0.614522 0.765296 -0.191533 0.143428 -0.00817017 0.248946 0.968483 -0.303926 -0.788858 0.593589 -0.159235 0.21201 0 0 0 1 
0.496295 0.850283 -0.175242 0.15988 -0.0168071 0.211229 0.977292 -0.345305 -0.867991 0.48208 -0.119122 0.200676 0 0 0 1 
0.354384 0.92305 -0.149634 0.177483 -0.0215841 0.168051 0.985542 -0.38891 -0.934851 0.346031 -0.0794779 0.18822 0 0 0 1 
0.210851 0.970256 -0.118931 0.191007 -0.0210573 0.126147 0.991788 -0.431304 -0.977292 0.206616 -0.0470291 0.175089 0 0 0 1 
0.0916026 0.991674 -0.0905144 0.196311 -0.0170642 0.0924464 0.995572 -0.468999 -0.995649 0.0896523 -0.0253904 0.162589 0 0 0 1 
0.0217559 0.997096 -0.0729792 0.1901 -0.0135475 0.0732838 0.997219 -0.498631 -0.999672 0.0207065 -0.0151025 0.152032 0 0 0 1 
0.0240382 0.996944 -0.0743292 0.16936 -0.0140318 0.0746798 0.997109 -0.517207 -0.999613 0.0229258 -0.015784 0.143703 0 0 0 1 
0.119898 0.987682 -0.100546 0.130857 -0.0178885 0.103409 0.994478 -0.522395 -0.992625 0.117437 -0.0300667 0.135681 0 0 0 1 
0.922388 0.295661 -0.248567 -0.104462 0.12757 0.374227 0.918521 -0.52244 -0.364592 0.878942 -0.307465 0.0386548 0 0 0 1 
0.704097 -0.707538 -0.0603146 -0.230265 0.430412 0.357673 0.828744 -0.552492 0.564794 0.609476 -0.556369 -0.18152 0 0 0 1 
0.740248 -0.66954 -0.0612295 -0.224977 0.40481 0.371136 0.835696 -0.503123 0.536807 0.643409 -0.545769 -0.140201 0 0 0 1 
0.889468 -0.441653 -0.117424 -0.191263 0.314677 0.405576 0.858188 -0.432607 0.331397 0.800282 -0.499725 -0.0379758 0 0 0 1 
0.981983 -0.0510657 -0.181939 -0.109879 0.186774 0.408618 0.893391 -0.360988 -0.0287218 0.911276 -0.410793 0.0816362 0 0 0 1 
0.90096 0.378889 -0.211457 0.0109473 0.0690143 0.356 0.931934 -0.304442 -0.428378 0.854229 -0.294593 0.174793 0 0 0 1 
0.694658 0.691475 -0.198276 0.13433 -3.17155e-06 0.275638 0.961262 -0.268073 -0.719341 0.667747 -0.191476 0.222978 0 0 0 1 
0.694658 0.710484 0.112531 -0.588737 -2.84429e-06 -0.156433 0.987689 -0.016387 -0.719341 0.686105 0.108666 -0.475282 0 0 0 1 
0.614522 0.774539 0.14984 -0.642347 -0.00816985 -0.183677 0.982953 -0.0245512 -0.788858 0.60527 0.106546 -0.403007 0 0 0 1 
0.496295 0.844679 0.200522 -0.693663 -0.0168068 -0.221584 0.974997 -0.0275316 -0.867991 0.487256 0.0957744 -0.293514 0 0 0 1 
0.354385 0.899805 0.254483 -0.728031 -0.0215838 -0.264202 0.964226 -0.0281301 -0.934851 0.347199 0.0742079 -0.163376 0 0 0 1 
0.210852 0.929613 0.30226 -0.740911 -0.021057 -0.30482 0.952178 -0.0297003 -0.977292 0.207133 0.0446969 -0.0346285 0 0 0 1 
0.0916026 0.937015 0.337065 -0.740067 -0.0170638 -0.336962 0.941364 -0.0352068 -0.99565 0.091983 0.0148775 0.0690024 0 0 0 1 
0.021756 0.934518 0.355249 -0.74204 -0.0135471 -0.355025 0.934759 -0.046797 -0.999672 0.025149 -0.0049362 0.12562 0 0 0 1 
0.0240383 0.934951 0.353962 -0.763345 -0.0140315 -0.353714 0.935249 -0.0666816 -0.999613 0.0274484 -0.00461603 0.114947 0 0 0 1 
0.119898 0.937636 0.326287 -0.807147 -0.0178882 -0.326564 0.945006 -0.099001 -0.992625 0.119141 0.0223818 0.014748 0 0 0 1 
0.922388 0.373009 -0.100326 -0.498637 0.12757 -0.0490185 0.990618 -0.381357 -0.364592 0.926532 0.0927988 -0.909217 0 0 0 1 
0.704097 -0.615757 -0.353682 0.373001 0.430413 -0.0260806 0.902256 -0.443155 0.564794 0.787505 -0.246666 -1.0169 0 0 0 1 
0.740248 -0.580933 -0.338453 0.343736 0.40481 -0.0168172 0.914246 -0.402253 0.536807 0.813778 -0.222718 -1.00051 0 0 0 1 
0.889468 -0.350648 -0.293073 0.1439 0.314678 0.00489062 0.949186 -0.350951 0.331397 0.936495 -0.114691 -1.01508 0 0 0 1 
0.981983 0.0306095 -0.186474 -0.158505 0.186774 -0.00723013 0.982377 -0.26379 -0.0287219 0.999506 0.012817 -0.948862 0 0 0 1 
0.90096 0.432756 -0.0315196 -0.438611 0.0690146 -0.0712068 0.995071 -0.140048 -0.428378 0.898695 0.094021 -0.744234 0 0 0 1 
0.694658 0.710484 0.112531 -0.588737 -2.84429e-06 -0.156433 0.987689 -0.016387 -0.719341 0.686105 0.108666 -0.475282 0 0 0 1 
0.694659 0.691474 -0.198276 0.13433 -2.11014e-06 0.275639 0.961262 -0.268074 -0.71934 0.667748 -0.191476 0.222979 0 0 0 1 
0.614523 0.765295 -0.191533 0.143428 -0.00816923 0.248946 0.968483 -0.303926 -0.788857 0.593591 -0.159235 0.21201 0 0 0 1 
0.496296 0.850283 -0.175242 0.15988 -0.0168061 0.211228 0.977293 -0.345305 -0.867991 0.482081 -0.119122 0.200675 0 0 0 1 
0.354386 0.92305 -0.149634 0.177484 -0.0215833 0.168051 0.985542 -0.38891 -0.93485 0.346033 -0.0794774 0.18822 0 0 0 1 
0.210853 0.970256 -0.118931 0.191006 -0.0210564 0.126146 0.991789 -0.431304 -0.977292 0.206617 -0.0470284 0.175089 0 0 0 1 
0.0916043 0.991674 -0.0905142 0.196311 -0.0170633 0.0924461 0.995572 -0.469 -0.995649 0.0896541 -0.0253898 0.162589 0 0 0 1 
0.0217576 0.997096 -0.072979 0.1901 -0.0135467 0.0732836 0.997219 -0.498632 -0.999672 0.0207083 -0.0151018 0.152032 0 0 0 1 
0.0240399 0.996944 -0.074329 0.16936 -0.014031 0.0746796 0.997109 -0.517206 -0.999612 0.0229275 -0.0157834 0.143703 0 0 0 1 
0.1199 0.987682 -0.100546 0.130857 -0.0178877 0.103409 0.994478 -0.522395 -0.992625 0.117439 -0.0300661 0.135681 0 0 0 1 
0.922388 0.29566 -0.248567 -0.104462 0.127571 0.374227 0.918521 -0.522441 -0.36459 0.878943 -0.307465 0.0386546 0 0 0 1 
0.704096 -0.707539 -0.0603148 -0.230266 0.430413 0.357672 0.828743 -0.552492 0.564795 0.609475 -0.556369 -0.181521 0 0 0 1 
0.740247 -0.669541 -0.06123 -0.224977 0.404811 0.371135 0.835696 -0.503124 0.536808 0.643408 -0.545769 -0.140201 0 0 0 1 
0.889468 -0.441655 -0.117425 -0.191263 0.314679 0.405575 0.858188 -0.432608 0.331398 0.800281 -0.499726 -0.0379752 0 0 0 1 
0.981983 -0.0510674 -0.18194 -0.109878 0.186775 0.408617 0.893391 -0.360989 -0.0287205 0.911277 -0.410793 0.0816358 0 0 0 1 
0.900961 0.378888 -0.211457 0.0109472 0.0690156 0.356 0.931934 -0.304441 -0.428377 0.85423 -0.294592 0.174793 0 0 0 1 
0.694659 0.691474 -0.198276 0.13433 -2.11014e-06 0.275639 0.961262 -0.268074 -0.71934 0.667748 -0.191476 0.222979 0 0 0 1 
0.982893 0.149942 0.106949 -0.575011 -0.00957779 -0.53829 0.842705 0.345087 -0.183926 0.829314 0.527646 -1.92209 0 0 0 1 
0.943056 0.309677 0.121435 -0.694811 0.0529535 -0.500181 0.8643 0.125833 -0.328393 0.808653 0.488097 -1.71544 0 0 0 1 
0.865085 0.483974 0.131896 -0.78836 0.112791 -0.443877 0.888961 -0.112083 -0.488779 0.754151 0.438579 -1.47247 0 0 0 1 
0.749225 0.648963 0.132326 -0.827112 0.161542 -0.372814 0.913736 -0.336418 -0.642314 0.663217 0.384156 -1.20797 0 0 0 1 
0.60784 0.784841 0.120644 -0.798627 0.194527 -0.294482 0.93565 -0.523015 -0.769864 0.545257 0.33167 -0.948721 0 0 0 1 
0.462377 0.881135 0.0990483 -0.708201 0.212287 -0.218466 0.952475 -0.661586 -0.860896 0.419376 0.288066 -0.725745 0 0 0 1 
0.337704 0.938424 0.072918 -0.575139 0.220282 -0.154113 0.963185 -0.755787 -0.915113 0.309209 0.258762 -0.564021 0 0 0 1 
0.257085 0.965158 0.0487464 -0.424384 0.226823 -0.109297 0.967784 -0.816465 -0.939392 0.237746 0.247019 -0.473686 0 0 0 1 
0.240016 0.970246 0.031863 -0.279115 0.239858 -0.0910761 0.966527 -0.849062 -0.940671 0.224339 0.254581 -0.444596 0 0 0 1 
0.775088 0.631717 0.013171 -0.405061 0.270366 -0.350422 0.896721 -0.378429 -0.571089 0.691476 0.442402 -0.626106 0 0 0 1 
0.993059 -0.0227437 -0.115398 -1.02215 0.0807507 -0.581523 0.809513 0.592363 0.0855178 0.813212 0.57565 -1.12943 0 0 0 1 
0.986968 -0.115509 -0.112041 -0.879698 0.0213136 -0.596283 0.802491 0.738823 0.159503 0.794421 0.58605 -1.24618 0 0 0 1 
0.992589 -0.0983659 -0.0713552 -0.623998 -0.000348171 -0.589484 0.80778 0.725089 0.121521 0.801769 0.58515 -1.30069 0 0 0 1 
0.99981 -0.0167543 -0.0100158 -0.420258 -0.00137863 -0.57244 0.819946 0.593853 0.019471 0.819776 0.572353 -1.44847 0 0 0 1 
0.99511 0.0825147 0.0542921 -0.411197 0.000304337 -0.552217 0.8337 0.433624 -0.0987734 0.829607 0.549542 -1.69039 0 0 0 1 
0.982893 0.149942 0.106949 -0.575011 -0.00957779 -0.53829 0.842705 0.345087 -0.183926 0.829314 0.527646 -1.92209 0 0 0 1 
0.728555 0.353443 0.586759 0.282197 0.503662 -0.856976 -0.109164 -1.45154 -0.464255 -0.37506 0.80237 0.0608655 0 0 0 1 
0.615223 0.358796 0.701974 0.565014 0.534615 -0.844285 -0.0370112 -1.52753 -0.579386 -0.398056 0.711241 0.153286 0 0 0 1 
0.462268 0.356678 0.811844 0.895979 0.555121 -0.830342 0.0487169 -1.57923 -0.691484 -0.428151 0.58184 0.187693 0 0 0 1 
0.281446 0.347229 0.894551 1.24069 0.559193 -0.816931 0.141165 -1.58512 -0.779803 -0.460496 0.424089 0.151908 0 0 0 1 
0.0930069 0.333165 0.93827 1.56408 0.54603 -0.805075 0.231744 -1.54105 -0.832588 -0.49077 0.256795 0.05198 0 0 0 1 
-0.0794926 0.31945 0.944264 1.84129 0.520366 -0.794654 0.312643 -1.46035 -0.850236 -0.516214 0.103062 -0.0880206 0 0 0 1 
-0.214894 0.312253 0.925375 2.0636 0.491077 -0.784471 0.378747 -1.36785 -0.844194 -0.535821 -0.015238 -0.230232 0 0 0 1 
-0.297164 0.317935 0.900339 2.23618 0.468827 -0.772858 0.427658 -1.29062 -0.831802 -0.549188 -0.0806089 -0.327027 0 0 0 1 
-0.31355 0.342365 0.885705 2.3647 0.463638 -0.758805 0.457445 -1.24818 -0.82869 -0.554078 -0.07919 -0.321475 0 0 0 1 
0.319843 0.525588 0.788327 1.47108 0.587541 -0.762763 0.270165 -1.3322 -0.743302 -0.376764 0.552768 0.830679 0 0 0 1 
0.827584 0.494714 0.26526 -0.744246 0.51066 -0.859722 0.0101877 -0.904381 -0.23309 -0.127027 0.964123 0.812862 0 0 0 1 
0.86487 0.459067 0.203119 -0.814717 0.475869 -0.878581 -0.0405486 -0.852335 -0.159842 -0.131727 0.978315 0.688781 0 0 0 1 
0.859966 0.441506 0.25599 -0.492205 0.471296 -0.87947 -0.0664331 -0.928013 -0.195805 -0.177777 0.964394 0.665096 0 0 0 1 
0.825273 0.424169 0.372835 -0.0509304 0.483919 -0.871477 -0.0796927 -1.10663 -0.291114 -0.24619 0.92447 0.553478 0 0 0 1 
0.771857 0.393907 0.499073 0.244769 0.498295 -0.862319 -0.090045 -1.30898 -0.39489 -0.318187 0.861869 0.313842 0 0 0 1 
0.728555 0.353443 0.586759 0.282197 0.503662 -0.856976 -0.109164 -1.45154 -0.464255 -0.37506 0.80237 0.0608655 0 0 0 1 
0.648352 0.366768 0.667175 0.733259 0.569475 -0.815244 -0.105242 -1.71049 -0.505311 -0.448173 0.737429 0.12302 0 0 0 1 
0.521181 0.378358 0.764994 1.03233 0.608274 -0.793423 -0.0219904 -1.79878 -0.598644 -0.476787 0.643662 0.130504 0 0 0 1 
0.356318 0.378161 0.854419 1.36828 0.636926 -0.767364 0.0740148 -1.86678 -0.68364 -0.517828 0.514286 0.0673516 0 0 0 1 
0.167985 0.364061 0.916101 1.70309 0.649394 -0.740039 0.175015 -1.89399 -0.741667 -0.56551 0.360734 -0.0681603 0 0 0 1 
-0.0227528 0.338073 0.940845 2.00396 0.644888 -0.714157 0.272213 -1.87597 -0.763939 -0.612934 0.20177 -0.259956 0 0 0 1 
-0.193499 0.307022 0.931824 2.25327 0.627832 -0.691092 0.358078 -1.82371 -0.753914 -0.654316 0.0590326 -0.47652 0 0 0 1 
-0.325876 0.281411 0.902559 2.45222 0.606225 -0.670369 0.427898 -1.75764 -0.725463 -0.686595 -0.0478587 -0.676035 0 0 0 1 
-0.40739 0.273398 0.871371 2.61607 0.589387 -0.650129 0.479537 -1.69934 -0.697607 -0.708933 -0.103719 -0.80914 0 0 0 1 
-0.428553 0.294882 0.854042 2.75873 0.586038 -0.628716 0.511152 -1.66351 -0.687679 -0.719557 -0.0966261 -0.81599 0 0 0 1 
0.172326 0.580237 0.796009 2.01921 0.693482 -0.645364 0.320297 -1.68677 -0.699563 -0.496822 0.513596 0.642244 0 0 0 1 
0.736736 0.588517 0.332969 -0.311994 0.612962 -0.789169 0.0385853 -1.26665 -0.285477 -0.17567 0.942148 0.989527 0 0 0 1 
0.791211 0.542385 0.282496 -0.420503 0.570692 -0.82086 -0.0223568 -1.20038 -0.219764 -0.178907 0.959008 0.898378 0 0 0 1 
0.789667 0.510336 0.340563 -0.0944886 0.558308 -0.827876 -0.0539757 -1.25491 -0.254398 -0.232762 0.938672 0.86075 0 0 0 1 
0.751209 0.475363 0.457947 0.369629 0.563547 -0.823111 -0.0700199 -1.40958 -0.343657 -0.310674 0.886218 0.706389 0 0 0 1 
0.693155 0.425732 0.581625 0.686283 0.570943 -0.816831 -0.0825294 -1.58847 -0.439954 -0.389281 0.80926 0.41387 0 0 0 1 
0.648352 0.366768 0.667175 0.733259 0.569475 -0.815244 -0.105242 -1.71049 -0.505311 -0.448173 0.737429 0.12302 0 0 0 1 
0.694659 0.691474 -0.198276 0.134329 -2.16346e-06 0.275638 0.961262 -0.268074 -0.71934 0.667748 -0.191476 0.222978 0 0 0 1 
0.625802 0.760511 -0.173191 0.117734 -0.0420257 0.254599 0.966133 -0.31874 -0.778849 0.59733 -0.191289 0.273513 0 0 0 1 
0.511919 0.845998 -0.149088 0.122127 -0.0842493 0.222161 0.971364 -0.372451 -0.854892 0.484699 -0.185003 0.325078 0 0 0 1 
0.369611 0.920442 -0.127177 0.145608 -0.12236 0.183891 0.975301 -0.42681 -0.921095 0.344921 -0.180593 0.377742 0 0 0 1 
0.225 0.968179 -0.109565 0.18199 -0.155426 0.146672 0.976899 -0.479405 -0.961883 0.202773 -0.183481 0.430068 0 0 0 1 
0.109467 0.98912 -0.0982809 0.220205 -0.186524 0.11756 0.975392 -0.526867 -0.976333 0.0884415 -0.197363 0.482625 0 0 0 1 
0.0539169 0.994187 -0.0931998 0.24377 -0.22112 0.102906 0.969803 -0.564255 -0.973755 0.0316802 -0.225383 0.540176 0 0 0 1 
0.0865638 0.992267 -0.0889516 0.228875 -0.263438 0.108907 0.958509 -0.585386 -0.960785 0.059539 -0.270828 0.610081 0 0 0 1 
0.231967 0.970153 -0.0706682 0.139657 -0.31091 0.142786 0.939653 -0.585132 -0.921698 0.195997 -0.334753 0.693078 0 0 0 1 
0.976296 -0.032637 0.213968 -0.796277 -0.187448 0.36677 0.911232 -0.665605 0.108217 0.92974 -0.351958 0.339604 0 0 0 1 
0.187427 -0.971177 0.147263 -0.773017 0.027921 0.155126 0.9875 -0.970977 0.981882 0.180973 -0.0561912 -0.723053 0 0 0 1 
0.284477 -0.943906 0.167672 -0.771696 0.0753077 0.19636 0.977636 -0.86417 0.955721 0.265488 -0.126944 -0.551856 0 0 0 1 
0.626391 -0.758592 0.179365 -0.748276 0.0929779 0.301167 0.949028 -0.671727 0.773944 0.577785 -0.259181 -0.17064 0 0 0 1 
0.945514 -0.316438 0.0766205 -0.501677 0.051336 0.377286 0.924673 -0.474751 0.32151 0.870358 -0.372974 0.204408 0 0 0 1 
0.961437 0.257568 -0.0964218 -0.123544 -0.00279139 0.359714 0.933059 -0.343982 -0.27501 0.896808 -0.346562 0.330953 0 0 0 1 
0.694659 0.691474 -0.198276 0.134329 -2.15205e-06 0.275638 0.961262 -0.268074 -0.71934 0.667748 -0.191476 0.222978 0 0 0 1 
0.885961 0.310718 0.344279 -0.145179 -0.203642 -0.406313 0.890752 -0.182699 -0.416658 0.859281 0.296702 -0.0643367 0 0 0 1 
0.769468 0.418654 0.482337 -0.439377 -0.342926 -0.366298 0.865001 -0.394962 -0.538815 0.830996 0.138288 0.0910459 0 0 0 1 
0.590667 0.561682 0.579333 -0.692814 -0.478485 -0.334307 0.811968 -0.562994 -0.649742 0.756804 -0.0712922 0.386557 0 0 0 1 
0.366037 0.698644 0.614746 -0.871371 -0.603451 -0.324682 0.728305 -0.666999 -0.708424 0.637556 -0.302752 0.799696 0 0 0 1 
0.129545 0.796796 0.590199 -0.963895 -0.707159 -0.343002 0.618285 -0.688569 -0.695086 0.497461 -0.519027 1.27259 0 0 0 1 
-0.0809916 0.843339 0.531245 -1.00504 -0.781814 -0.384353 0.490958 -0.618342 -0.618229 0.375571 -0.690464 1.73363 0 0 0 1 
-0.238837 0.845319 0.477906 -1.07732 -0.827452 -0.434733 0.355431 -0.460696 -0.508213 0.310554 -0.80329 2.11914 0 0 0 1 
-0.332658 0.816685 0.471556 -1.29236 -0.852754 -0.474013 0.219368 -0.238744 -0.402678 0.329147 -0.854115 2.37017 0 0 0 1 
-0.357233 0.759164 0.544109 -1.75462 -0.872723 -0.478856 0.0951365 -0.00907946 -0.332774 0.440871 -0.833604 2.39391 0 0 0 1 
0.141655 -0.215298 0.96622 -3.35937 -0.983985 -0.137318 0.113661 -0.647382 -0.108209 0.966846 0.231301 -0.956258 0 0 0 1 
0.332127 -0.943229 0.00326741 -0.306187 -0.783935 -0.274107 0.557056 -1.57501 0.524535 0.187575 0.830469 -2.90079 0 0 0 1 
0.463037 -0.879366 -0.110964 -0.0580773 -0.664645 -0.427315 0.612902 -1.33764 0.586382 0.210045 0.782329 -2.57217 0 0 0 1 
0.686574 -0.726592 -0.0260942 -0.344019 -0.530754 -0.525405 0.665019 -0.952506 0.496908 0.442735 0.74637 -2.12834 0 0 0 1 
0.884325 -0.438618 0.159946 -0.67664 -0.402268 -0.541965 0.737872 -0.546189 0.236959 0.71686 0.655715 -1.42907 0 0 0 1 
0.947457 -0.0486505 0.316163 -0.617381 -0.298509 -0.489701 0.819198 -0.274662 -0.114971 0.870532 0.478493 -0.61456 0 0 0 1 
0.885961 0.310718 0.344279 -0.145179 -0.203642 -0.406313 0.890752 -0.182699 -0.416658 0.859281 0.296702 -0.0643366 0 0 0 1 
0.707274 -0.691763 -0.145698 -0.12286 -0.702331 -0.711073 -0.0332632 -1.93195 0.080592 -0.125855 0.98877 2.61652 0 0 0 1 
0.63105 -0.775217 0.0285534 -0.118852 -0.775077 -0.628556 0.0646004 -1.91215 0.0321319 0.0628972 0.997503 2.90543 0 0 0 1 
0.534742 -0.810912 0.237641 0.0835701 -0.844971 -0.51605 0.140421 -1.8792 -0.00876499 0.275888 0.96115 3.269 0 0 0 1 
0.422837 -0.786814 0.449592 0.432486 -0.905999 -0.377643 0.191184 -1.82412 -0.0193591 0.48817 0.872534 3.63127 0 0 0 1 
0.309326 -0.70667 0.636345 0.839041 -0.950908 -0.223111 0.214467 -1.73893 0.00958174 0.671446 0.740993 3.93085 0 0 0 1 
0.207884 -0.590064 0.780134 1.1781 -0.975513 -0.0665001 0.209649 -1.61476 0.0718273 0.804613 0.589439 4.14881 0 0 0 1 
0.123217 -0.466047 0.876138 1.30633 -0.98086 0.0769409 0.178872 -1.43873 0.150773 0.881408 0.447646 4.30849 0 0 0 1 
0.0505121 -0.364768 0.929727 1.08034 -0.972916 0.192287 0.1283 -1.19776 0.225574 0.911027 0.345176 4.43005 0 0 0 1 
-0.0153837 -0.312863 0.949674 0.375274 -0.962187 0.262961 0.0710442 -0.901657 0.271955 0.912671 0.305078 4.44083 0 0 0 1 
0.0176251 -0.756636 0.6536 -3.45615 -0.97652 0.12735 0.173759 -0.810202 0.214708 0.641316 0.736625 0.556377 0 0 0 1 
0.354051 -0.934232 0.0431082 -0.226084 -0.7799 -0.269497 0.564914 -1.56241 0.516143 0.233629 0.824023 -2.96742 0 0 0 1 
0.42748 -0.887053 -0.174351 -0.193007 -0.677477 -0.442036 0.587903 -1.37765 0.598571 0.133198 0.789919 -2.46817 0 0 0 1 
0.534426 -0.78919 -0.302604 -0.899787 -0.620518 -0.609433 0.493509 -1.24617 0.573889 0.0759725 0.815402 -1.55762 0 0 0 1 
0.641765 -0.701505 -0.309885 -1.44416 -0.623913 -0.712553 0.320939 -1.29812 0.445949 0.0126266 0.894969 -0.0914606 0 0 0 1 
0.698839 -0.677518 -0.229331 -1.1429 -0.666983 -0.733066 0.133223 -1.55394 0.258376 -0.059858 0.964189 1.53688 0 0 0 1 
0.707274 -0.691763 -0.145698 -0.12286 -0.702331 -0.711073 -0.0332632 -1.93195 0.080592 -0.125855 0.98877 2.61652 0 0 0 1 
0.642196 -0.726917 -0.243262 -0.540248 -0.750171 -0.661228 -0.00451478 -2.07899 0.15757 -0.185388 0.96995 2.89677 0 0 0 1 
0.545341 -0.836811 -0.0484984 -0.563469 -0.828466 -0.546894 0.120634 -2.04161 0.127471 0.0256074 0.991512 3.26998 0 0 0 1 
0.414605 -0.888369 0.197239 -0.414019 -0.901329 -0.371039 0.223464 -1.99543 0.125335 0.270426 0.954548 3.76502 0 0 0 1 
0.273725 -0.849551 0.450931 -0.100919 -0.945156 -0.150726 0.289763 -1.88093 0.178202 0.505515 0.844215 4.31548 0 0 0 1 
0.157643 -0.725826 0.669571 0.338216 -0.946804 0.0815432 0.311309 -1.66922 0.280555 0.683028 0.674361 4.82136 0 0 0 1 
0.0875762 -0.556269 0.826375 0.797855 -0.912493 0.287983 0.290556 -1.37458 0.399609 0.779507 0.482371 5.19219 0 0 0 1 
0.0572016 -0.391027 0.9186 1.10607 -0.866044 0.438318 0.240511 -1.04286 0.496685 0.809306 0.313573 5.38885 0 0 0 1 
0.0408167 -0.272169 0.961383 1.06446 -0.838551 0.513853 0.181074 -0.727899 0.543292 0.813559 0.207254 5.40752 0 0 0 1 
0.0178498 -0.234465 0.971961 0.509659 -0.856387 0.498132 0.135891 -0.479318 0.516027 0.8348 0.191901 5.17918 0 0 0 1 
0.434043 -0.778473 0.453418 -2.25782 -0.900066 -0.353164 0.255258 -0.158516 0.0385805 0.518899 0.853965 0.168802 0 0 0 1 
0.947324 -0.0316098 -0.318714 0.932278 0.0504616 -0.967958 0.24599 1.26287 0.316277 0.249115 0.915374 -3.55379 0 0 0 1 
0.875042 0.0538042 -0.481048 0.504294 0.184376 -0.955934 0.228466 1.40946 0.447558 0.288611 0.846402 -2.99712 0 0 0 1 
0.834594 0.00487366 -0.550845 -0.583826 0.117439 -0.978547 0.169277 1.0782 0.538202 0.205969 0.817261 -1.74479 0 0 0 1 
0.837046 -0.176674 -0.517823 -1.33107 -0.14356 -0.984191 0.103732 0.216588 0.527963 0.0124894 0.849176 0.130563 0 0 0 1 
0.788992 -0.4706 -0.395003 -1.20887 -0.490645 -0.869562 0.0559504 -0.977332 0.36981 -0.149662 0.916975 1.90589 0 0 0 1 
0.642196 -0.726917 -0.243262 -0.540248 -0.750171 -0.661229 -0.00451475 -2.07899 0.15757 -0.185388 0.96995 2.89677 0 0 0 1 
0.992879 0.118965 -0.00627682 0.281546 -0.0160252 0.185584 0.982498 -0.250946 -0.118048 0.9754 -0.186169 0.382345 0 0 0 1 
0.977096 0.212507 0.0111793 0.278271 -0.0536951 0.195372 0.979259 -0.291991 -0.205915 0.957429 -0.202307 0.459008 0 0 0 1 
0.94644 0.321046 0.0343744 0.29844 -0.10349 0.200786 0.974154 -0.337438 -0.305846 0.925535 -0.223257 0.541693 0 0 0 1 
0.899966 0.432125 0.0576989 0.334006 -0.157905 0.199738 0.967042 -0.382146 -0.406359 0.879416 -0.247992 0.613744 0 0 0 1 
0.841902 0.534194 0.0764141 0.373245 -0.209315 0.192753 0.958663 -0.421979 -0.497383 0.823094 -0.274094 0.668042 0 0 0 1 
0.781293 0.618062 0.087074 0.40522 -0.250749 0.183051 0.950588 -0.45407 -0.571583 0.764521 -0.297995 0.708231 0 0 0 1 
0.730305 0.677492 0.0875248 0.421837 -0.276318 0.175794 0.944852 -0.476828 -0.624743 0.714214 -0.315586 0.744522 0 0 0 1 
0.701817 0.708256 0.0763278 0.414085 -0.280893 0.176677 0.943337 -0.489106 -0.654639 0.68349 -0.322939 0.786219 0 0 0 1 
0.706748 0.705575 0.0516953 0.363197 -0.258979 0.190025 0.947006 -0.489062 -0.65836 0.682682 -0.317029 0.831233 0 0 0 1 
0.940115 0.305485 -0.151207 -0.263606 0.0717365 0.256349 0.963919 -0.510558 -0.333225 0.917041 -0.219083 0.231782 0 0 0 1 
0.916708 -0.180899 -0.35626 0.060151 0.383789 0.150645 0.91105 -0.606085 0.111139 0.971896 -0.207525 -1.29585 0 0 0 1 
0.915193 -0.217229 -0.339462 0.0779043 0.372489 0.134349 0.918261 -0.528863 0.153866 0.966831 -0.203871 -1.18245 0 0 0 1 
0.944864 -0.171908 -0.27871 -0.0407679 0.304525 0.148345 0.940882 -0.427057 0.120399 0.97388 -0.192516 -0.759824 0 0 0 1 
0.978823 -0.0766664 -0.189808 -0.0668915 0.200468 0.17128 0.964612 -0.331475 0.0414429 0.982235 -0.183022 -0.224015 0 0 0 1 
0.995222 0.0333576 -0.0917607 0.0763685 0.0840528 0.185472 0.979048 -0.271988 -0.0496777 0.982083 -0.181782 0.196768 0 0 0 1 
0.992879 0.118965 -0.00627682 0.281546 -0.0160252 0.185584 0.982498 -0.250946 -0.118048 0.9754 -0.186169 0.382345 0 0 0 1 
0.766091 0.642447 -0.0191428 0.0560591 0.252448 -0.273377 0.928189 -0.789607 -0.59108 0.71591 0.371616 0.859645 0 0 0 1 
0.760966 0.648772 -0.00518516 0.0395155 0.251272 -0.287339 0.924283 -0.875417 -0.598158 0.70465 0.381673 0.819358 0 0 0 1 
0.749057 0.662502 0.00221454 -0.00117469 0.25388 -0.290134 0.922696 -0.977705 -0.61193 0.69059 0.385523 0.76344 0 0 0 1 
0.733926 0.679227 0.00200561 -0.0667905 0.26003 -0.283696 0.922985 -1.08748 -0.627485 0.676881 0.384831 0.702258 0 0 0 1 
0.719361 0.694622 -0.00457861 -0.149934 0.268745 -0.272226 0.923943 -1.19613 -0.640544 0.665878 0.382504 0.646242 0 0 0 1 
0.709502 0.704558 -0.0143098 -0.236294 0.278423 -0.261607 0.924144 -1.29501 -0.64737 0.659666 0.381776 0.603093 0 0 0 1 
0.708803 0.70504 -0.0227536 -0.307701 0.286916 -0.25868 0.922369 -1.37498 -0.644421 0.660306 0.38564 0.576766 0 0 0 1 
0.721737 0.691692 -0.0256479 -0.346384 0.291492 -0.270127 0.91764 -1.42594 -0.627797 0.669771 0.396583 0.568549 0 0 0 1 
0.752111 0.658713 -0.0206394 -0.339597 0.288577 -0.301015 0.908908 -1.43597 -0.592497 0.689556 0.416486 0.579891 0 0 0 1 
0.928537 0.371215 0.00437235 -0.0649391 0.191141 -0.48814 0.851578 -1.09731 -0.318253 0.789885 0.52421 0.873178 0 0 0 1 
0.994038 0.0650554 -0.087499 -0.188155 0.106836 -0.42085 0.900817 -0.554405 -0.0217791 0.904795 0.425291 0.918144 0 0 0 1 
0.989834 0.107631 -0.0929728 -0.193949 0.128313 -0.393802 0.910196 -0.526391 -0.0613524 0.912873 0.403609 0.926594 0 0 0 1 
0.97045 0.221517 -0.0956966 -0.173976 0.171259 -0.352887 0.919859 -0.573522 -0.169994 0.909066 0.380396 0.893166 0 0 0 1 
0.925041 0.376967 -0.046849 -0.0485398 0.20243 -0.384828 0.900517 -0.689556 -0.321437 0.842498 0.43229 0.992076 0 0 0 1 
0.850362 0.525693 -0.0230695 0.0256736 0.234354 -0.339109 0.911089 -0.761186 -0.47113 0.780162 0.411563 0.940261 0 0 0 1 
0.766091 0.642447 -0.0191423 0.0560602 0.252448 -0.273377 0.928189 -0.789607 -0.59108 0.715909 0.371616 0.859646 0 0 0 1 
0.75176 0.585698 -0.30301 -1.22895 0.315494 0.0840523 0.945198 -0.875985 -0.579069 0.80616 0.121597 -0.336847 0 0 0 1 
0.739747 0.560142 -0.372847 -1.61783 0.332856 0.176942 0.926228 -1.08068 -0.584792 0.809279 0.0555541 -0.735279 0 0 0 1 
0.719205 0.531863 -0.447063 -2.01612 0.352698 0.274904 0.894445 -1.36894 -0.598621 0.800968 -0.0101258 -1.11501 0 0 0 1 
0.694359 0.499475 -0.518064 -2.38606 0.373037 0.365806 0.85266 -1.71204 -0.615393 0.78531 -0.0676779 -1.43793 0 0 0 1 
0.669986 0.463845 -0.579626 -2.6996 0.392333 0.441601 0.806886 -2.06623 -0.630233 0.768008 -0.113885 -1.69372 0 0 0 1 
0.651402 0.427394 -0.626905 -2.93799 0.409351 0.497715 0.764665 -2.38205 -0.638833 0.754728 -0.149258 -1.89364 0 0 0 1 
0.644224 0.392819 -0.656253 -3.08978 0.422899 0.531988 0.733584 -2.61185 -0.637285 0.750121 -0.176597 -2.06167 0 0 0 1 
0.654045 0.362185 -0.664113 -3.14342 0.431252 0.542759 0.720718 -2.71064 -0.621487 0.757782 -0.198796 -2.22214 0 0 0 1 
0.685944 0.336659 -0.64509 -3.07533 0.43116 0.526096 0.733025 -2.63006 -0.586159 0.780951 -0.215718 -2.38245 0 0 0 1 
0.903566 0.259282 -0.341089 -1.60898 0.306954 0.163659 0.937548 -1.001 -0.298911 0.951835 -0.0682891 -1.93833 0 0 0 1 
0.995791 0.0723063 -0.0563243 -0.0475047 0.0862972 -0.532627 0.841939 -0.774784 -0.0308777 0.843256 0.536625 1.4608 0 0 0 1 
0.992301 0.117075 -0.0403965 0.0445439 0.0989733 -0.553547 0.826916 -0.837346 -0.0744503 0.824548 0.560872 1.69376 0 0 0 1 
0.972879 0.229503 -0.0288837 0.130949 0.143901 -0.502731 0.852382 -0.816056 -0.181104 0.833421 0.522122 1.58271 0 0 0 1 
0.921527 0.364564 -0.133721 -0.444079 0.229622 -0.233893 0.944758 -0.554855 -0.313148 0.901325 0.299251 0.350415 0 0 0 1 
0.841037 0.490543 -0.22809 -0.905099 0.286501 -0.0462449 0.956963 -0.68444 -0.458883 0.870189 0.179435 -0.173491 0 0 0 1 
0.75176 0.585697 -0.303011 -1.22895 0.315494 0.0840532 0.945198 -0.875985 -0.579069 0.80616 0.121596 -0.336852 0 0 0 1 
0.906269 0.422516 -0.0125558 0.421097 0.00625502 0.0162957 0.999848 -0.0268989 -0.422656 0.906209 -0.0121254 -1.45879 0 0 0 1 
0.905502 0.424187 -0.0115023 0.433635 0.00586069 0.0146024 0.999876 -0.0291076 -0.424303 0.905457 -0.0107364 -1.44681 0 0 0 1 
0.904052 0.42728 -0.0110214 0.445616 0.0056296 0.0138804 0.999888 -0.0301919 -0.427385 0.904013 -0.0101431 -1.44008 0 0 0 1 
0.902416 0.43072 -0.0112192 0.452983 0.00562906 0.014251 0.999883 -0.0294361 -0.430829 0.902373 -0.0104357 -1.44028 0 0 0 1 
0.901095 0.433452 -0.0121362 0.453019 0.00591512 0.0156984 0.99986 -0.0274515 -0.433582 0.90104 -0.0115818 -1.44761 0 0 0 1 
0.900478 0.4347 -0.0132777 0.447255 0.00633728 0.0174118 0.999829 -0.0250382 -0.434857 0.900407 -0.0129242 -1.4575 0 0 0 1 
0.900934 0.433725 -0.0141474 0.437908 0.00670909 0.0186759 0.999803 -0.0234962 -0.433904 0.900852 -0.0139159 -1.46591 0 0 0 1 
0.90275 0.429937 -0.0140252 0.428831 0.00672886 0.0184864 0.999806 -0.0237317 -0.430113 0.90267 -0.0137955 -1.46735 0 0 0 1 
0.906269 0.422515 -0.0125558 0.421095 0.00625575 0.0162942 0.999848 -0.0268984 -0.422656 0.906209 -0.0121237 -1.45878 0 0 0 1 
0.929208 0.36954 -0.00364896 0.356312 0.00407039 -0.000360687 0.999992 -0.0539527 -0.369536 0.929215 0.00183937 -1.38586 0 0 0 1 
0.950121 0.311582 -0.0136802 0.135501 0.00861393 0.0176303 0.999808 -0.0282764 -0.311763 0.950056 -0.014067 -1.5602 0 0 0 1 
0.947409 0.319736 -0.0136071 0.151706 0.0084391 0.0175435 0.999811 0.00811338 -0.319915 0.947344 -0.0139227 -1.53922 0 0 0 1 
0.940161 0.340468 -0.013415 0.206949 0.00799562 0.0173151 0.999819 -0.0261369 -0.340638 0.940097 -0.0135568 -1.53094 0 0 0 1 
0.929433 0.368802 -0.0117938 0.290221 0.00692505 0.0145224 0.999871 -0.0311317 -0.368925 0.929395 -0.0109437 -1.48746 0 0 0 1 
0.917317 0.397997 -0.0112651 0.368018 0.00623755 0.0139246 0.999884 -0.0309944 -0.398107 0.917281 -0.0102908 -1.4608 0 0 0 1 
0.906269 0.422515 -0.0125558 0.421096 0.00625518 0.0162954 0.999848 -0.0268989 -0.422656 0.906209 -0.0121251 -1.45878 0 0 0 1 
0.906269 0.419813 -0.0493311 0.127859 0.00625364 0.103376 0.994623 0.0969113 -0.422656 0.901704 -0.0910606 -2.08572 0 0 0 1 
0.906269 0.419813 -0.049331 0.127814 0.0062542 0.103374 0.994623 0.0970807 -0.422656 0.901704 -0.0910591 -2.0857 0 0 0 1 
0.906269 0.419813 -0.0493312 0.127965 0.00625445 0.103374 0.994623 0.0969163 -0.422655 0.901704 -0.091059 -2.08558 0 0 0 1 
0.906269 0.419813 -0.0493314 0.127879 0.00625457 0.103374 0.994623 0.0970122 -0.422655 0.901704 -0.091059 -2.08564 0 0 0 1 
0.906269 0.419813 -0.049331 0.127919 0.00625418 0.103374 0.994623 0.0968778 -0.422655 0.901705 -0.0910593 -2.08567 0 0 0 1 
0.906269 0.419813 -0.0493313 0.127794 0.00625467 0.103374 0.994623 0.0969343 -0.422655 0.901705 -0.0910588 -2.08578 0 0 0 1 
0.906269 0.419814 -0.0493307 0.127807 0.00625406 0.103374 0.994623 0.0968506 -0.422656 0.901704 -0.0910588 -2.08581 0 0 0 1 
0.906269 0.419813 -0.0493309 0.127704 0.00625423 0.103374 0.994623 0.0969768 -0.422656 0.901704 -0.0910587 -2.08586 0 0 0 1 
0.906269 0.419813 -0.049331 0.12786 0.00625425 0.103374 0.994623 0.0969131 -0.422656 0.901704 -0.0910588 -2.08572 0 0 0 1 
0.92714 0.371987 -0.0451469 0.0389696 0.00709852 0.103026 0.994654 0.0952024 -0.37465 0.922503 -0.0928786 -2.13283 0 0 0 1 
0.945469 0.323138 -0.0408732 -0.0485984 0.00792322 0.102634 0.994688 0.0934793 -0.325616 0.94077 -0.0944767 -2.18662 0 0 0 1 
0.942167 0.332541 -0.0416957 -0.0361494 0.00776735 0.102712 0.994681 0.130076 -0.335055 0.937479 -0.0941887 -2.16365 0 0 0 1 
0.933077 0.356995 -0.0438353 0.0106762 0.00735537 0.102909 0.994664 0.0963881 -0.359601 0.928421 -0.0933965 -2.14963 0 0 0 1 
0.920959 0.386882 -0.0464498 0.0658206 0.00683941 0.103138 0.994644 0.0956965 -0.3896 0.916344 -0.0923399 -2.11834 0 0 0 1 
0.910448 0.410765 -0.0485397 0.110606 0.00641703 0.103311 0.994629 0.0966683 -0.413573 0.905869 -0.0914235 -2.09445 0 0 0 1 
0.906269 0.419813 -0.0493311 0.12786 0.00625349 0.103376 0.994623 0.0969125 -0.422656 0.901704 -0.0910608 -2.08572 0 0 0 1 
0.519605 0.797625 0.306277 0.134943 -0.23732 -0.209628 0.948544 -0.738562 -0.820786 0.565554 -0.0803687 -0.449332 0 0 0 1 
0.513076 0.789668 0.33642 0.234763 -0.224466 -0.254862 0.940564 -0.72107 -0.828474 0.558095 -0.0464899 -0.32491 0 0 0 1 
0.494546 0.788801 0.364989 0.33527 -0.207319 -0.300757 0.930895 -0.694433 -0.844063 0.536039 -0.0147956 -0.202891 0 0 0 1 
0.471299 0.788885 0.394383 0.445362 -0.188586 -0.34668 0.91883 -0.667926 -0.861576 0.507418 0.0146172 -0.0890183 0 0 0 1 
0.450702 0.784914 0.425181 0.566444 -0.171535 -0.391272 0.904147 -0.650746 -0.876039 0.480434 0.0417073 0.0128483 0 0 0 1 
0.440255 0.773013 0.456756 0.69421 -0.159786 -0.433135 0.887053 -0.651297 -0.88354 0.463513 0.067173 0.102876 0 0 0 1 
0.447229 0.750252 0.486937 0.819043 -0.157336 -0.469937 0.868565 -0.676247 -0.880473 0.46506 0.0921282 0.185155 0 0 0 1 
0.477669 0.715141 0.5103 0.923244 -0.1693 -0.495033 0.85222 -0.728709 -0.862073 0.493473 0.115388 0.262196 0 0 0 1 
0.53582 0.662957 0.522863 0.991566 -0.199814 -0.502107 0.841406 -0.811304 -0.820348 0.555317 0.136571 0.339878 0 0 0 1 
0.822224 0.325214 0.467102 0.82013 -0.386264 -0.283923 0.877604 -1.30451 -0.41803 0.902011 0.10783 0.388969 0 0 0 1 
0.908611 -0.0394373 0.415778 0.697106 -0.414817 0.0304155 0.909397 -1.55947 0.0485101 0.998759 -0.0112766 0.173678 0 0 0 1 
0.912057 0.035253 0.408545 0.689628 -0.409648 0.0334859 0.911629 -1.5183 -0.018457 0.998817 -0.0449825 0.0174944 0 0 0 1 
0.893184 0.208094 0.398646 0.645982 -0.403626 -0.0198589 0.914709 -1.41641 -0.198262 0.977907 -0.0662545 -0.140474 0 0 0 1 
0.819224 0.4331 0.375895 0.528805 -0.372348 -0.096806 0.923031 -1.23125 -0.436153 0.896132 -0.0819581 -0.297258 0 0 0 1 
0.68278 0.64537 0.342506 0.3446 -0.309221 -0.169477 0.935767 -0.980825 -0.661962 0.744833 -0.0838466 -0.401842 0 0 0 1 
0.519605 0.797625 0.306277 0.134944 -0.23732 -0.209628 0.948544 -0.738562 -0.820786 0.565554 -0.0803685 -0.449331 0 0 0 1 
0.514048 0.857584 -0.0174422 -1.388 -0.309769 0.204565 0.928545 -1.02207 -0.799874 0.471913 -0.370809 -1.74767 0 0 0 1 
0.506042 0.861925 -0.0317471 -1.49916 -0.306658 0.2142 0.927405 -0.998309 -0.806153 0.45957 -0.37271 -1.78627 0 0 0 1 
0.485899 0.873221 -0.0372429 -1.56161 -0.296115 0.204563 0.93299 -0.917941 -0.822325 0.44231 -0.357971 -1.74477 0 0 0 1 
0.460728 0.886781 -0.0367264 -1.59112 -0.28245 0.185724 0.941132 -0.8106 -0.841399 0.423232 -0.336039 -1.66986 0 0 0 1 
0.437791 0.898481 -0.032742 -1.60112 -0.270136 0.166186 0.948372 -0.703718 -0.857535 0.406344 -0.315467 -1.60276 0 0 0 1 
0.424536 0.904961 -0.0285315 -1.60823 -0.263891 0.153818 0.952209 -0.621196 -0.866101 0.396718 -0.304112 -1.58128 0 0 0 1 
0.428242 0.903273 -0.0265962 -1.6236 -0.268417 0.155249 0.950711 -0.585315 -0.86288 0.399995 -0.308938 -1.63736 0 0 0 1 
0.455168 0.890058 -0.0248615 -1.6294 -0.288136 0.173655 0.941712 -0.623921 -0.842496 0.421474 -0.3355 -1.78724 0 0 0 1 
0.509511 0.860231 -0.0200327 -1.60712 -0.327011 0.215117 0.920211 -0.778271 -0.795904 0.462307 -0.390909 -2.05365 0 0 0 1 
0.775616 0.622034 0.107211 -0.97919 -0.528806 0.547605 0.648454 -2.74668 -0.344651 0.559645 -0.753666 -3.43232 0 0 0 1 
0.829408 0.415128 0.373834 0.293601 -0.537014 0.776873 0.328762 -4.58591 0.153943 0.473432 -0.867274 -3.53778 0 0 0 1 
0.845243 0.422767 0.326853 0.133465 -0.528181 0.75385 0.390813 -4.25639 0.0811755 0.502969 -0.860484 -3.52051 0 0 0 1 
0.847273 0.48549 0.215472 -0.328111 -0.518864 0.669726 0.531269 -3.50574 -0.113618 0.561931 -0.819344 -3.42706 0 0 0 1 
0.794115 0.601041 0.0901782 -0.868428 -0.478502 0.526811 0.7025 -2.53767 -0.374724 0.601016 -0.705947 -3.0433 0 0 0 1 
0.671129 0.741331 0.0037919 -1.26421 -0.400503 0.358263 0.843354 -1.65122 -0.623846 0.567518 -0.537345 -2.41474 0 0 0 1 
0.514048 0.857584 -0.0174419 -1.38799 -0.309769 0.204565 0.928545 -1.02207 -0.799874 0.471914 -0.370809 -1.74767 0 0 0 1 
0.707105 0.706997 -0.0125549 -0.970232 0.000304474 0.0174508 0.999848 0.00467968 -0.707108 0.707001 -0.0121243 0.451067 0 0 0 1 
0.702945 0.710877 -0.0228588 -1.05067 0.00176045 0.0304002 0.999536 0.0289559 -0.711242 0.70266 -0.0201182 0.373351 0 0 0 1 
0.692171 0.721015 -0.0322099 -1.1218 0.00460987 0.040211 0.999181 0.0490294 -0.721719 0.691752 -0.0245091 0.302061 0 0 0 1 
0.67825 0.733618 -0.0422063 -1.19816 0.00758329 0.0504459 0.998698 0.069046 -0.734792 0.677687 -0.0286516 0.222839 0 0 0 1 
0.665051 0.744855 -0.0538326 -1.28892 0.00967033 0.063489 0.997936 0.0909553 -0.746736 0.664199 -0.0350205 0.128726 0 0 0 1 
0.656787 0.751036 -0.0676429 -1.39894 0.00999476 0.081025 0.996662 0.11449 -0.75401 0.655271 -0.0457098 0.0163317 0 0 0 1 
0.657981 0.748426 -0.0831844 -1.52491 0.00804076 0.103476 0.9946 0.137775 -0.752992 0.655097 -0.0620677 -0.111801 0 0 0 1 
0.67348 0.732677 -0.0980315 -1.64842 0.0043668 0.128672 0.991678 0.156735 -0.739193 0.668303 -0.0834581 -0.23482 0 0 0 1 
0.707105 0.698369 -0.110828 -1.7632 0.000306323 0.156432 0.987689 0.171526 -0.707108 0.698434 -0.1104 -0.341818 0 0 0 1 
0.896325 0.425842 -0.123536 -2.09083 0.0111398 0.256897 0.966375 0.209663 -0.443259 0.867562 -0.225519 -0.529489 0 0 0 1 
0.98038 0.174506 -0.0916737 -2.18641 0.0135126 0.404477 0.914449 0.0821128 -0.196657 0.897745 -0.394183 -1.42948 0 0 0 1 
0.972221 0.216322 -0.0893989 -2.10177 0.00570945 0.359907 0.932971 0.132264 -0.233997 0.907564 -0.348674 -1.10813 0 0 0 1 
0.9443 0.317411 -0.086877 -1.93313 -0.00122619 0.267387 0.963589 0.188637 -0.329083 0.909811 -0.252883 -0.491788 0 0 0 1 
0.888325 0.454517 -0.0655244 -1.59031 -0.00775449 0.157514 0.987487 0.159695 -0.459151 0.8767 -0.143449 0.11217 0 0 0 1 
0.802581 0.595558 -0.0342697 -1.20715 -0.00934337 0.0699898 0.997504 0.0708394 -0.596471 0.800257 -0.0617369 0.404034 0 0 0 1 
0.707105 0.706997 -0.0125551 -0.970233 0.000304579 0.017451 0.999848 0.00468016 -0.707108 0.707001 -0.0121243 0.451066 0 0 0 1 
0.707106 0.703212 -0.0741248 -1.45977 0.000302919 0.104527 0.994522 0.127694 -0.707107 0.703255 -0.0736985 -0.0384182 0 0 0 1 
0.707106 0.703212 -0.074125 -1.46048 0.000304363 0.104526 0.994522 0.127693 -0.707108 0.703255 -0.0736968 -0.0389785 0 0 0 1 
0.707106 0.703212 -0.0741251 -1.46112 0.000304502 0.104526 0.994523 0.12765 -0.707108 0.703255 -0.0736967 -0.0392629 0 0 0 1 
0.707106 0.703212 -0.0741251 -1.46178 0.000304397 0.104526 0.994522 0.127552 -0.707107 0.703255 -0.0736968 -0.0394951 0 0 0 1 
0.707107 0.703212 -0.0741251 -1.4626 0.000304474 0.104526 0.994523 0.127577 -0.707108 0.703255 -0.0736967 -0.0399902 0 0 0 1 
0.707106 0.703212 -0.0741252 -1.46352 0.000304539 0.104526 0.994522 0.12742 -0.707108 0.703255 -0.0736967 -0.0406627 0 0 0 1 
