a
25
11
20
0
0
-0.694658 -0.697972 -0.174024 -0.33681 -2.30525e-08 -0.241922 0.970296 -0.361438 0.71934 -0.674024 -0.168053 -0.418515 0 0 0 1 
-0.69073 -0.701744 -0.174493 -0.323924 -2.3919e-08 -0.241309 0.970448 -0.5039 0.723113 -0.670318 -0.166679 -0.415932 0 0 0 1 
-0.681282 -0.7105 -0.176194 -0.314129 -2.52511e-08 -0.240695 0.970601 -0.646361 0.732021 -0.661253 -0.163981 -0.411146 0 0 0 1 
-0.669857 -0.720713 -0.178507 -0.313565 -2.4248e-08 -0.240416 0.97067 -0.711116 0.74249 -0.65021 -0.161045 -0.406088 0 0 0 1 
-0.66016 -0.728978 -0.181054 -0.334334 -2.42931e-08 -0.241044 0.970514 -0.565416 0.751125 -0.640695 -0.159127 -0.402098 0 0 0 1 
-0.656059 -0.732291 -0.182581 -0.358251 -2.30525e-08 -0.241922 0.970296 -0.361438 0.75471 -0.636571 -0.158715 -0.400314 0 0 0 1 
-0.656059 -0.732291 -0.182581 -0.358251 -2.30525e-08 -0.241922 0.970296 -0.361438 0.75471 -0.636571 -0.158715 -0.400314 0 0 0 1 
-0.656059 -0.732291 -0.182581 -0.358251 -2.30525e-08 -0.241922 0.970296 -0.361438 0.75471 -0.636571 -0.158715 -0.400314 0 0 0 1 
-0.656059 -0.732291 -0.182581 -0.358251 -2.30525e-08 -0.241922 0.970296 -0.361438 0.75471 -0.636571 -0.158715 -0.400314 0 0 0 1 
-0.656059 -0.732291 -0.182581 -0.358251 -2.30525e-08 -0.241922 0.970296 -0.361438 0.75471 -0.636571 -0.158715 -0.400314 0 0 0 1 
-0.656059 -0.732291 -0.182581 -0.358251 -2.30525e-08 -0.241922 0.970296 -0.361438 0.75471 -0.636571 -0.158715 -0.400314 0 0 0 1 
-0.829015 -0.543285 -0.132576 -0.25659 0.00362743 -0.242289 0.970197 -0.361628 0.559215 -0.803827 -0.202832 -0.485827 0 0 0 1 
-0.930717 -0.356438 -0.0819692 -0.144851 0.00760378 -0.242927 0.970015 -0.504739 0.365662 -0.902185 -0.228806 -0.536175 0 0 0 1 
-0.986713 -0.159923 -0.0286677 -0.0286044 0.0114536 -0.244475 0.969588 -0.648321 0.162069 -0.956377 -0.243058 -0.564193 0 0 0 1 
-0.998585 -0.053169 0.00036067 0.0326184 0.0134371 -0.245792 0.969229 -0.713903 0.0514443 -0.967863 -0.246158 -0.570819 0 0 0 1 
-0.980294 -0.193918 -0.0376857 -0.0568563 0.0111279 -0.244672 0.969542 -0.567298 0.197233 -0.950016 -0.242009 -0.562508 0 0 0 1 
-0.913497 -0.396186 -0.0925218 -0.183949 0.00737487 -0.2435 0.969873 -0.362256 0.406779 -0.885293 -0.225358 -0.529297 0 0 0 1 
-0.913497 -0.396186 -0.0925218 -0.183949 0.00737487 -0.2435 0.969873 -0.362256 0.406779 -0.885293 -0.225358 -0.529297 0 0 0 1 
-0.891878 -0.440089 -0.104286 -0.206718 0.00656953 -0.243161 0.969964 -0.36208 0.452229 -0.864404 -0.219761 -0.518464 0 0 0 1 
-0.864457 -0.48882 -0.117343 -0.231989 0.00563055 -0.242822 0.970055 -0.361905 0.502675 -0.83791 -0.212662 -0.504724 0 0 0 1 
-0.832619 -0.538232 -0.130583 -0.257614 0.00462528 -0.242524 0.970134 -0.36175 0.553827 -0.807148 -0.204419 -0.488771 0 0 0 1 
-0.798612 -0.584609 -0.14301 -0.281664 0.00362743 -0.242289 0.970197 -0.361628 0.601836 -0.774292 -0.195615 -0.471732 0 0 0 1 
-0.694658 -0.719231 0.012553 -0.0940735 -2.93556e-06 0.0174535 0.999848 -0.310495 0.719341 -0.694552 0.0121263 -0.184103 0 0 0 1 
-0.843832 -0.533248 0.0599485 -0.00963261 -0.0176525 0.139243 0.990101 -0.460127 0.536317 -0.834421 0.126911 -0.0401874 0 0 0 1 
-0.943864 -0.320273 0.080913 0.0403172 -0.00528104 0.25954 0.965718 -0.62895 0.330293 -0.911079 0.246662 0.113443 0 0 0 1 
-0.984895 -0.160914 0.0639483 0.0298047 0.011697 0.306641 0.951753 -0.709811 0.172759 -0.938125 0.300126 0.182699 0 0 0 1 
-0.986968 -0.160917 0.000621283 -0.0699748 -0.0279364 0.175145 0.984146 -0.527814 0.158475 -0.971303 0.177358 0.0217682 0 0 0 1 
-0.97023 -0.229096 -0.0785414 -0.198401 -0.0778344 -0.0121353 0.996893 -0.315763 0.229337 -0.973328 0.00605747 -0.201068 0 0 0 1 
-0.940968 -0.329258 -0.0785414 -0.203165 -0.0761395 -0.0202046 0.996893 -0.316147 0.329821 -0.944024 0.00605762 -0.199675 0 0 0 1 
-0.892877 -0.446466 -0.0586455 -0.182747 -0.0574908 -0.0161459 0.998216 -0.314226 0.446616 -0.894655 0.0112514 -0.190542 0 0 0 1 
-0.828394 -0.559029 -0.0353745 -0.157699 -0.0373584 -0.00787312 0.999271 -0.312453 0.5589 -0.829111 0.0143624 -0.183361 0 0 0 1 
-0.748658 -0.66287 -0.0107187 -0.130426 -0.0176545 0.00377177 0.999837 -0.31116 0.662722 -0.748725 0.0145264 -0.179323 0 0 0 1 
-0.656058 -0.754596 0.0131704 -0.10358 -2.93556e-06 0.0174535 0.999848 -0.310495 0.754711 -0.655958 0.0114527 -0.178927 0 0 0 1 
-0.694658 -0.691475 0.198276 -0.13433 -3.17155e-06 0.275638 0.961262 -0.289578 0.719341 -0.667747 0.191476 -0.222978 0 0 0 1 
-0.885409 -0.418333 0.202606 -0.0361032 -0.00431248 0.443262 0.896382 -0.424688 0.464794 -0.79279 0.394272 -0.0980602 0 0 0 1 
-0.983351 -0.11501 0.140687 0.0366982 0.0457685 0.592502 0.804268 -0.576971 0.175856 -0.797317 0.577374 0.0448184 0 0 0 1 
-0.997874 0.0355971 0.0545877 0.0412462 0.0647664 0.634643 0.770087 -0.653543 0.0072307 -0.771985 0.635599 0.1155 0 0 0 1 
-0.980226 -0.197707 0.00834392 -0.073453 -0.0766279 0.41812 0.905154 -0.498575 0.182444 -0.886616 0.425002 -0.0296426 0 0 0 1 
-0.856702 -0.509586 -0.0798981 -0.211437 -0.126035 0.0566008 0.99041 -0.311043 0.500177 -0.858556 0.112716 -0.219487 0 0 0 1 
-0.799785 -0.596334 -0.0687699 -0.218054 -0.122083 0.0494179 0.991289 -0.311581 0.587741 -0.801214 0.112326 -0.216673 0 0 0 1 
-0.765382 -0.643477 -0.0113414 -0.202706 -0.0996472 0.101078 0.989876 -0.306784 0.635816 -0.758763 0.141484 -0.213233 0 0 0 1 
-0.731844 -0.679044 0.0574821 -0.184193 -0.0709823 0.159848 0.984586 -0.301189 0.677766 -0.716483 0.165184 -0.211768 0 0 0 1 
-0.696431 -0.705269 0.132589 -0.164524 -0.0369978 0.219803 0.974843 -0.29529 0.716669 -0.674006 0.179171 -0.212628 0 0 0 1 
-0.656058 -0.725475 0.208025 -0.145816 -3.17155e-06 0.275638 0.961262 -0.289578 0.754711 -0.630643 0.180837 -0.215642 0 0 0 1 
-0.694658 -0.710484 -0.112531 0.588737 -2.84429e-06 -0.156433 0.987689 -0.0378919 0.719341 -0.686105 -0.108666 0.475282 0 0 0 1 
-0.789586 -0.613425 -0.0162149 0.604179 -0.0395797 0.0245414 0.998915 -0.356336 0.612361 -0.789371 0.0436568 0.699666 0 0 0 1 
-0.868818 -0.494524 0.0245316 0.575842 -0.0866629 0.200663 0.975819 -0.685548 0.487489 -0.845683 0.217196 0.901763 0 0 0 1 
-0.932801 -0.360392 -0.000649966 0.453256 -0.0949259 0.243956 0.965129 -0.816566 0.347666 -0.900335 0.261773 1.06135 0 0 0 1 
-0.98382 -0.158085 -0.0843032 0.109379 -0.0758741 -0.0586282 0.995392 -0.36026 0.162299 -0.985684 -0.0456852 1.11612 0 0 0 1 
-0.969831 0.0870606 -0.227701 -0.304954 -0.243614 -0.380329 0.89219 0.228629 0.00892691 -0.920744 -0.390064 0.972891 0 0 0 1 
-0.963362 -0.00895196 -0.268054 -0.187388 -0.24373 -0.387888 0.888898 0.237883 0.111932 -0.921663 -0.371495 0.974507 0 0 0 1 
-0.943575 -0.204139 -0.260758 0.0492777 -0.175955 -0.358016 0.916987 0.191081 0.280548 -0.911127 -0.301896 0.908695 0 0 0 1 
-0.885038 -0.404241 -0.230863 0.275447 -0.106411 -0.307119 0.945704 0.124752 0.453195 -0.861549 -0.228796 0.792149 0 0 0 1 
-0.786739 -0.590103 -0.181163 0.468376 -0.0453501 -0.237436 0.970344 0.0451496 0.615618 -0.771624 -0.160039 0.632027 0 0 0 1 
-0.656058 -0.745419 -0.118064 0.612804 -2.84429e-06 -0.156433 0.987689 -0.0378919 0.754711 -0.647981 -0.102627 0.443818 0 0 0 1 
-0.694659 -0.691474 0.198276 -0.13433 -2.11014e-06 0.275639 0.961262 -0.289578 0.71934 -0.667748 0.191476 -0.222979 0 0 0 1 
-0.768921 -0.594705 0.234705 -0.0912284 -0.0623839 0.43514 0.898199 -0.395841 0.636293 -0.676002 0.371688 -0.184576 0 0 0 1 
-0.835293 -0.506621 0.213589 -0.0328605 -0.141163 0.573077 0.807252 -0.48129 0.531374 -0.644141 0.550203 -0.138931 0 0 0 1 
-0.882582 -0.434149 0.180457 -0.0799927 -0.143921 0.61487 0.775385 -0.550938 0.44759 -0.658369 0.605155 -0.0913574 0 0 0 1 
-0.913874 -0.338154 0.224691 -0.447798 0.0628505 0.428926 0.901151 -0.565478 0.401104 -0.83766 0.370731 -0.059209 0 0 0 1 
-0.941309 -0.241224 0.23611 -0.831686 0.204858 0.147674 0.967588 -0.468561 0.268273 -0.959168 0.0895898 -0.0257839 0 0 0 1 
-0.908448 -0.340014 0.243133 -0.814575 0.20687 0.139713 0.968342 -0.467624 0.363219 -0.929985 0.0565832 0.0418921 0 0 0 1 
-0.863142 -0.452377 0.224368 -0.644708 0.165253 0.166805 0.972044 -0.431172 0.477155 -0.876089 0.0692201 0.0378903 0 0 0 1 
-0.803987 -0.556546 0.209433 -0.464287 0.11453 0.200675 0.972941 -0.388003 0.583514 -0.806218 0.0975983 -0.0111766 0 0 0 1 
-0.733729 -0.648368 0.203129 -0.292644 0.0579899 0.238114 0.969505 -0.339964 0.676963 -0.723133 0.137113 -0.0996983 0 0 0 1 
-0.656059 -0.725474 0.208026 -0.145816 -2.11014e-06 0.275639 0.961262 -0.289578 0.75471 -0.630644 0.180837 -0.215643 0 0 0 1 
-0.982893 -0.149942 -0.106949 0.575011 -0.0095778 -0.53829 0.842705 0.323583 0.183926 -0.829314 -0.527646 1.92209 0 0 0 1 
-0.847782 -0.513227 -0.133655 0.568445 0.0120103 -0.270531 0.962636 -0.267852 0.530209 -0.8145 -0.235515 0.998858 0 0 0 1 
-0.594744 -0.803101 -0.0361702 0.0598794 -0.0726825 0.00890869 0.997315 -0.605204 0.800623 -0.595776 0.0636699 0.0840001 0 0 0 1 
-0.43805 -0.896893 0.0607841 -0.470037 -0.0398381 0.0869185 0.995419 -0.803477 0.898067 -0.433622 0.073805 -0.220103 0 0 0 1 
-0.677224 -0.73535 0.0250514 -0.372398 0.474396 -0.410365 0.778813 -0.699004 0.56242 -0.539315 -0.626756 1.00608 0 0 0 1 
-0.892172 -0.356428 0.277465 -0.924734 0.410743 -0.895754 0.170046 0.898894 -0.187931 -0.265678 -0.945567 2.01687 0 0 0 1 
-0.989016 -0.12002 0.0862774 -0.543019 0.137778 -0.537148 0.832159 0.210325 0.0535321 -0.834906 -0.547784 1.47165 0 0 0 1 
-0.992514 -0.122038 0.00481443 -0.245893 0.0617828 -0.467684 0.881734 0.218102 0.105353 -0.875431 -0.471722 1.53274 0 0 0 1 
-0.988434 -0.144199 -0.0469732 0.0485184 0.0275736 -0.475447 0.879313 0.257574 0.149129 -0.867847 -0.473923 1.67558 0 0 0 1 
-0.981368 -0.170952 -0.0877108 0.353907 0.0130014 -0.51453 0.857374 0.29649 0.1917 -0.840259 -0.507165 1.81812 0 0 0 1 
-0.97192 -0.193139 -0.134417 0.674817 -0.0095778 -0.53829 0.842705 0.323583 0.235115 -0.82033 -0.521325 1.88936 0 0 0 1 
-0.728555 -0.353443 -0.586759 -0.282198 0.503662 -0.856976 -0.109164 -1.47304 0.464255 0.37506 -0.80237 -0.0608655 0 0 0 1 
-0.463921 -0.41067 -0.784938 -1.023 0.347939 -0.899323 0.264872 -1.13845 0.814687 0.150231 -0.560103 -0.826358 0 0 0 1 
-0.128626 -0.574308 -0.808471 -1.94836 0.0894703 -0.818639 0.567296 -0.644652 0.987649 -0.000635058 -0.156682 -1.08754 0 0 0 1 
0.0759793 -0.614187 -0.785494 -2.70679 0.0875955 -0.780614 0.618844 -0.676667 0.993254 0.115825 0.00551048 -0.995517 0 0 0 1 
-0.0732359 -0.30029 -0.951032 -3.07535 0.857409 -0.506024 0.0937514 -2.14307 0.509398 0.808558 -0.29453 0.236175 0 0 0 1 
-0.1887 -0.291096 -0.9379 -3.75216 0.826219 0.469164 -0.311845 -1.73479 -0.530805 0.833756 -0.151977 2.57291 0 0 0 1 
-0.465986 -0.249229 -0.848966 -2.51602 0.87757 -0.252534 -0.407551 -2.91997 0.112819 0.93494 -0.336393 -0.0487104 0 0 0 1 
-0.552236 -0.268703 -0.789199 -1.87919 0.783551 -0.490614 -0.381242 -2.61749 0.284751 0.828913 -0.481477 -0.41467 0 0 0 1 
-0.609733 -0.297314 -0.734732 -1.33676 0.694403 -0.647303 -0.31433 -2.2527 0.38214 0.701857 -0.601137 -0.385852 0 0 0 1 
-0.657677 -0.324845 -0.679659 -0.813412 0.608429 -0.761042 -0.225009 -1.87737 0.444156 0.561508 -0.698166 -0.198122 0 0 0 1 
-0.703259 -0.33333 -0.627947 -0.284997 0.503662 -0.856976 -0.109164 -1.47304 0.501748 0.393044 -0.770562 -0.0460131 0 0 0 1 
-0.648352 -0.366767 -0.667175 -0.733258 0.569475 -0.815244 -0.105242 -1.73199 0.505311 0.448173 -0.737429 -0.123021 0 0 0 1 
-0.402115 -0.285631 -0.869896 -1.4729 0.27828 -0.943275 0.181088 -1.01694 0.872275 0.169257 -0.45879 -0.857987 0 0 0 1 
-0.121592 -0.384173 -0.91522 -2.26122 -0.110077 -0.911154 0.39709 -0.177305 0.986457 -0.149027 -0.0685 -0.850276 0 0 0 1 
0.106706 -0.466619 -0.877998 -3.06349 -0.13052 -0.881972 0.452869 -0.127302 0.985687 -0.0662728 0.155015 -0.602234 0 0 0 1 
0.255556 -0.298535 -0.919548 -4.25721 0.895754 -0.284744 0.341387 -1.90898 0.363752 0.910933 -0.194645 0.933243 0 0 0 1 
0.432717 -0.43867 -0.787607 -5.74704 0.517628 0.83617 -0.18133 -0.477835 -0.738117 0.329223 -0.588893 2.73634 0 0 0 1 
0.0231425 -0.227347 -0.973539 -4.61074 0.925843 -0.362541 0.106671 -2.0702 0.377199 0.903813 -0.202098 -0.776346 0 0 0 1 
-0.174831 -0.177823 -0.968408 -3.68643 0.791333 -0.610613 -0.0307392 -1.92403 0.585856 0.771707 -0.247471 -1.0788 0 0 0 1 
-0.350658 -0.208038 -0.913105 -2.69493 0.696857 -0.709333 -0.106001 -1.83633 0.625643 0.673474 -0.393706 -0.895805 0 0 0 1 
-0.499734 -0.28485 -0.818002 -1.69188 0.640186 -0.757602 -0.127286 -1.81163 0.583462 0.587282 -0.560956 -0.47246 0 0 0 1 
-0.621017 -0.342809 -0.704855 -0.738692 0.569475 -0.815244 -0.105242 -1.73199 0.53855 0.466754 -0.701502 -0.0844765 0 0 0 1 
-0.694659 -0.691474 0.198276 -0.134329 -2.16346e-06 0.275638 0.961262 -0.289578 0.71934 -0.667748 0.191476 -0.222978 0 0 0 1 
-0.885409 -0.418331 0.202606 -0.0361028 -0.00431128 0.443261 0.896382 -0.42469 0.464793 -0.792791 0.394271 -0.0980597 0 0 0 1 
-0.983352 -0.115008 0.140687 0.0366981 0.04577 0.592502 0.804268 -0.57697 0.175855 -0.797317 0.577373 0.0448185 0 0 0 1 
-0.997874 0.0355989 0.0545883 0.0412461 0.0647679 0.634642 0.770087 -0.653544 0.00722978 -0.771986 0.635599 0.115499 0 0 0 1 
-0.980226 -0.197705 0.0083444 -0.0734528 -0.0766266 0.418119 0.905154 -0.498575 0.182443 -0.886617 0.425001 -0.0296417 0 0 0 1 
-0.856703 -0.509584 -0.0798975 -0.211437 -0.126035 0.0566009 0.99041 -0.311043 0.500175 -0.858557 0.112715 -0.219487 0 0 0 1 
-0.799786 -0.596333 -0.0687694 -0.218054 -0.122083 0.0494179 0.991289 -0.311581 0.58774 -0.801215 0.112326 -0.216672 0 0 0 1 
-0.765383 -0.643476 -0.011341 -0.202705 -0.0996464 0.101078 0.989876 -0.306786 0.635815 -0.758764 0.141484 -0.213233 0 0 0 1 
-0.731845 -0.679043 0.0574826 -0.184194 -0.0709815 0.159848 0.984586 -0.301188 0.677765 -0.716484 0.165184 -0.211768 0 0 0 1 
-0.696433 -0.705267 0.132589 -0.164524 -0.0369969 0.219803 0.974843 -0.29529 0.716668 -0.674007 0.17917 -0.212628 0 0 0 1 
-0.656059 -0.725474 0.208026 -0.145815 -2.15112e-06 0.275638 0.961261 -0.289578 0.754709 -0.630644 0.180837 -0.215643 0 0 0 1 
-0.885961 -0.310718 -0.344279 0.145179 -0.203642 -0.406313 0.890752 -0.204202 0.416658 -0.859281 -0.296702 0.0643368 0 0 0 1 
-0.88707 -0.420293 -0.190946 0.558047 -0.125147 -0.179199 0.975821 -0.44638 0.444348 -0.889518 -0.106364 0.672615 0 0 0 1 
-0.868993 -0.494617 -0.0143156 0.673441 -0.0532429 0.0647016 0.996483 -0.778236 0.491951 -0.866699 0.0825601 1.40435 0 0 0 1 
-0.884514 -0.459946 -0.0780057 0.701507 -0.125656 0.073861 0.98932 -1.04501 0.449272 -0.884869 0.123126 1.75294 0 0 0 1 
-0.729527 0.0791202 -0.67936 1.28241 -0.642747 -0.418862 0.641428 -0.700048 0.233809 -0.904597 -0.356426 1.25664 0 0 0 1 
-0.16955 0.795528 -0.581712 1.13032 -0.923271 -0.334675 -0.188585 0.226021 0.344709 -0.505103 -0.791231 0.68656 0 0 0 1 
-0.364079 0.598341 -0.713747 0.940037 -0.910921 -0.388459 0.139008 -0.230344 0.194087 -0.700777 -0.686471 0.226553 0 0 0 1 
-0.569517 0.37915 -0.729312 0.718015 -0.795368 -0.478134 0.372531 -0.339931 0.207464 -0.792233 -0.573869 0.108992 0 0 0 1 
-0.731674 0.133898 -0.668375 0.500013 -0.626482 -0.518531 0.581933 -0.354003 0.268653 -0.84451 -0.46328 0.0621493 0 0 0 1 
-0.832316 -0.118668 -0.541451 0.309638 -0.421987 -0.497722 0.75776 -0.299295 0.359413 -0.859181 -0.364185 0.0558347 0 0 0 1 
-0.86294 -0.355264 -0.359335 0.148347 -0.203642 -0.406313 0.890753 -0.204202 0.462454 -0.841842 -0.278277 0.0566502 0 0 0 1 
-0.707274 0.691763 0.145698 0.12286 -0.702331 -0.711073 -0.0332632 -1.95345 -0.080592 0.125855 -0.98877 -2.61652 0 0 0 1 
-0.8204 0.562937 0.100229 0.107055 -0.552328 -0.825549 0.115769 -1.66483 -0.147915 -0.0396171 -0.988206 -2.28544 0 0 0 1 
-0.910702 0.406522 0.073226 -0.146187 -0.375077 -0.88811 0.265665 -1.35769 -0.173031 -0.214476 -0.96128 -1.69743 0 0 0 1 
-0.902129 0.428638 0.049326 -0.0137866 -0.378855 -0.84164 0.384851 -1.38035 -0.206477 -0.328498 -0.921659 -1.24271 0 0 0 1 
-0.50945 0.845653 -0.15916 1.5951 -0.843993 -0.455 0.28399 -1.46906 -0.16774 -0.279009 -0.945525 -0.784767 0 0 0 1 
0.0714022 0.989333 -0.126973 1.94168 -0.976017 0.0430534 -0.213397 -0.256892 0.205654 -0.139165 -0.968679 -0.12886 0 0 0 1 
0.107994 0.97823 0.177209 2.52952 -0.992033 0.0944052 0.0834227 -0.901748 -0.0648772 0.184806 -0.980632 -1.44031 0 0 0 1 
-0.0889217 0.972666 0.214507 2.18594 -0.988536 -0.112566 0.100634 -1.36892 -0.12203 0.203099 -0.971524 -1.91634 0 0 0 1 
-0.313247 0.927798 0.202653 1.57666 -0.940829 -0.332235 0.0667903 -1.7316 -0.129296 0.16974 -0.97697 -2.24745 0 0 0 1 
-0.530261 0.833588 0.15477 0.811337 -0.842142 -0.538969 0.017594 -1.92968 -0.0980824 0.121009 -0.987794 -2.46433 0 0 0 1 
-0.710523 0.697401 0.0937504 -0.0142472 -0.702331 -0.711073 -0.033263 -1.95345 -0.0434658 0.0894779 -0.99504 -2.61937 0 0 0 1 
-0.642196 0.726917 0.243263 0.540248 -0.750171 -0.661229 -0.00451475 -2.1005 -0.15757 0.185388 -0.96995 -2.89677 0 0 0 1 
-0.767515 0.608394 0.201933 0.48189 -0.596047 -0.793246 0.124456 -1.82718 -0.2359 0.0248396 -0.97146 -2.61334 0 0 0 1 
-0.870457 0.459883 0.175535 0.178684 -0.411169 -0.875346 0.254379 -1.52107 -0.270639 -0.149251 -0.951041 -2.07445 0 0 0 1 
-0.862487 0.482688 0.152078 0.309358 -0.401309 -0.835404 0.375567 -1.4856 -0.308329 -0.262891 -0.914232 -1.64131 0 0 0 1 
-0.461511 0.884344 -0.0703047 1.92958 -0.845532 -0.414501 0.336546 -1.39168 -0.268482 -0.214765 -0.939039 -1.18038 0 0 0 1 
0.128496 0.988156 -0.0838802 2.24027 -0.985561 0.117837 -0.121591 -0.149346 0.110267 -0.0982929 -0.98903 -0.545577 0 0 0 1 
0.190611 0.957876 0.214807 2.9222 -0.972037 0.153594 0.177631 -0.671354 -0.137156 0.242658 -0.960368 -1.69933 0 0 0 1 
-0.00221299 0.963 0.269493 2.62277 -0.981414 -0.0538048 0.184205 -1.20732 -0.19189 0.264076 -0.945221 -2.156 0 0 0 1 
-0.229287 0.933458 0.275834 2.03135 -0.95219 -0.273886 0.135359 -1.66833 -0.201899 0.23161 -0.951627 -2.49969 0 0 0 1 
-0.455658 0.856278 0.243237 1.25264 -0.872743 -0.483525 0.0672579 -1.974 -0.175203 0.181637 -0.967632 -2.74301 0 0 0 1 
-0.649563 0.735623 0.192166 0.387902 -0.750171 -0.661229 -0.00451466 -2.1005 -0.123745 0.14709 -0.981352 -2.92107 0 0 0 1 
-0.992879 -0.118965 0.00627682 -0.281546 -0.0160252 0.185584 0.982498 -0.272449 0.118048 -0.9754 0.186169 -0.382345 0 0 0 1 
-0.955699 -0.271643 0.113353 -0.120173 -0.00154731 0.389734 0.920926 -0.343381 0.294341 -0.879953 0.372888 -0.430266 0 0 0 1 
-0.884063 -0.394271 0.250965 -0.321732 -0.0245583 0.575422 0.817488 -0.387563 0.466723 -0.716547 0.518392 -0.289039 0 0 0 1 
-0.861928 -0.410763 0.297245 -0.59253 -0.0191852 0.612247 0.790434 -0.454291 0.506668 -0.675594 0.535594 -0.100761 0 0 0 1 
-0.980865 -0.17041 0.0941522 -0.530332 0.0535139 0.228989 0.971957 -0.488171 0.187191 -0.958397 0.215488 0.146308 0 0 0 1 
-0.955656 0.294478 -0.00198116 -1.27934 -0.0903959 -0.286942 0.953673 -0.0641177 -0.280267 -0.911563 -0.300838 0.641667 0 0 0 1 
-0.856342 0.516117 0.0174099 -1.61437 -0.136756 -0.259158 0.956104 -0.101861 -0.497973 -0.816371 -0.29251 0.6093 0 0 0 1 
-0.91576 0.401536 -0.0123501 -1.3027 -0.087226 -0.168734 0.981795 -0.18481 -0.392142 -0.900165 -0.189544 0.49207 0 0 0 1 
-0.973615 0.226497 -0.0278306 -0.930129 -0.0421494 -0.0586288 0.99739 -0.247302 -0.224274 -0.972246 -0.0666286 0.284546 0 0 0 1 
-0.99959 0.0222059 -0.0180595 -0.578365 -0.0166074 0.063926 0.997817 -0.278042 -0.0233121 -0.997708 0.063531 -0.0133265 0 0 0 1 
-0.98534 -0.169851 0.0160116 -0.301171 -0.0160252 0.185584 0.982498 -0.272449 0.169849 -0.967837 0.185586 -0.367086 0 0 0 1 
-0.766091 -0.642447 0.0191443 -0.0560565 0.252449 -0.273375 0.928189 -0.811111 0.591079 -0.71591 -0.371615 -0.859643 0 0 0 1 
-0.758114 -0.649989 -0.052701 -0.343604 0.269911 -0.386322 0.881988 -1.06324 0.593643 -0.654423 -0.468315 -1.33707 0 0 0 1 
-0.743771 -0.661415 -0.0966119 -0.519584 0.308508 -0.467895 0.828189 -1.36154 0.592981 -0.586178 -0.552059 -1.79986 0 0 0 1 
-0.731082 -0.673287 -0.110468 -0.577703 0.336796 -0.496927 0.79977 -1.52035 0.593369 -0.547493 -0.590055 -2.03829 0 0 0 1 
-0.727427 -0.680204 -0.0904088 -0.533063 0.304457 -0.438018 0.845841 -1.24075 0.614945 -0.587761 -0.525719 -1.72969 0 0 0 1 
-0.730674 -0.682243 -0.0256935 -0.32513 0.269304 -0.322596 0.907418 -0.870709 0.627368 -0.656108 -0.419443 -1.23134 0 0 0 1 
-0.730674 -0.682243 -0.0256933 -0.32513 0.269304 -0.322595 0.907418 -0.870709 0.627368 -0.656107 -0.419443 -1.23134 0 0 0 1 
-0.734249 -0.678501 -0.0226917 -0.282042 0.263487 -0.315623 0.911569 -0.85526 0.625663 -0.663339 -0.410522 -1.14429 0 0 0 1 
-0.738171 -0.674405 -0.0168046 -0.22427 0.258269 -0.305525 0.916489 -0.839405 0.623218 -0.672185 -0.399708 -1.0451 0 0 0 1 
-0.742061 -0.670284 -0.00803504 -0.15443 0.254432 -0.292727 0.921724 -0.825084 0.620169 -0.681931 -0.387763 -0.941785 0 0 0 1 
-0.745581 -0.666409 0.00291391 -0.0777107 0.252319 -0.278243 0.926777 -0.813652 0.616802 -0.691723 -0.3756 -0.842223 0 0 0 1 
-0.75176 -0.585698 0.30301 1.22894 0.315494 0.0840509 0.945198 -0.897488 0.579069 -0.806159 -0.121598 0.33684 0 0 0 1 
-0.739823 -0.580263 0.340525 1.44054 0.354915 0.0933876 0.930223 -1.06182 0.571574 -0.809057 -0.136854 0.26532 0 0 0 1 
-0.724423 -0.590796 0.355206 1.53479 0.401956 0.0566002 0.913908 -1.20763 0.560038 -0.804833 -0.196471 -0.0564886 0 0 0 1 
-0.712968 -0.610072 0.345671 1.50004 0.427811 0.0121244 0.903787 -1.2748 0.555566 -0.792253 -0.252351 -0.365478 0 0 0 1 
-0.713324 -0.633968 0.298752 1.24314 0.383291 0.0039781 0.923619 -1.08545 0.586734 -0.773349 -0.240157 -0.325032 0 0 0 1 
-0.722225 -0.655657 0.220241 0.798578 0.320428 -0.0349807 0.946627 -0.822327 0.612958 -0.754249 -0.235355 -0.335738 0 0 0 1 
-0.722225 -0.655657 0.220241 0.798579 0.320428 -0.0349804 0.946627 -0.822326 0.612958 -0.754249 -0.235354 -0.335738 0 0 0 1 
-0.724551 -0.646241 0.239579 0.914507 0.318491 -0.00566903 0.947909 -0.830434 0.61122 -0.763113 -0.209929 -0.17171 0 0 0 1 
-0.727098 -0.635554 0.259614 1.03459 0.316794 0.0248877 0.948168 -0.845552 0.609073 -0.771656 -0.183244 0.000650048 0 0 0 1 
-0.729618 -0.624524 0.278616 1.14851 0.315697 0.0538087 0.947333 -0.866709 0.606624 -0.77915 -0.1579 0.164823 0 0 0 1 
-0.731894 -0.614075 0.295372 1.24901 0.315362 0.079005 0.945677 -0.89121 0.604052 -0.785284 -0.135832 0.308447 0 0 0 1 
-0.906269 -0.422515 0.0125557 -0.4211 0.00625506 0.0162953 0.999848 -0.0484037 0.422656 -0.906209 0.0121251 1.45878 0 0 0 1 
-0.903502 -0.428441 0.0110344 -0.42826 0.00571734 0.0136948 0.99989 -0.0521693 0.428545 -0.903466 0.0099237 1.44355 0 0 0 1 
-0.897892 -0.440053 0.0119862 -0.402759 0.00599649 0.0149993 0.999869 -0.0502791 0.440176 -0.897846 0.010829 1.45735 0 0 0 1 
-0.891403 -0.452993 0.0141112 -0.362244 0.00681119 0.0177425 0.999819 -0.0467367 0.453161 -0.891338 0.0127303 1.48046 0 0 0 1 
-0.885167 -0.465101 0.0126687 -0.357155 0.00613958 0.0155504 0.99986 -0.0494885 0.465233 -0.885121 0.0109091 1.47179 0 0 0 1 
-0.882907 -0.469364 0.0131727 -0.344176 0.0062548 0.0162948 0.999848 -0.0484042 0.469507 -0.882855 0.0114511 1.47882 0 0 0 1 
-0.882907 -0.469364 0.0131729 -0.344176 0.00625491 0.016295 0.999848 -0.0484047 0.469507 -0.882855 0.0114512 1.47882 0 0 0 1 
-0.882842 -0.469495 0.0128705 -0.346614 0.0061531 0.0158397 0.999856 -0.0486565 0.469631 -0.882793 0.0110952 1.4761 0 0 0 1 
-0.882861 -0.469455 0.0129599 -0.346297 0.00618403 0.0159726 0.999853 -0.0491204 0.469594 -0.882812 0.0111984 1.47667 0 0 0 1 
-0.882843 -0.469492 0.0128721 -0.346644 0.00615558 0.0158382 0.999856 -0.0487266 0.469628 -0.882795 0.0110928 1.47606 0 0 0 1 
-0.882907 -0.469364 0.013173 -0.344177 0.00625488 0.0162954 0.999848 -0.0484052 0.469507 -0.882855 0.0114516 1.47882 0 0 0 1 
-0.906268 -0.419815 0.0493311 -0.127867 0.00625339 0.103375 0.994623 0.075407 0.422658 -0.901703 0.0910605 2.08572 0 0 0 1 
-0.903951 -0.424692 0.0501055 -0.114371 0.00639271 0.103735 0.994584 0.0755791 0.427589 -0.899375 0.0910563 2.08838 0 0 0 1 
-0.898319 -0.436275 0.0518478 -0.0826561 0.00667024 0.104455 0.994507 0.0759194 0.439294 -0.89373 0.0909238 2.09398 0 0 0 1 
-0.891402 -0.450041 0.053537 -0.047773 0.00680948 0.104815 0.994469 0.0760739 0.453163 -0.886836 0.0903676 2.09722 0 0 0 1 
-0.885446 -0.461579 0.0541262 -0.0252594 0.00653149 0.104095 0.994546 0.0757932 0.464696 -0.880971 0.0891554 2.09348 0 0 0 1 
-0.882906 -0.466432 0.054029 -0.0185344 0.00625327 0.103375 0.994623 0.075406 0.469509 -0.878496 0.0883536 2.08955 0 0 0 1 
-0.882906 -0.466431 0.0540292 -0.018534 0.00625338 0.103375 0.994623 0.0754056 0.469509 -0.878496 0.0883536 2.08955 0 0 0 1 
-0.882906 -0.466432 0.0540288 -0.0182574 0.00625344 0.103375 0.994623 0.0757986 0.469509 -0.878496 0.0883536 2.08969 0 0 0 1 
-0.882906 -0.466431 0.054029 -0.0187445 0.00625342 0.103375 0.994623 0.0751491 0.469509 -0.878496 0.0883537 2.08943 0 0 0 1 
-0.882906 -0.466432 0.054029 -0.0183063 0.00625336 0.103375 0.994623 0.0757354 0.469509 -0.878496 0.0883539 2.08967 0 0 0 1 
-0.882906 -0.466431 0.0540292 -0.0185342 0.00625334 0.103375 0.994623 0.0754047 0.469509 -0.878496 0.088354 2.08955 0 0 0 1 
-0.519604 -0.797625 -0.306277 -0.134942 -0.23732 -0.209628 0.948544 -0.760066 0.820787 -0.565553 0.0803691 0.449333 0 0 0 1 
-0.517287 -0.806419 -0.286536 0.0709753 -0.278265 -0.158132 0.947398 -0.971511 0.80931 -0.569809 0.142599 0.839114 0 0 0 1 
-0.509362 -0.818569 -0.26551 0.219339 -0.334736 -0.0957715 0.937432 -1.22281 0.792781 -0.566368 0.225222 1.27539 0 0 0 1 
-0.498961 -0.830308 -0.248247 0.290748 -0.371246 -0.0540495 0.92696 -1.36493 0.78308 -0.554678 0.28128 1.53259 0 0 0 1 
-0.482955 -0.843394 -0.235463 0.296271 -0.333486 -0.0714803 0.940041 -1.13432 0.809656 -0.532521 0.246738 1.28962 0 0 0 1 
-0.469768 -0.853616 -0.225074 0.216087 -0.283794 -0.0953972 0.954128 -0.82357 0.83593 -0.512094 0.197436 0.924002 0 0 0 1 
-0.469768 -0.853616 -0.225074 0.216088 -0.283794 -0.0953968 0.954128 -0.823569 0.83593 -0.512094 0.197437 0.924003 0 0 0 1 
-0.470869 -0.848063 -0.243047 0.147684 -0.271979 -0.122532 0.95447 -0.804234 0.839232 -0.515534 0.172959 0.814261 0 0 0 1 
-0.472333 -0.841363 -0.262698 0.0669123 -0.259532 -0.15207 0.953687 -0.785942 0.842345 -0.518636 0.146533 0.693077 0 0 0 1 
-0.474074 -0.833885 -0.282647 -0.0213861 -0.247673 -0.181756 0.951642 -0.770865 0.844933 -0.521153 0.120365 0.570571 0 0 0 1 
-0.475936 -0.826131 -0.301651 -0.111241 -0.23732 -0.209628 0.948544 -0.760065 0.846855 -0.523034 0.0962884 0.455779 0 0 0 1 
-0.514047 -0.857585 0.0174425 1.388 -0.309769 0.204565 0.928545 -1.04358 0.799874 -0.471912 0.370809 1.74767 0 0 0 1 
-0.515367 -0.851146 0.0997373 1.87582 -0.361387 0.321384 0.875278 -1.52592 0.777043 -0.415045 0.473224 2.29486 0 0 0 1 
-0.510422 -0.848166 0.141718 2.114 -0.418061 0.38877 0.821025 -1.9841 0.751462 -0.359822 0.553021 2.69419 0 0 0 1 
-0.500874 -0.853639 0.142918 2.10832 -0.448577 0.397243 0.80061 -2.1568 0.740205 -0.336895 0.581892 2.82063 0 0 0 1 
-0.483659 -0.869071 0.103873 1.87552 -0.402009 0.325995 0.855638 -1.7076 0.777472 -0.372079 0.507045 2.41795 0 0 0 1 
-0.468064 -0.883662 0.00750369 1.30424 -0.332413 0.18393 0.925025 -1.0869 0.81879 -0.430477 0.379831 1.72883 0 0 0 1 
-0.468064 -0.883662 0.00750332 1.30424 -0.332412 0.183929 0.925025 -1.0869 0.81879 -0.430477 0.379831 1.72882 0 0 0 1 
-0.46875 -0.883112 0.019663 1.37732 -0.327168 0.19425 0.924786 -1.08753 0.820509 -0.42706 0.379981 1.72967 0 0 0 1 
-0.469614 -0.882387 0.029262 1.43441 -0.321228 0.201645 0.925285 -1.08036 0.82236 -0.425127 0.378142 1.71974 0 0 0 1 
-0.470563 -0.881671 0.0350323 1.46804 -0.315236 0.205064 0.926594 -1.06507 0.824134 -0.424977 0.374429 1.69972 0 0 0 1 
-0.471481 -0.881107 0.0368246 1.47756 -0.309769 0.204565 0.928546 -1.04357 0.825681 -0.426384 0.369388 1.67263 0 0 0 1 
-0.707105 -0.706997 0.0125553 0.970233 0.0003049 0.0174509 0.999848 -0.0168238 0.707108 -0.707001 0.0121241 -0.451069 0 0 0 1 
-0.703635 -0.710463 0.0117803 0.961227 0.000716943 0.0158691 0.999874 -0.0189819 0.71056 -0.703555 0.0106568 -0.468778 0 0 0 1 
-0.694262 -0.719608 0.0128118 0.962133 0.000639576 0.0171841 0.999852 -0.0167532 0.719722 -0.694167 0.0114699 -0.473226 0 0 0 1 
-0.682712 -0.730552 0.0141105 0.963512 0.000332041 0.0190011 0.999819 -0.0140729 0.730687 -0.682594 0.0127296 -0.475474 0 0 0 1 
-0.673344 -0.739211 0.0132642 0.949198 0.000494424 0.0174905 0.999847 -0.016758 0.73933 -0.673247 0.0114116 -0.497758 0 0 0 1 
-0.669129 -0.743029 0.0131723 0.945294 0.000304848 0.0174507 0.999848 -0.0168238 0.743146 -0.669031 0.0114502 -0.501229 0 0 0 1 
-0.669129 -0.743029 0.0131723 0.945295 0.000304926 0.0174505 0.999848 -0.0168228 0.743146 -0.669031 0.0114501 -0.501229 0 0 0 1 
-0.669129 -0.743029 0.0131722 0.945074 0.000304824 0.0174506 0.999848 -0.0175719 0.743146 -0.669031 0.0114502 -0.501798 0 0 0 1 
-0.669129 -0.743029 0.0131725 0.944967 0.000305062 0.0174506 0.999848 -0.0179262 0.743146 -0.669031 0.0114501 -0.502061 0 0 0 1 
-0.669129 -0.743029 0.0131724 0.945036 0.000304628 0.0174508 0.999848 -0.0176873 0.743146 -0.669031 0.0114504 -0.501878 0 0 0 1 
-0.669129 -0.743029 0.0131723 0.945294 0.000304746 0.0174508 0.999848 -0.0168242 0.743146 -0.669031 0.0114504 -0.501229 0 0 0 1 
-0.707106 -0.703212 0.0741251 1.45977 0.00030329 0.104527 0.994522 0.106191 0.707107 -0.703255 0.0736983 0.0384161 0 0 0 1 
-0.703244 -0.707002 0.074804 1.46214 0.000310136 0.104912 0.994481 0.106612 0.710948 -0.699386 0.0735597 0.0325083 0 0 0 1 
-0.693953 -0.715964 0.0763172 1.46704 0.000323492 0.105683 0.9944 0.107479 0.72002 -0.690092 0.0731074 0.0178331 0 0 0 1 
-0.682713 -0.726541 0.0777273 1.46951 0.00033053 0.106069 0.994359 0.107868 0.730687 -0.678887 0.0721742 -0.00275043 0 0 0 1 
-0.673168 -0.735356 0.0780785 1.46455 0.000316808 0.105297 0.994441 0.106739 0.73949 -0.66945 0.0706498 -0.0262344 0 0 0 1 
-0.66913 -0.739053 0.0778802 1.45978 0.000303238 0.104527 0.994522 0.106191 0.743145 -0.665488 0.0697177 -0.0380347 0 0 0 1 
-0.66913 -0.739054 0.0778803 1.45978 0.000303316 0.104526 0.994522 0.106193 0.743146 -0.665488 0.0697176 -0.0380343 0 0 0 1 
-0.66913 -0.739054 0.0778802 1.45956 0.000303215 0.104527 0.994523 0.105443 0.743146 -0.665488 0.0697177 -0.038603 0 0 0 1 
-0.66913 -0.739054 0.0778804 1.45945 0.000303452 0.104527 0.994522 0.105089 0.743146 -0.665488 0.0697176 -0.0388663 0 0 0 1 
-0.66913 -0.739053 0.0778804 1.45952 0.000303019 0.104527 0.994522 0.105328 0.743146 -0.665488 0.069718 -0.0386835 0 0 0 1 
-0.66913 -0.739053 0.0778802 1.45978 0.000303136 0.104527 0.994522 0.106191 0.743146 -0.665488 0.069718 -0.0380343 0 0 0 1 
-0.706766 -0.69792 0.115709 0.471455 -0.0984557 0.259004 0.960845 -0.940501 0.700563 -0.667701 0.251769 0.74576 0 0 0 1 
-0.686755 -0.725132 0.0505043 0.329597 -0.0865488 0.150559 0.984805 -0.896213 0.721718 -0.671949 0.166156 0.514436 0 0 0 1 
-0.661663 -0.749598 -0.0174879 0.17178 -0.0720991 0.0403911 0.996579 -0.884021 0.746327 -0.66066 0.0807706 0.271027 0 0 0 1 
-0.682709 -0.726517 -0.0779863 -0.0267211 -0.098421 -0.0143241 0.995042 -0.89258 0.724032 -0.686999 0.0617253 0.256003 0 0 0 1 
-0.814647 -0.564553 -0.13278 -0.381073 -0.227891 0.101078 0.968426 -0.948724 0.533307 -0.819185 0.210999 0.827446 0 0 0 1 
-0.911669 -0.350483 -0.214524 -0.868641 -0.32314 0.288966 0.901154 -1.14009 0.253849 -0.890876 0.376697 1.37401 0 0 0 1 
-0.91167 -0.350483 -0.214524 -0.86864 -0.32314 0.288966 0.901154 -1.14009 0.253849 -0.890876 0.376697 1.37401 0 0 0 1 
-0.884958 -0.445975 -0.134002 -0.538632 -0.277065 0.272974 0.92126 -1.06635 0.374279 -0.852404 0.365135 1.2993 0 0 0 1 
-0.834776 -0.548841 -0.0438544 -0.173633 -0.221026 0.261092 0.939669 -1.00188 0.504279 -0.794106 0.339262 1.1628 0 0 0 1 
-0.760756 -0.647362 0.0466159 0.187472 -0.159588 0.256193 0.953361 -0.95828 0.629112 -0.717836 0.298211 0.964117 0 0 0 1 
-0.669133 -0.731909 0.128727 0.509839 -0.0984557 0.259004 0.960845 -0.940501 0.736592 -0.630259 0.245369 0.720064 0 0 0 1 
-0.783724 -0.617825 0.0637879 -0.250014 -0.0938649 0.219334 0.971124 -0.650954 0.613976 -0.755106 0.22989 1.18821 0 0 0 1 
-0.757667 -0.652603 -0.00702342 -0.369868 -0.112662 0.120184 0.986338 -0.702339 0.642843 -0.748107 0.164583 0.976756 0 0 0 1 
-0.723181 -0.686162 -0.0786853 -0.487775 -0.126568 0.019666 0.991763 -0.777477 0.678963 -0.727183 0.101068 0.770015 0 0 0 1 
-0.757958 -0.646645 -0.0857318 -0.552843 -0.125538 0.0156333 0.991966 -1.09066 0.640109 -0.762631 0.0930277 0.859436 0 0 0 1 
-0.934593 -0.339781 0.105283 -0.720628 -0.0122099 0.32644 0.945139 -2.43948 0.355509 -0.882035 0.309238 1.64604 0 0 0 1 
-0.986692 0.00753105 0.162425 -1.41929 0.132743 0.614197 0.777908 -3.68507 0.0939022 -0.789117 0.607023 1.75839 0 0 0 1 
-0.939406 -0.232963 -0.251484 -1.755 -0.312093 0.277697 0.908561 -1.03814 0.141824 -0.931994 0.333577 1.438 0 0 0 1 
-0.907177 -0.353403 -0.228334 -1.52319 -0.314625 0.209461 0.925817 -0.655028 0.27936 -0.91172 0.301208 1.38406 0 0 0 1 
-0.873716 -0.465942 -0.13971 -1.10528 -0.255999 0.196221 0.946552 -0.571975 0.413625 -0.862783 0.290722 1.3728 0 0 0 1 
-0.824186 -0.56586 -0.0228208 -0.619568 -0.170366 0.209309 0.962894 -0.627558 0.540087 -0.797491 0.268912 1.32624 0 0 0 1 
-0.750517 -0.656498 0.075732 -0.187485 -0.0938649 0.219334 0.971124 -0.650954 0.654151 -0.721736 0.226236 1.19967 0 0 0 1 
-0.827664 -0.56044 0.0296496 -0.831275 0.0377042 -0.00281569 0.999285 1.48684 0.559956 -0.82819 -0.0234613 1.60763 0 0 0 1 
-0.813232 -0.581581 -0.0204112 -1.05806 0.0112305 -0.0507525 0.998648 0.932508 0.581831 -0.811904 -0.047805 1.35234 0 0 0 1 
-0.790442 -0.608549 -0.0697885 -1.21441 -0.0116406 -0.0989895 0.99502 0.351635 0.612427 -0.787318 -0.0711615 1.15428 0 0 0 1 
-0.821802 -0.567912 -0.0460209 -1.25678 -0.0109895 -0.064957 0.997828 -0.319827 0.569667 -0.820522 -0.0471407 1.25708 0 0 0 1 
-0.945278 -0.264471 0.19106 -1.3423 0.125897 0.24457 0.961424 -1.64524 0.300997 -0.932867 0.19789 2.00787 0 0 0 1 
-0.95675 0.0779783 0.280264 -1.96017 0.278277 0.526143 0.803576 -2.82203 0.0847977 -0.846813 0.525087 2.21713 0 0 0 1 
-0.979852 -0.12657 -0.1545 -2.65941 -0.179498 0.218843 0.959108 -0.425194 0.0875831 -0.967516 0.237153 1.67074 0 0 0 1 
-0.957032 -0.246347 -0.152978 -2.45728 -0.186664 0.119638 0.975112 0.250342 0.221914 -0.961769 0.160482 1.70671 0 0 0 1 
-0.924861 -0.36815 -0.0953854 -1.98504 -0.127637 0.064211 0.98974 0.726986 0.358248 -0.927546 0.106376 1.78787 0 0 0 1 
-0.872395 -0.488402 -0.0197472 -1.35102 -0.0398461 0.030793 0.998731 1.10462 0.487174 -0.872075 0.0463246 1.79314 0 0 0 1 
-0.797224 -0.603016 0.0283812 -0.745999 0.0377042 -0.00281569 0.999285 1.48684 0.602505 -0.797724 -0.0249809 1.64893 0 0 0 1 
