a
24
21
45
0.829015 0.543285 0.132576 0.25659 0.00362743 -0.242289 0.970197 -0.423766 -0.559215 0.803827 0.202832 0.485827 0 0 0 1 
0.829015 0.543285 0.132576 0.25659 0.00362743 -0.242289 0.970197 -0.467275 -0.559215 0.803827 0.202832 0.485827 0 0 0 1 
0.829015 0.543285 0.132576 0.25659 0.00362743 -0.242289 0.970197 -0.516372 -0.559215 0.803827 0.202832 0.485827 0 0 0 1 
0.829015 0.543285 0.132576 0.25659 0.00362743 -0.242289 0.970197 -0.568663 -0.559215 0.803827 0.202832 0.485827 0 0 0 1 
0.829015 0.543285 0.132576 0.25659 0.00362743 -0.242289 0.970197 -0.621752 -0.559215 0.803827 0.202832 0.485827 0 0 0 1 
0.829015 0.543285 0.132576 0.25659 0.00362743 -0.242289 0.970197 -0.673245 -0.559215 0.803827 0.202832 0.485827 0 0 0 1 
0.829015 0.543285 0.132576 0.25659 0.00362743 -0.242289 0.970197 -0.720745 -0.559215 0.803827 0.202832 0.485827 0 0 0 1 
0.829015 0.543285 0.132576 0.25659 0.00362743 -0.242289 0.970197 -0.761859 -0.559215 0.803827 0.202832 0.485827 0 0 0 1 
0.829015 0.543285 0.132576 0.25659 0.00362743 -0.242289 0.970197 -0.794192 -0.559215 0.803827 0.202832 0.485827 0 0 0 1 
0.829015 0.543285 0.132576 0.25659 0.00362743 -0.242289 0.970197 -0.815348 -0.559215 0.803827 0.202832 0.485827 0 0 0 1 
0.829015 0.543285 0.132576 0.25659 0.00362743 -0.242289 0.970197 -0.822932 -0.559215 0.803827 0.202832 0.485827 0 0 0 1 
0.829015 0.543285 0.132576 0.25659 0.00362743 -0.242289 0.970197 -0.815348 -0.559215 0.803827 0.202832 0.485827 0 0 0 1 
0.829015 0.543285 0.132576 0.25659 0.00362743 -0.242289 0.970197 -0.794192 -0.559215 0.803827 0.202832 0.485827 0 0 0 1 
0.829015 0.543285 0.132576 0.25659 0.00362743 -0.242289 0.970197 -0.76186 -0.559215 0.803827 0.202832 0.485827 0 0 0 1 
0.829015 0.543285 0.132576 0.25659 0.00362743 -0.242289 0.970197 -0.720745 -0.559215 0.803827 0.202832 0.485827 0 0 0 1 
0.829015 0.543285 0.132576 0.25659 0.00362743 -0.242289 0.970197 -0.673245 -0.559215 0.803827 0.202832 0.485827 0 0 0 1 
0.829015 0.543285 0.132576 0.25659 0.00362743 -0.242289 0.970197 -0.621752 -0.559215 0.803827 0.202832 0.485827 0 0 0 1 
0.829015 0.543285 0.132576 0.25659 0.00362743 -0.242289 0.970197 -0.568663 -0.559215 0.803827 0.202832 0.485827 0 0 0 1 
0.829015 0.543285 0.132576 0.25659 0.00362743 -0.242289 0.970197 -0.516372 -0.559215 0.803827 0.202832 0.485827 0 0 0 1 
0.829015 0.543285 0.132576 0.25659 0.00362743 -0.242289 0.970197 -0.467275 -0.559215 0.803827 0.202832 0.485827 0 0 0 1 
0.829015 0.543285 0.132576 0.25659 0.00362743 -0.242289 0.970197 -0.423766 -0.559215 0.803827 0.202832 0.485827 0 0 0 1 
0.694658 0.719231 -0.012553 0.0940735 -2.93556e-06 0.0174535 0.999848 -0.372632 -0.719341 0.694552 -0.0121263 0.184103 0 0 0 1 
0.694658 0.719168 -0.0157665 0.0898722 -2.94585e-06 0.0219209 0.99976 -0.416044 -0.719341 0.69449 -0.0152296 0.180046 0 0 0 1 
0.694658 0.719079 -0.0193925 0.085131 -2.95787e-06 0.0269616 0.999637 -0.465063 -0.719341 0.694405 -0.0187312 0.175467 0 0 0 1 
0.694658 0.718965 -0.0232537 0.0800812 -2.97175e-06 0.0323293 0.999477 -0.517306 -0.719341 0.694294 -0.0224599 0.170591 0 0 0 1 
0.694658 0.718827 -0.0271732 0.0749542 -2.98924e-06 0.0377781 0.999286 -0.570385 -0.719341 0.694161 -0.026245 0.165639 0 0 0 1 
0.694658 0.718673 -0.0309741 0.0699814 -3.00392e-06 0.0430619 0.999072 -0.621907 -0.719341 0.694013 -0.0299154 0.160837 0 0 0 1 
0.694658 0.718514 -0.0344795 0.0653942 -3.01922e-06 0.0479351 0.998851 -0.669465 -0.719341 0.693859 -0.0333006 0.156408 0 0 0 1 
0.694658 0.718362 -0.037513 0.061424 -3.02859e-06 0.0521521 0.998639 -0.710655 -0.719341 0.693712 -0.03623 0.152574 0 0 0 1 
0.694658 0.718233 -0.0398981 0.058302 -3.03368e-06 0.0554677 0.998461 -0.743063 -0.719341 0.693588 -0.0385332 0.149559 0 0 0 1 
0.694658 0.718145 -0.0414584 0.0562593 -3.03978e-06 0.0576369 0.998338 -0.764276 -0.719341 0.693502 -0.0400401 0.147586 0 0 0 1 
0.694658 0.718112 -0.0420178 0.0555271 -3.04446e-06 0.0584145 0.998292 -0.771883 -0.719341 0.693471 -0.0405802 0.146879 0 0 0 1 
0.694658 0.718145 -0.0414584 0.0562594 -3.04094e-06 0.0576369 0.998338 -0.764276 -0.719341 0.693502 -0.0400401 0.147586 0 0 0 1 
0.694658 0.718233 -0.0398981 0.058302 -3.03806e-06 0.0554677 0.998461 -0.743063 -0.719341 0.693588 -0.0385333 0.149559 0 0 0 1 
0.694658 0.718362 -0.037513 0.061424 -3.02859e-06 0.0521521 0.998639 -0.710656 -0.719341 0.693712 -0.03623 0.152574 0 0 0 1 
0.694658 0.718514 -0.0344795 0.0653942 -3.02125e-06 0.0479351 0.998851 -0.669465 -0.719341 0.693859 -0.0333006 0.156408 0 0 0 1 
0.694658 0.718673 -0.0309741 0.0699814 -3.00392e-06 0.0430619 0.999072 -0.621907 -0.719341 0.694013 -0.0299154 0.160837 0 0 0 1 
0.694658 0.718827 -0.0271732 0.0749542 -2.99041e-06 0.0377781 0.999286 -0.570385 -0.719341 0.694161 -0.026245 0.165639 0 0 0 1 
0.694658 0.718965 -0.0232537 0.0800812 -2.97175e-06 0.0323293 0.999477 -0.517306 -0.719341 0.694294 -0.0224599 0.170591 0 0 0 1 
0.694658 0.719079 -0.0193925 0.085131 -2.95817e-06 0.0269616 0.999636 -0.465063 -0.719341 0.694405 -0.0187312 0.175467 0 0 0 1 
0.694658 0.719168 -0.0157665 0.0898722 -2.94572e-06 0.0219209 0.99976 -0.416044 -0.719341 0.69449 -0.0152296 0.180046 0 0 0 1 
0.694658 0.719231 -0.012553 0.0940735 -2.93556e-06 0.0174535 0.999848 -0.372632 -0.719341 0.694552 -0.0121263 0.184103 0 0 0 1 
0.694658 0.691475 -0.198276 0.13433 -3.17155e-06 0.275638 0.961262 -0.351715 -0.719341 0.667747 -0.191476 0.222978 0 0 0 1 
0.694657 0.690663 -0.201089 0.130003 -3.18288e-06 0.279549 0.960132 -0.394921 -0.719341 0.666962 -0.194193 0.2188 0 0 0 1 
0.694658 0.689731 -0.204259 0.12512 -3.19102e-06 0.283956 0.958838 -0.443706 -0.719341 0.666063 -0.197254 0.214084 0 0 0 1 
0.694658 0.688724 -0.20763 0.119918 -3.20579e-06 0.288643 0.957437 -0.495705 -0.719341 0.66509 -0.20051 0.209061 0 0 0 1 
0.694658 0.687684 -0.211048 0.114636 -3.21751e-06 0.293394 0.955992 -0.548537 -0.719341 0.664086 -0.20381 0.20396 0 0 0 1 
0.694658 0.68666 -0.214358 0.109512 -3.23138e-06 0.297996 0.954567 -0.599818 -0.719341 0.663097 -0.207007 0.199012 0 0 0 1 
0.694658 0.6857 -0.217407 0.104784 -3.24478e-06 0.302234 0.953234 -0.64716 -0.719341 0.66217 -0.209952 0.194446 0 0 0 1 
0.694658 0.684859 -0.220043 0.100692 -3.25411e-06 0.305898 0.952064 -0.68816 -0.719341 0.661358 -0.212497 0.190495 0 0 0 1 
0.694658 0.684191 -0.222113 0.0974743 -3.26045e-06 0.308777 0.951135 -0.720422 -0.719341 0.660712 -0.214496 0.187387 0 0 0 1 
0.694658 0.68375 -0.223467 0.0953685 -3.27059e-06 0.310658 0.950522 -0.741538 -0.719341 0.660286 -0.215803 0.185354 0 0 0 1 
0.694658 0.683591 -0.223952 0.0946136 -3.2666e-06 0.311333 0.950301 -0.74911 -0.719341 0.660133 -0.216272 0.184625 0 0 0 1 
0.694658 0.68375 -0.223467 0.0953685 -3.27176e-06 0.310658 0.950522 -0.741538 -0.719341 0.660286 -0.215803 0.185354 0 0 0 1 
0.694657 0.684191 -0.222113 0.0974743 -3.27042e-06 0.308777 0.951135 -0.720422 -0.719341 0.660712 -0.214496 0.187387 0 0 0 1 
0.694658 0.684859 -0.220043 0.100692 -3.25411e-06 0.305898 0.952064 -0.688161 -0.719341 0.661358 -0.212497 0.190495 0 0 0 1 
0.694658 0.6857 -0.217407 0.104784 -3.24495e-06 0.302234 0.953234 -0.64716 -0.719341 0.66217 -0.209952 0.194446 0 0 0 1 
0.694658 0.68666 -0.214358 0.109512 -3.23138e-06 0.297996 0.954567 -0.599818 -0.719341 0.663097 -0.207007 0.199012 0 0 0 1 
0.694658 0.687684 -0.211048 0.114636 -3.22054e-06 0.293394 0.955992 -0.548537 -0.719341 0.664086 -0.20381 0.20396 0 0 0 1 
0.694658 0.688724 -0.20763 0.119918 -3.20579e-06 0.288643 0.957437 -0.495705 -0.719341 0.66509 -0.20051 0.209061 0 0 0 1 
0.694658 0.689731 -0.204259 0.12512 -3.19132e-06 0.283956 0.958838 -0.443706 -0.719341 0.666063 -0.197254 0.214084 0 0 0 1 
0.694658 0.690662 -0.201089 0.130003 -3.18302e-06 0.279549 0.960132 -0.394921 -0.719341 0.666962 -0.194193 0.2188 0 0 0 1 
0.694658 0.691475 -0.198276 0.13433 -3.17155e-06 0.275638 0.961262 -0.351715 -0.719341 0.667747 -0.191476 0.222978 0 0 0 1 
0.694658 0.710484 0.112531 -0.588737 -2.84429e-06 -0.156433 0.987689 -0.100029 -0.719341 0.686105 0.108666 -0.475281 0 0 0 1 
0.694657 0.710937 0.109638 -0.593794 -2.85724e-06 -0.152412 0.988317 -0.147328 -0.719341 0.686542 0.105872 -0.480165 0 0 0 1 
0.694658 0.711432 0.106372 -0.599488 -2.8638e-06 -0.147871 0.989007 -0.200737 -0.719341 0.687021 0.102718 -0.485664 0 0 0 1 
0.694658 0.711944 0.10289 -0.605536 -2.87956e-06 -0.143031 0.989718 -0.257666 -0.719341 0.687515 0.0993558 -0.491505 0 0 0 1 
0.694658 0.712447 0.0993533 -0.61166 -2.89051e-06 -0.138114 0.990417 -0.315509 -0.719341 0.688 0.0959401 -0.497418 0 0 0 1 
0.694658 0.712917 0.0959202 -0.617583 -2.90517e-06 -0.133342 0.99107 -0.371657 -0.719341 0.688454 0.0926249 -0.503138 0 0 0 1 
0.694658 0.713336 0.0927514 -0.623032 -2.92044e-06 -0.128937 0.991653 -0.423494 -0.719341 0.688859 0.0895647 -0.5084 0 0 0 1 
0.694658 0.713688 0.0900072 -0.627738 -2.92793e-06 -0.125122 0.992142 -0.468385 -0.719341 0.689199 0.0869146 -0.512945 0 0 0 1 
0.694658 0.713957 0.0878481 -0.631431 -2.93586e-06 -0.12212 0.992516 -0.503712 -0.719341 0.689459 0.0848297 -0.516511 0 0 0 1 
0.694658 0.714129 0.086435 -0.633844 -2.94561e-06 -0.120156 0.992755 -0.526834 -0.719341 0.689625 0.083465 -0.518841 0 0 0 1 
0.694658 0.71419 0.0859283 -0.634708 -2.94044e-06 -0.119451 0.99284 -0.535125 -0.719341 0.689684 0.0829757 -0.519676 0 0 0 1 
0.694658 0.714129 0.086435 -0.633844 -2.94678e-06 -0.120156 0.992755 -0.526834 -0.719341 0.689625 0.083465 -0.518841 0 0 0 1 
0.694657 0.713957 0.0878481 -0.631431 -2.94582e-06 -0.12212 0.992516 -0.503712 -0.719341 0.689459 0.0848297 -0.516511 0 0 0 1 
0.694658 0.713688 0.0900072 -0.627738 -2.92793e-06 -0.125122 0.992142 -0.468386 -0.719341 0.689199 0.0869146 -0.512945 0 0 0 1 
0.694658 0.713336 0.0927514 -0.623032 -2.92061e-06 -0.128937 0.991653 -0.423494 -0.719341 0.688859 0.0895647 -0.5084 0 0 0 1 
0.694658 0.712917 0.0959202 -0.617583 -2.90517e-06 -0.133342 0.99107 -0.371657 -0.719341 0.688454 0.0926249 -0.503138 0 0 0 1 
0.694658 0.712447 0.0993533 -0.61166 -2.89353e-06 -0.138114 0.990417 -0.315509 -0.719341 0.688 0.0959401 -0.497418 0 0 0 1 
0.694658 0.711944 0.10289 -0.605536 -2.87956e-06 -0.143031 0.989718 -0.257666 -0.719341 0.687515 0.0993558 -0.491505 0 0 0 1 
0.694658 0.711432 0.106372 -0.599488 -2.8641e-06 -0.147871 0.989007 -0.200737 -0.719341 0.687021 0.102718 -0.485664 0 0 0 1 
0.694657 0.710937 0.109638 -0.593794 -2.85737e-06 -0.152412 0.988317 -0.147328 -0.719341 0.686542 0.105872 -0.480166 0 0 0 1 
0.694658 0.710484 0.112531 -0.588737 -2.84429e-06 -0.156433 0.987689 -0.100029 -0.719341 0.686105 0.108666 -0.475281 0 0 0 1 
0.694659 0.691474 -0.198276 0.13433 -2.11014e-06 0.275639 0.961262 -0.351715 -0.71934 0.667748 -0.191476 0.222979 0 0 0 1 
0.694658 0.690661 -0.201089 0.130003 -2.16486e-06 0.279549 0.960132 -0.394921 -0.71934 0.666963 -0.194192 0.2188 0 0 0 1 
0.694659 0.68973 -0.204259 0.12512 -2.0708e-06 0.283956 0.958838 -0.443707 -0.71934 0.666064 -0.197254 0.214084 0 0 0 1 
0.694659 0.688723 -0.207631 0.119918 -2.10246e-06 0.288643 0.957437 -0.495706 -0.71934 0.665091 -0.200509 0.209061 0 0 0 1 
0.694659 0.687683 -0.211049 0.114636 -2.15275e-06 0.293394 0.955992 -0.548538 -0.71934 0.664087 -0.20381 0.20396 0 0 0 1 
0.694659 0.686659 -0.214359 0.109512 -2.12621e-06 0.297996 0.954567 -0.599819 -0.71934 0.663098 -0.207007 0.199012 0 0 0 1 
0.694658 0.685699 -0.217408 0.104784 -2.09222e-06 0.302234 0.953234 -0.647161 -0.71934 0.662171 -0.209951 0.194447 0 0 0 1 
0.694659 0.684858 -0.220043 0.100692 -2.10758e-06 0.305898 0.952065 -0.688161 -0.71934 0.661359 -0.212496 0.190495 0 0 0 1 
0.694659 0.68419 -0.222114 0.0974745 -2.16439e-06 0.308777 0.951135 -0.720422 -0.71934 0.660714 -0.214496 0.187387 0 0 0 1 
0.694659 0.683749 -0.223468 0.0953687 -2.17371e-06 0.310658 0.950522 -0.741538 -0.71934 0.660287 -0.215803 0.185354 0 0 0 1 
0.694659 0.68359 -0.223952 0.0946135 -2.10572e-06 0.311333 0.950301 -0.749111 -0.71934 0.660134 -0.216271 0.184625 0 0 0 1 
0.694659 0.683749 -0.223468 0.0953687 -2.17464e-06 0.310658 0.950522 -0.741538 -0.71934 0.660287 -0.215803 0.185354 0 0 0 1 
0.694658 0.68419 -0.222114 0.0974745 -2.16626e-06 0.308777 0.951135 -0.720422 -0.71934 0.660713 -0.214496 0.187387 0 0 0 1 
0.694659 0.684858 -0.220043 0.100692 -2.10758e-06 0.305898 0.952065 -0.688162 -0.71934 0.661359 -0.212496 0.190495 0 0 0 1 
0.694658 0.685699 -0.217408 0.104784 -2.09222e-06 0.302234 0.953234 -0.647161 -0.71934 0.662171 -0.209951 0.194447 0 0 0 1 
0.694659 0.686659 -0.214359 0.109512 -2.12621e-06 0.297996 0.954567 -0.599819 -0.71934 0.663098 -0.207007 0.199012 0 0 0 1 
0.694659 0.687683 -0.211049 0.114636 -2.24262e-06 0.293394 0.955992 -0.548538 -0.71934 0.664087 -0.20381 0.20396 0 0 0 1 
0.694659 0.688723 -0.207631 0.119918 -2.10246e-06 0.288643 0.957437 -0.495706 -0.71934 0.665091 -0.200509 0.209061 0 0 0 1 
0.694659 0.68973 -0.204259 0.12512 -2.0694e-06 0.283956 0.958838 -0.443708 -0.71934 0.666064 -0.197254 0.214084 0 0 0 1 
0.694658 0.690661 -0.201089 0.130003 -2.16532e-06 0.279549 0.960132 -0.394921 -0.71934 0.666963 -0.194192 0.2188 0 0 0 1 
0.694659 0.691474 -0.198276 0.13433 -2.11014e-06 0.275639 0.961262 -0.351715 -0.71934 0.667748 -0.191476 0.222979 0 0 0 1 
0.982893 0.149942 0.106949 -0.575011 -0.00957779 -0.53829 0.842705 0.261446 -0.183926 0.829314 0.527646 -1.92209 0 0 0 1 
0.982893 0.149942 0.106949 -0.584014 -0.00957764 -0.53829 0.842705 0.218527 -0.183926 0.829314 0.527646 -1.93078 0 0 0 1 
0.982894 0.149942 0.106949 -0.594175 -0.00957785 -0.53829 0.842705 0.170035 -0.183926 0.829314 0.527646 -1.9406 0 0 0 1 
0.982894 0.149942 0.106949 -0.605 -0.00957788 -0.53829 0.842705 0.118312 -0.183926 0.829314 0.527646 -1.95105 0 0 0 1 
0.982894 0.149942 0.106949 -0.615991 -0.00957767 -0.53829 0.842706 0.0657183 -0.183927 0.829314 0.527645 -1.96166 0 0 0 1 
0.982893 0.149942 0.106949 -0.626654 -0.00957779 -0.53829 0.842705 0.0146331 -0.183926 0.829314 0.527645 -1.97196 0 0 0 1 
0.982893 0.149942 0.106949 -0.63649 -0.00957774 -0.53829 0.842705 -0.0325605 -0.183926 0.829314 0.527646 -1.98146 0 0 0 1 
0.982893 0.149942 0.106949 -0.645005 -0.00957788 -0.53829 0.842705 -0.0734583 -0.183926 0.829314 0.527646 -1.98968 0 0 0 1 
0.982894 0.149942 0.106949 -0.651702 -0.00957762 -0.53829 0.842705 -0.105659 -0.183926 0.829314 0.527646 -1.99615 0 0 0 1 
0.982894 0.149942 0.106949 -0.656083 -0.00957788 -0.53829 0.842705 -0.12674 -0.183926 0.829314 0.527646 -2.00038 0 0 0 1 
0.982894 0.149942 0.106949 -0.657654 -0.00957794 -0.53829 0.842705 -0.134302 -0.183926 0.829314 0.527646 -2.0019 0 0 0 1 
0.982894 0.149942 0.106949 -0.656083 -0.00957767 -0.53829 0.842705 -0.126739 -0.183926 0.829314 0.527646 -2.00038 0 0 0 1 
0.982894 0.149942 0.106949 -0.651702 -0.00957764 -0.53829 0.842705 -0.105659 -0.183926 0.829314 0.527646 -1.99615 0 0 0 1 
0.982893 0.149942 0.106949 -0.645005 -0.00957797 -0.53829 0.842705 -0.0734593 -0.183926 0.829314 0.527646 -1.98968 0 0 0 1 
0.982893 0.149942 0.106949 -0.63649 -0.00957785 -0.53829 0.842705 -0.0325606 -0.183926 0.829314 0.527645 -1.98146 0 0 0 1 
0.982893 0.149942 0.106949 -0.626653 -0.00957776 -0.53829 0.842705 0.0146331 -0.183926 0.829314 0.527645 -1.97196 0 0 0 1 
0.982894 0.149942 0.106949 -0.615991 -0.00957779 -0.53829 0.842705 0.06572 -0.183926 0.829314 0.527646 -1.96166 0 0 0 1 
0.982894 0.149942 0.106949 -0.605 -0.00957794 -0.53829 0.842706 0.118312 -0.183926 0.829314 0.527646 -1.95105 0 0 0 1 
0.982893 0.149942 0.106949 -0.594176 -0.00957785 -0.53829 0.842705 0.170035 -0.183926 0.829314 0.527646 -1.94059 0 0 0 1 
0.982893 0.149942 0.106949 -0.584014 -0.00957794 -0.53829 0.842705 0.218527 -0.183926 0.829314 0.527645 -1.93078 0 0 0 1 
0.982893 0.149942 0.106949 -0.575011 -0.00957779 -0.53829 0.842705 0.261446 -0.183926 0.829314 0.527646 -1.92209 0 0 0 1 
0.728555 0.353443 0.586759 0.282197 0.503662 -0.856976 -0.109164 -1.53518 -0.464255 -0.37506 0.80237 0.0608658 0 0 0 1 
0.728555 0.353443 0.586759 0.273195 0.503662 -0.856976 -0.109165 -1.5781 -0.464254 -0.37506 0.80237 0.0521709 0 0 0 1 
0.728555 0.353443 0.586759 0.263033 0.503662 -0.856976 -0.109165 -1.62659 -0.464255 -0.375061 0.80237 0.0423588 0 0 0 1 
0.728555 0.353443 0.586759 0.252208 0.503662 -0.856976 -0.109165 -1.67831 -0.464255 -0.37506 0.80237 0.0319067 0 0 0 1 
0.728555 0.353444 0.586759 0.241219 0.503662 -0.856976 -0.109164 -1.73091 -0.464255 -0.37506 0.80237 0.0212927 0 0 0 1 
0.728555 0.353443 0.586759 0.230556 0.503662 -0.856976 -0.109164 -1.78199 -0.464255 -0.37506 0.80237 0.010995 0 0 0 1 
0.728555 0.353443 0.586758 0.220718 0.503662 -0.856976 -0.109165 -1.82919 -0.464254 -0.37506 0.80237 0.0014962 0 0 0 1 
0.728555 0.353443 0.586758 0.212203 0.503662 -0.856976 -0.109165 -1.87008 -0.464254 -0.37506 0.80237 -0.00672734 0 0 0 1 
0.728555 0.353443 0.586759 0.205508 0.503662 -0.856976 -0.109164 -1.90229 -0.464254 -0.375061 0.80237 -0.013194 0 0 0 1 
0.728555 0.353443 0.586759 0.201126 0.503662 -0.856976 -0.109165 -1.92337 -0.464255 -0.37506 0.80237 -0.0174248 0 0 0 1 
0.728555 0.353443 0.586758 0.199555 0.503662 -0.856976 -0.109165 -1.93093 -0.464254 -0.375061 0.80237 -0.0189418 0 0 0 1 
0.728555 0.353443 0.586759 0.201127 0.503662 -0.856976 -0.109165 -1.92337 -0.464255 -0.375061 0.80237 -0.0174257 0 0 0 1 
0.728555 0.353443 0.586759 0.205508 0.503662 -0.856976 -0.109164 -1.90228 -0.464254 -0.375061 0.80237 -0.013194 0 0 0 1 
0.728555 0.353443 0.586758 0.212203 0.503662 -0.856976 -0.109165 -1.87009 -0.464254 -0.37506 0.80237 -0.00672793 0 0 0 1 
0.728555 0.353443 0.586759 0.220719 0.503662 -0.856976 -0.109165 -1.82919 -0.464254 -0.37506 0.80237 0.0014956 0 0 0 1 
0.728555 0.353443 0.586759 0.230555 0.503662 -0.856976 -0.109164 -1.78199 -0.464255 -0.37506 0.80237 0.0109953 0 0 0 1 
0.728555 0.353443 0.586758 0.241217 0.503662 -0.856976 -0.109164 -1.73091 -0.464255 -0.37506 0.80237 0.021292 0 0 0 1 
0.728555 0.353443 0.586759 0.252208 0.503662 -0.856976 -0.109165 -1.67832 -0.464254 -0.37506 0.80237 0.0319058 0 0 0 1 
0.728555 0.353443 0.586758 0.263033 0.503662 -0.856976 -0.109165 -1.62659 -0.464255 -0.375061 0.80237 0.0423586 0 0 0 1 
0.728555 0.353443 0.586759 0.273195 0.503662 -0.856976 -0.109164 -1.5781 -0.464254 -0.37506 0.80237 0.0521712 0 0 0 1 
0.728555 0.353443 0.586759 0.282197 0.503662 -0.856976 -0.109164 -1.53518 -0.464255 -0.37506 0.80237 0.0608658 0 0 0 1 
0.648352 0.366768 0.667175 0.733258 0.569475 -0.815244 -0.105242 -1.79413 -0.505311 -0.448173 0.737429 0.123021 0 0 0 1 
0.648351 0.366767 0.667175 0.724256 0.569475 -0.815244 -0.105242 -1.83705 -0.505311 -0.448173 0.737429 0.114326 0 0 0 1 
0.648352 0.366768 0.667175 0.714094 0.569475 -0.815244 -0.105242 -1.88554 -0.505311 -0.448173 0.73743 0.104515 0 0 0 1 
0.648352 0.366767 0.667175 0.703269 0.569475 -0.815244 -0.105242 -1.93726 -0.505311 -0.448173 0.73743 0.0940614 0 0 0 1 
0.648351 0.366768 0.667175 0.69228 0.569475 -0.815244 -0.105242 -1.98985 -0.505311 -0.448173 0.737429 0.0834475 0 0 0 1 
0.648352 0.366767 0.667175 0.681617 0.569475 -0.815244 -0.105242 -2.04094 -0.505311 -0.448173 0.737429 0.0731502 0 0 0 1 
0.648352 0.366767 0.667175 0.671779 0.569475 -0.815244 -0.105242 -2.08813 -0.505311 -0.448173 0.737429 0.0636511 0 0 0 1 
0.648352 0.366767 0.667175 0.663264 0.569475 -0.815244 -0.105242 -2.12903 -0.505311 -0.448173 0.737429 0.0554276 0 0 0 1 
0.648351 0.366768 0.667175 0.656569 0.569475 -0.815244 -0.105242 -2.16123 -0.505311 -0.448173 0.73743 0.0489616 0 0 0 1 
0.648352 0.366767 0.667175 0.652187 0.569475 -0.815244 -0.105242 -2.18231 -0.505311 -0.448173 0.73743 0.0447302 0 0 0 1 
0.648352 0.366768 0.667175 0.650615 0.569475 -0.815244 -0.105242 -2.18988 -0.505311 -0.448173 0.73743 0.0432134 0 0 0 1 
0.648352 0.366767 0.667175 0.652188 0.569475 -0.815244 -0.105242 -2.18231 -0.505311 -0.448173 0.737429 0.0447295 0 0 0 1 
0.648351 0.366767 0.667175 0.656569 0.569475 -0.815244 -0.105242 -2.16123 -0.505311 -0.448173 0.73743 0.0489616 0 0 0 1 
0.648352 0.366767 0.667175 0.663264 0.569475 -0.815244 -0.105242 -2.12903 -0.505311 -0.448173 0.73743 0.0554276 0 0 0 1 
0.648351 0.366767 0.667175 0.67178 0.569475 -0.815244 -0.105242 -2.08813 -0.505311 -0.448173 0.737429 0.0636504 0 0 0 1 
0.648352 0.366767 0.667175 0.681616 0.569475 -0.815244 -0.105242 -2.04094 -0.505311 -0.448173 0.737429 0.0731506 0 0 0 1 
0.648352 0.366768 0.667175 0.692279 0.569475 -0.815244 -0.105242 -1.98985 -0.505311 -0.448173 0.73743 0.0834475 0 0 0 1 
0.648352 0.366767 0.667175 0.703269 0.569475 -0.815244 -0.105242 -1.93726 -0.505311 -0.448173 0.73743 0.0940609 0 0 0 1 
0.648352 0.366767 0.667175 0.714094 0.569475 -0.815244 -0.105242 -1.88554 -0.505311 -0.448173 0.737429 0.104515 0 0 0 1 
0.648352 0.366767 0.667175 0.724256 0.569475 -0.815244 -0.105242 -1.83705 -0.505311 -0.448173 0.73743 0.114326 0 0 0 1 
0.648352 0.366768 0.667175 0.733258 0.569475 -0.815244 -0.105242 -1.79413 -0.505311 -0.448173 0.737429 0.123021 0 0 0 1 
0.694659 0.691474 -0.198276 0.134329 -2.16346e-06 0.275638 0.961262 -0.351715 -0.71934 0.667748 -0.191476 0.222978 0 0 0 1 
0.694658 0.690661 -0.201089 0.130003 -2.19233e-06 0.279548 0.960132 -0.394921 -0.71934 0.666963 -0.194192 0.2188 0 0 0 1 
0.694659 0.68973 -0.204259 0.125119 -2.18255e-06 0.283955 0.958838 -0.443707 -0.71934 0.666064 -0.197253 0.214084 0 0 0 1 
0.694659 0.688723 -0.20763 0.119918 -2.18768e-06 0.288642 0.957437 -0.495705 -0.71934 0.665091 -0.200509 0.209061 0 0 0 1 
0.694659 0.687683 -0.211048 0.114635 -2.17604e-06 0.293394 0.955992 -0.548538 -0.71934 0.664087 -0.20381 0.203959 0 0 0 1 
0.694659 0.686659 -0.214358 0.109511 -2.21469e-06 0.297995 0.954568 -0.59982 -0.71934 0.663098 -0.207006 0.199011 0 0 0 1 
0.694659 0.685699 -0.217407 0.104784 -2.19513e-06 0.302234 0.953234 -0.647162 -0.71934 0.662171 -0.209951 0.194446 0 0 0 1 
0.694659 0.684858 -0.220043 0.100692 -2.14297e-06 0.305898 0.952065 -0.688161 -0.71934 0.661359 -0.212496 0.190495 0 0 0 1 
0.694659 0.68419 -0.222114 0.0974737 -2.20723e-06 0.308776 0.951135 -0.720423 -0.71934 0.660714 -0.214496 0.187387 0 0 0 1 
0.694659 0.683749 -0.223467 0.0953679 -2.23238e-06 0.310658 0.950522 -0.741539 -0.71934 0.660287 -0.215803 0.185353 0 0 0 1 
0.694659 0.68359 -0.223952 0.0946132 -2.20072e-06 0.311332 0.950301 -0.749112 -0.71934 0.660134 -0.216271 0.184624 0 0 0 1 
0.694659 0.683749 -0.223467 0.0953679 -2.23145e-06 0.310658 0.950522 -0.741539 -0.71934 0.660287 -0.215803 0.185353 0 0 0 1 
0.694659 0.68419 -0.222114 0.0974738 -2.22027e-06 0.308776 0.951135 -0.720423 -0.71934 0.660714 -0.214496 0.187387 0 0 0 1 
0.694659 0.684858 -0.220043 0.100692 -2.14297e-06 0.305898 0.952065 -0.688162 -0.71934 0.661359 -0.212496 0.190495 0 0 0 1 
0.694659 0.685699 -0.217407 0.104784 -2.19513e-06 0.302234 0.953234 -0.647162 -0.71934 0.662171 -0.209951 0.194446 0 0 0 1 
0.694659 0.686659 -0.214358 0.109511 -2.21469e-06 0.297995 0.954568 -0.59982 -0.71934 0.663098 -0.207006 0.199011 0 0 0 1 
0.694659 0.687683 -0.211048 0.114635 -2.19233e-06 0.293394 0.955992 -0.548538 -0.71934 0.664087 -0.20381 0.20396 0 0 0 1 
0.694659 0.688723 -0.20763 0.119918 -2.18768e-06 0.288642 0.957437 -0.495705 -0.71934 0.665091 -0.200509 0.209061 0 0 0 1 
0.694659 0.68973 -0.204259 0.125119 -2.16858e-06 0.283955 0.958838 -0.443708 -0.71934 0.666064 -0.197253 0.214084 0 0 0 1 
0.694659 0.690661 -0.201089 0.130003 -2.1921e-06 0.279548 0.960132 -0.394921 -0.71934 0.666963 -0.194192 0.2188 0 0 0 1 
0.694659 0.691474 -0.198276 0.134329 -2.16346e-06 0.275638 0.961262 -0.351715 -0.71934 0.667748 -0.191476 0.222978 0 0 0 1 
0.885961 0.310718 0.344279 -0.145179 -0.203642 -0.406313 0.890752 -0.26634 -0.416658 0.859281 0.296702 -0.0643368 0 0 0 1 
0.885961 0.310718 0.344279 -0.154182 -0.203642 -0.406313 0.890752 -0.309259 -0.416658 0.859281 0.296702 -0.0730312 0 0 0 1 
0.885961 0.310718 0.344279 -0.164343 -0.203642 -0.406313 0.890753 -0.357751 -0.416658 0.859281 0.296702 -0.0828438 0 0 0 1 
0.885961 0.310718 0.344279 -0.175167 -0.203642 -0.406313 0.890753 -0.409474 -0.416658 0.859282 0.296702 -0.0932966 0 0 0 1 
0.885961 0.310718 0.344279 -0.186159 -0.203642 -0.406313 0.890753 -0.462067 -0.416658 0.859281 0.296702 -0.103911 0 0 0 1 
0.885961 0.310718 0.344279 -0.196821 -0.203642 -0.406313 0.890753 -0.513153 -0.416658 0.859281 0.296702 -0.114207 0 0 0 1 
0.885961 0.310718 0.344279 -0.206658 -0.203642 -0.406313 0.890752 -0.560348 -0.416658 0.859281 0.296702 -0.123706 0 0 0 1 
0.885961 0.310718 0.344279 -0.215173 -0.203642 -0.406313 0.890753 -0.601245 -0.416658 0.859281 0.296702 -0.131929 0 0 0 1 
0.885961 0.310718 0.344279 -0.221869 -0.203642 -0.406313 0.890753 -0.633445 -0.416658 0.859281 0.296702 -0.138396 0 0 0 1 
0.885961 0.310718 0.344279 -0.226251 -0.203642 -0.406313 0.890752 -0.654525 -0.416658 0.859281 0.296702 -0.142627 0 0 0 1 
0.885961 0.310718 0.344279 -0.227821 -0.203642 -0.406313 0.890752 -0.662089 -0.416658 0.859281 0.296702 -0.144144 0 0 0 1 
0.885961 0.310718 0.344279 -0.226251 -0.203642 -0.406313 0.890752 -0.654525 -0.416658 0.859281 0.296702 -0.142627 0 0 0 1 
0.885961 0.310718 0.344279 -0.221869 -0.203642 -0.406313 0.890753 -0.633444 -0.416658 0.859281 0.296702 -0.138396 0 0 0 1 
0.885961 0.310718 0.344279 -0.215173 -0.203642 -0.406313 0.890753 -0.601246 -0.416658 0.859281 0.296702 -0.131929 0 0 0 1 
0.885961 0.310718 0.344279 -0.206658 -0.203642 -0.406313 0.890752 -0.560348 -0.416658 0.859281 0.296702 -0.123706 0 0 0 1 
0.885961 0.310718 0.344279 -0.196821 -0.203642 -0.406313 0.890753 -0.513153 -0.416658 0.859281 0.296702 -0.114207 0 0 0 1 
0.885961 0.310718 0.344279 -0.186159 -0.203642 -0.406313 0.890753 -0.462067 -0.416658 0.859281 0.296702 -0.103911 0 0 0 1 
0.885961 0.310718 0.344279 -0.175167 -0.203642 -0.406313 0.890753 -0.409474 -0.416658 0.859282 0.296702 -0.0932966 0 0 0 1 
0.885961 0.310718 0.344279 -0.164343 -0.203642 -0.406313 0.890752 -0.357751 -0.416658 0.859281 0.296702 -0.0828438 0 0 0 1 
0.885961 0.310718 0.344279 -0.154182 -0.203642 -0.406313 0.890752 -0.309259 -0.416658 0.859281 0.296702 -0.0730311 0 0 0 1 
0.885961 0.310718 0.344279 -0.145179 -0.203642 -0.406313 0.890752 -0.26634 -0.416658 0.859281 0.296702 -0.0643368 0 0 0 1 
0.707274 -0.691763 -0.145698 -0.12286 -0.702331 -0.711073 -0.0332632 -2.01559 0.080592 -0.125855 0.98877 2.61652 0 0 0 1 
0.707274 -0.691763 -0.145698 -0.131864 -0.702331 -0.711073 -0.0332633 -2.05851 0.080592 -0.125855 0.98877 2.60783 0 0 0 1 
0.707274 -0.691763 -0.145698 -0.142025 -0.702331 -0.711073 -0.0332632 -2.107 0.0805919 -0.125854 0.98877 2.59801 0 0 0 1 
0.707274 -0.691763 -0.145698 -0.152848 -0.702331 -0.711074 -0.033263 -2.15872 0.080592 -0.125854 0.98877 2.58756 0 0 0 1 
0.707274 -0.691763 -0.145698 -0.16384 -0.702331 -0.711073 -0.0332631 -2.21132 0.0805921 -0.125855 0.98877 2.57695 0 0 0 1 
0.707274 -0.691763 -0.145698 -0.174504 -0.702331 -0.711073 -0.0332632 -2.2624 0.080592 -0.125855 0.98877 2.56665 0 0 0 1 
0.707274 -0.691763 -0.145698 -0.18434 -0.702331 -0.711073 -0.0332632 -2.3096 0.0805919 -0.125855 0.98877 2.55715 0 0 0 1 
0.707274 -0.691763 -0.145698 -0.192854 -0.702331 -0.711074 -0.033263 -2.3505 0.0805921 -0.125854 0.98877 2.54893 0 0 0 1 
0.707274 -0.691763 -0.145698 -0.19955 -0.702331 -0.711073 -0.0332631 -2.3827 0.0805921 -0.125855 0.98877 2.54246 0 0 0 1 
0.707274 -0.691763 -0.145698 -0.203933 -0.702331 -0.711073 -0.0332632 -2.40378 0.0805919 -0.125855 0.98877 2.53823 0 0 0 1 
0.707274 -0.691763 -0.145698 -0.205503 -0.702331 -0.711073 -0.033263 -2.41134 0.0805921 -0.125855 0.98877 2.53671 0 0 0 1 
0.707274 -0.691763 -0.145698 -0.203933 -0.702331 -0.711073 -0.0332632 -2.40378 0.0805919 -0.125855 0.988769 2.53823 0 0 0 1 
0.707274 -0.691763 -0.145698 -0.199549 -0.702331 -0.711073 -0.033263 -2.38269 0.080592 -0.125854 0.98877 2.54246 0 0 0 1 
0.707274 -0.691763 -0.145698 -0.192854 -0.702331 -0.711074 -0.033263 -2.3505 0.0805921 -0.125854 0.98877 2.54893 0 0 0 1 
0.707274 -0.691763 -0.145698 -0.184339 -0.702331 -0.711073 -0.033263 -2.3096 0.0805919 -0.125854 0.98877 2.55715 0 0 0 1 
0.707274 -0.691763 -0.145698 -0.174504 -0.702331 -0.711073 -0.0332632 -2.2624 0.080592 -0.125855 0.98877 2.56665 0 0 0 1 
0.707274 -0.691763 -0.145698 -0.16384 -0.702331 -0.711073 -0.0332632 -2.21132 0.0805921 -0.125855 0.98877 2.57695 0 0 0 1 
0.707274 -0.691763 -0.145698 -0.152848 -0.702331 -0.711074 -0.033263 -2.15872 0.080592 -0.125854 0.98877 2.58756 0 0 0 1 
0.707274 -0.691763 -0.145698 -0.142026 -0.702331 -0.711073 -0.0332632 -2.107 0.0805919 -0.125855 0.98877 2.59801 0 0 0 1 
0.707274 -0.691763 -0.145698 -0.131864 -0.702331 -0.711073 -0.0332632 -2.05851 0.080592 -0.125855 0.98877 2.60783 0 0 0 1 
0.707274 -0.691763 -0.145698 -0.12286 -0.702331 -0.711073 -0.0332632 -2.01559 0.080592 -0.125855 0.98877 2.61652 0 0 0 1 
0.642196 -0.726917 -0.243262 -0.540248 -0.750171 -0.661228 -0.00451478 -2.16264 0.15757 -0.185388 0.96995 2.89677 0 0 0 1 
0.642195 -0.726917 -0.243263 -0.549251 -0.750171 -0.661228 -0.00451472 -2.20555 0.15757 -0.185388 0.96995 2.88807 0 0 0 1 
0.642196 -0.726917 -0.243263 -0.559412 -0.750171 -0.661229 -0.00451469 -2.25405 0.15757 -0.185388 0.96995 2.87826 0 0 0 1 
0.642196 -0.726917 -0.243263 -0.570236 -0.750171 -0.661229 -0.00451458 -2.30577 0.15757 -0.185388 0.96995 2.86781 0 0 0 1 
0.642196 -0.726917 -0.243262 -0.581228 -0.750171 -0.661229 -0.00451469 -2.35836 0.15757 -0.185388 0.96995 2.85719 0 0 0 1 
0.642196 -0.726917 -0.243263 -0.591891 -0.750171 -0.661229 -0.00451475 -2.40945 0.15757 -0.185388 0.96995 2.8469 0 0 0 1 
0.642196 -0.726917 -0.243262 -0.601726 -0.750171 -0.661229 -0.00451469 -2.45665 0.15757 -0.185388 0.96995 2.8374 0 0 0 1 
0.642196 -0.726917 -0.243263 -0.610241 -0.750171 -0.661229 -0.00451455 -2.49754 0.15757 -0.185388 0.96995 2.82918 0 0 0 1 
0.642196 -0.726917 -0.243262 -0.616937 -0.750171 -0.661229 -0.00451472 -2.52974 0.15757 -0.185388 0.96995 2.82271 0 0 0 1 
0.642196 -0.726917 -0.243262 -0.62132 -0.750171 -0.661228 -0.00451475 -2.55082 0.15757 -0.185388 0.96995 2.81848 0 0 0 1 
0.642196 -0.726917 -0.243263 -0.62289 -0.750171 -0.661228 -0.00451463 -2.55838 0.15757 -0.185388 0.96995 2.81696 0 0 0 1 
0.642195 -0.726917 -0.243263 -0.621321 -0.750171 -0.661228 -0.00451469 -2.55082 0.15757 -0.185388 0.96995 2.81848 0 0 0 1 
0.642196 -0.726917 -0.243262 -0.616936 -0.750171 -0.661229 -0.00451455 -2.52974 0.15757 -0.185388 0.96995 2.82271 0 0 0 1 
0.642196 -0.726917 -0.243263 -0.610241 -0.750171 -0.661229 -0.00451455 -2.49754 0.15757 -0.185388 0.96995 2.82918 0 0 0 1 
0.642196 -0.726917 -0.243262 -0.601726 -0.750171 -0.661229 -0.00451455 -2.45664 0.15757 -0.185388 0.96995 2.8374 0 0 0 1 
0.642196 -0.726917 -0.243263 -0.591891 -0.750171 -0.661229 -0.00451475 -2.40945 0.15757 -0.185388 0.96995 2.8469 0 0 0 1 
0.642196 -0.726917 -0.243263 -0.581228 -0.750171 -0.661229 -0.00451478 -2.35836 0.15757 -0.185388 0.96995 2.85719 0 0 0 1 
0.642196 -0.726917 -0.243263 -0.570236 -0.750171 -0.661229 -0.00451458 -2.30577 0.15757 -0.185388 0.96995 2.86781 0 0 0 1 
0.642196 -0.726917 -0.243263 -0.559413 -0.750171 -0.661228 -0.00451478 -2.25405 0.15757 -0.185388 0.96995 2.87826 0 0 0 1 
0.642196 -0.726917 -0.243262 -0.549251 -0.750171 -0.661228 -0.00451478 -2.20555 0.15757 -0.185388 0.96995 2.88807 0 0 0 1 
0.642196 -0.726917 -0.243262 -0.540248 -0.750171 -0.661228 -0.00451478 -2.16264 0.15757 -0.185388 0.96995 2.89677 0 0 0 1 
0.992879 0.118965 -0.00627682 0.281546 -0.0160252 0.185584 0.982498 -0.334588 -0.118048 0.9754 -0.186169 0.382345 0 0 0 1 
0.992879 0.1189 -0.00740813 0.270467 -0.0160252 0.194921 0.980688 -0.376961 -0.118048 0.973585 -0.195439 0.402676 0 0 0 1 
0.992879 0.118814 -0.00868384 0.257967 -0.0160253 0.205437 0.97854 -0.424478 -0.118048 0.971432 -0.205878 0.425614 0 0 0 1 
0.992879 0.118707 -0.0100415 0.244656 -0.0160253 0.216609 0.976127 -0.474739 -0.118048 0.969015 -0.216969 0.450034 0 0 0 1 
0.992879 0.118582 -0.0114185 0.231143 -0.0160253 0.227924 0.973547 -0.525406 -0.118048 0.966431 -0.228201 0.474813 0 0 0 1 
0.992879 0.118446 -0.0127526 0.218038 -0.0160254 0.238869 0.97092 -0.574198 -0.118048 0.963801 -0.239066 0.498828 0 0 0 1 
0.992879 0.118307 -0.0139819 0.20595 -0.0160254 0.248938 0.968387 -0.618902 -0.118048 0.961266 -0.249062 0.520961 0 0 0 1 
0.992879 0.118177 -0.0150447 0.195488 -0.0160254 0.257633 0.96611 -0.657355 -0.118048 0.958989 -0.257692 0.540099 0 0 0 1 
0.992879 0.118067 -0.0158797 0.187262 -0.0160254 0.264455 0.964265 -0.687445 -0.118048 0.957144 -0.264464 0.555135 0 0 0 1 
0.992879 0.117993 -0.0164256 0.181878 -0.0160254 0.268912 0.963031 -0.707058 -0.118048 0.95591 -0.268888 0.564966 0 0 0 1 
0.992879 0.117965 -0.0166212 0.179949 -0.0160254 0.270508 0.962584 -0.714076 -0.118048 0.955463 -0.270473 0.568489 0 0 0 1 
0.992879 0.117993 -0.0164256 0.181879 -0.0160254 0.268912 0.963031 -0.707058 -0.118048 0.95591 -0.268888 0.564966 0 0 0 1 
0.992879 0.118068 -0.0158797 0.187261 -0.0160255 0.264455 0.964265 -0.687444 -0.118048 0.957144 -0.264464 0.555135 0 0 0 1 
0.992879 0.118177 -0.0150447 0.195488 -0.0160254 0.257633 0.96611 -0.657356 -0.118048 0.958989 -0.257692 0.540099 0 0 0 1 
0.992879 0.118307 -0.0139819 0.20595 -0.0160254 0.248938 0.968387 -0.618902 -0.118048 0.961266 -0.249062 0.520961 0 0 0 1 
0.992879 0.118446 -0.0127526 0.218038 -0.0160254 0.238869 0.97092 -0.574198 -0.118048 0.963801 -0.239066 0.498828 0 0 0 1 
0.992879 0.118582 -0.0114185 0.231143 -0.0160253 0.227924 0.973547 -0.525406 -0.118048 0.966431 -0.228201 0.474813 0 0 0 1 
0.992879 0.118707 -0.0100415 0.244656 -0.0160253 0.216609 0.976127 -0.474739 -0.118048 0.969015 -0.216969 0.450034 0 0 0 1 
0.992879 0.118814 -0.00868386 0.257967 -0.0160253 0.205436 0.97854 -0.424478 -0.118048 0.971432 -0.205877 0.425614 0 0 0 1 
0.992879 0.1189 -0.00740812 0.270468 -0.0160252 0.194921 0.980688 -0.376961 -0.118048 0.973585 -0.195439 0.402676 0 0 0 1 
0.992879 0.118965 -0.00627682 0.281546 -0.0160252 0.185584 0.982498 -0.334588 -0.118048 0.9754 -0.186169 0.382345 0 0 0 1 
0.765705 0.643151 0.00724334 0.107698 0.250928 -0.309075 0.917337 -0.892002 -0.592225 0.700592 0.398045 0.912491 0 0 0 1 
0.76512 0.64362 0.0185828 0.130511 0.250986 -0.324696 0.911909 -0.946103 -0.592957 0.693056 0.409971 0.936655 0 0 0 1 
0.764429 0.643992 0.0303622 0.154331 0.251357 -0.341071 0.90581 -1.00755 -0.59369 0.684795 0.422596 0.962176 0 0 0 1 
0.763668 0.64425 0.0418832 0.177756 0.252068 -0.357259 0.899349 -1.0734 -0.594368 0.676246 0.435222 0.987615 0 0 0 1 
0.762875 0.644401 0.0526198 0.199708 0.253095 -0.372534 0.892839 -1.14061 -0.594949 0.667807 0.447291 1.01183 0 0 0 1 
0.762093 0.644474 0.0621842 0.219376 0.254365 -0.386333 0.886592 -1.20607 -0.595409 0.659848 0.458353 1.03392 0 0 0 1 
0.761365 0.6445 0.0703128 0.236186 0.255763 -0.398243 0.880902 -1.26665 -0.595742 0.652704 0.468047 1.05318 0 0 0 1 
0.760731 0.644504 0.0768329 0.249743 0.257142 -0.40795 0.876045 -1.31921 -0.595958 0.646678 0.476069 1.06902 0 0 0 1 
0.760232 0.644503 0.0816329 0.259772 0.258334 -0.415204 0.872278 -1.3606 -0.59608 0.642045 0.482149 1.08097 0 0 0 1 
0.759905 0.644503 0.08462 0.266037 0.259165 -0.419775 0.869841 -1.3877 -0.596136 0.639065 0.486021 1.08855 0 0 0 1 
0.759788 0.644504 0.0856622 0.268228 0.259472 -0.421381 0.868972 -1.39742 -0.596152 0.638007 0.487391 1.09122 0 0 0 1 
0.759905 0.644503 0.0846209 0.266039 0.259164 -0.419776 0.86984 -1.3877 -0.596136 0.639065 0.486022 1.08855 0 0 0 1 
0.760232 0.644503 0.0816329 0.259772 0.258334 -0.415204 0.872278 -1.36059 -0.59608 0.642045 0.482148 1.08097 0 0 0 1 
0.760731 0.644504 0.0768341 0.249745 0.257142 -0.407951 0.876045 -1.31921 -0.595958 0.646677 0.47607 1.06903 0 0 0 1 
0.761365 0.644499 0.0703157 0.236192 0.255762 -0.398247 0.8809 -1.26666 -0.595743 0.652702 0.46805 1.05318 0 0 0 1 
0.762093 0.644474 0.0621877 0.219383 0.254364 -0.386338 0.88659 -1.20607 -0.59541 0.659846 0.458356 1.03393 0 0 0 1 
0.762875 0.644401 0.0526219 0.199712 0.253095 -0.372536 0.892838 -1.14061 -0.59495 0.667805 0.447293 1.01184 0 0 0 1 
0.763668 0.644249 0.0418879 0.177765 0.252068 -0.357265 0.899346 -1.0734 -0.594369 0.676243 0.435226 0.987624 0 0 0 1 
0.764429 0.643992 0.0303679 0.154342 0.251356 -0.341078 0.905807 -1.00756 -0.59369 0.684792 0.422601 0.962185 0 0 0 1 
0.76512 0.643619 0.0185897 0.130524 0.250985 -0.324704 0.911906 -0.946107 -0.592957 0.693052 0.409977 0.936667 0 0 0 1 
0.765705 0.643151 0.00725126 0.107713 0.250927 -0.309085 0.917334 -0.892006 -0.592226 0.700588 0.398052 0.912505 0 0 0 1 
0.745881 0.56218 -0.357234 -1.53847 0.331987 0.151187 0.931089 -1.04088 -0.577449 0.813078 0.0738684 -0.636797 0 0 0 1 
0.742377 0.549326 -0.383559 -1.68348 0.340456 0.18376 0.922129 -1.13353 -0.577033 0.815152 0.0506022 -0.779621 0 0 0 1 
0.738393 0.534409 -0.411319 -1.83524 0.349666 0.218135 0.911126 -1.24105 -0.576637 0.816593 0.0257949 -0.93148 0 0 0 1 
0.734116 0.518078 -0.438941 -1.98496 0.359139 0.252367 0.898516 -1.35857 -0.576275 0.817255 0.000795275 -1.08408 0 0 0 1 
0.729741 0.501072 -0.465193 -2.12594 0.36846 0.28493 0.884902 -1.48067 -0.575948 0.817155 -0.0233001 -1.23076 0 0 0 1 
0.72547 0.48421 -0.489116 -2.25314 0.377253 0.314631 0.871027 -1.60144 -0.575651 0.816424 -0.0455853 -1.36604 0 0 0 1 
0.721508 0.468364 -0.509961 -2.36284 0.385176 0.340535 0.857715 -1.71467 -0.575383 0.815274 -0.0652959 -1.48537 0 0 0 1 
0.718065 0.454445 -0.527126 -2.45226 0.391902 0.361882 0.845845 -1.81395 -0.575148 0.813954 -0.0817567 -1.58478 0 0 0 1 
0.715349 0.443378 -0.540085 -2.51915 0.397113 0.378012 0.836306 -1.89279 -0.574958 0.812726 -0.0943389 -1.6606 0 0 0 1 
0.713568 0.436083 -0.548318 -2.56134 0.400488 0.388264 0.829976 -1.94471 -0.574831 0.811839 -0.102407 -1.70914 0 0 0 1 
0.712929 0.433457 -0.551224 -2.57618 0.401691 0.391884 0.82769 -1.96339 -0.574784 0.811506 -0.105269 -1.72635 0 0 0 1 
0.713568 0.436083 -0.548318 -2.56134 0.400488 0.388265 0.829976 -1.94471 -0.574831 0.811839 -0.102407 -1.70915 0 0 0 1 
0.715348 0.443377 -0.540086 -2.51915 0.397113 0.378013 0.836305 -1.8928 -0.574959 0.812725 -0.0943401 -1.66061 0 0 0 1 
0.718065 0.454445 -0.527127 -2.45226 0.391903 0.361884 0.845844 -1.81396 -0.575148 0.813953 -0.0817578 -1.58479 0 0 0 1 
0.721508 0.468362 -0.509964 -2.36285 0.385177 0.340537 0.857714 -1.71468 -0.575383 0.815274 -0.0652978 -1.48538 0 0 0 1 
0.725469 0.484208 -0.489119 -2.25316 0.377254 0.314634 0.871025 -1.60144 -0.575651 0.816424 -0.0455884 -1.36606 0 0 0 1 
0.72974 0.50107 -0.465196 -2.12596 0.368461 0.284934 0.884901 -1.48067 -0.575948 0.817154 -0.023303 -1.23078 0 0 0 1 
0.734115 0.518075 -0.438946 -1.98499 0.359141 0.252373 0.898513 -1.35858 -0.576276 0.817255 0.000791252 -1.08411 0 0 0 1 
0.738392 0.534405 -0.411325 -1.83528 0.349667 0.218143 0.911124 -1.24106 -0.576637 0.816593 0.0257894 -0.93152 0 0 0 1 
0.742376 0.549323 -0.383565 -1.68353 0.340458 0.183768 0.922127 -1.13354 -0.577032 0.815153 0.0505963 -0.779667 0 0 0 1 
0.74588 0.562175 -0.357242 -1.53853 0.331989 0.151198 0.931087 -1.04089 -0.577448 0.813079 0.0738608 -0.636852 0 0 0 1 
0.906269 0.422515 -0.0125558 0.421096 0.00625493 0.0162956 0.999848 -0.0383053 -0.422656 0.906209 -0.0121254 -1.45878 0 0 0 1 
0.906023 0.423074 -0.0114004 0.431595 0.00583129 0.0144556 0.999879 -0.0408115 -0.423188 0.90598 -0.01063 -1.44663 0 0 0 1 
0.905768 0.423652 -0.0102064 0.442394 0.00539223 0.0125607 0.999907 -0.0433416 -0.423741 0.905738 -0.00909261 -1.43417 0 0 0 1 
0.905541 0.424161 -0.00915444 0.452181 0.00500436 0.0108972 0.999928 -0.0459495 -0.42423 0.905521 -0.00774527 -1.42308 0 0 0 1 
0.905355 0.424575 -0.00829555 0.460536 0.00468826 0.00954047 0.999944 -0.0485783 -0.424631 0.905343 -0.00664687 -1.41384 0 0 0 1 
0.905149 0.425032 -0.00734308 0.469195 0.00433972 0.00803398 0.999958 -0.0507174 -0.425073 0.905143 -0.00542729 -1.40393 0 0 0 1 
0.904986 0.42539 -0.00659027 0.476321 0.00406646 0.006841 0.999968 -0.0528045 -0.425421 0.904984 -0.00446108 -1.39593 0 0 0 1 
0.904762 0.425882 -0.00555819 0.484828 0.00368974 0.00521234 0.99998 -0.0540085 -0.425903 0.904764 -0.00314449 -1.38573 0 0 0 1 
0.904666 0.426091 -0.00511142 0.489287 0.00352984 0.00450123 0.999984 -0.0555859 -0.426107 0.904669 -0.00256804 -1.38083 0 0 0 1 
0.904527 0.426393 -0.00447974 0.494327 0.00329833 0.00350926 0.999988 -0.0561185 -0.426404 0.904531 -0.00176774 -1.37471 0 0 0 1 
