a
25
21
25
0.694658 0.697972 0.174024 0.33681 -2.30525e-08 -0.241922 0.970296 -0.454605 -0.71934 0.674024 0.168053 0.418515 0 0 0 1 
0.69325 0.699289 0.174352 0.337627 -2.30525e-08 -0.241922 0.970296 -0.498114 -0.720697 0.672658 0.167712 0.417856 0 0 0 1 
0.689416 0.702849 0.17524 0.33984 -2.30525e-08 -0.241922 0.970296 -0.547211 -0.724366 0.668937 0.166785 0.416058 0 0 0 1 
0.683731 0.708058 0.176539 0.343083 -2.30525e-08 -0.241922 0.970296 -0.599502 -0.729734 0.663421 0.165409 0.413388 0 0 0 1 
0.676772 0.714324 0.178101 0.346992 -2.30525e-08 -0.241922 0.970296 -0.652591 -0.736193 0.656669 0.163726 0.410112 0 0 0 1 
0.669131 0.72107 0.179783 0.35121 -2.30525e-08 -0.241922 0.970296 -0.704084 -0.743145 0.649254 0.161877 0.406506 0 0 0 1 
0.661418 0.727739 0.181446 0.355391 -2.30525e-08 -0.241922 0.970296 -0.751585 -0.750018 0.641771 0.160011 0.402856 0 0 0 1 
0.654267 0.733799 0.182957 0.3592 -2.30525e-08 -0.241922 0.970296 -0.792699 -0.756263 0.634833 0.158282 0.399464 0 0 0 1 
0.648334 0.73874 0.184189 0.362312 -2.30525e-08 -0.241922 0.970296 -0.825032 -0.761356 0.629076 0.156846 0.396643 0 0 0 1 
0.644284 0.742068 0.185018 0.364412 -2.30525e-08 -0.241922 0.970296 -0.846187 -0.764786 0.625146 0.155866 0.394714 0 0 0 1 
0.642788 0.74329 0.185323 0.365183 -2.30525e-08 -0.241922 0.970296 -0.853771 -0.766044 0.623694 0.155504 0.394001 0 0 0 1 
0.642788 0.74329 0.185323 0.365183 -2.30525e-08 -0.241922 0.970296 -0.846187 -0.766044 0.623694 0.155504 0.394001 0 0 0 1 
0.642788 0.74329 0.185323 0.365183 -2.30525e-08 -0.241922 0.970296 -0.825032 -0.766044 0.623694 0.155504 0.394001 0 0 0 1 
0.642788 0.74329 0.185323 0.365183 -2.30525e-08 -0.241922 0.970296 -0.792699 -0.766044 0.623694 0.155504 0.394001 0 0 0 1 
0.642788 0.74329 0.185323 0.365183 -2.30525e-08 -0.241922 0.970296 -0.751585 -0.766044 0.623694 0.155504 0.394001 0 0 0 1 
0.642788 0.74329 0.185323 0.365183 -2.30525e-08 -0.241922 0.970296 -0.704084 -0.766044 0.623694 0.155504 0.394001 0 0 0 1 
0.642788 0.74329 0.185323 0.365183 -2.30525e-08 -0.241922 0.970296 -0.652591 -0.766044 0.623694 0.155504 0.394001 0 0 0 1 
0.642788 0.74329 0.185323 0.365183 -2.30525e-08 -0.241922 0.970296 -0.599502 -0.766044 0.623694 0.155504 0.394001 0 0 0 1 
0.642788 0.74329 0.185323 0.365183 -2.30525e-08 -0.241922 0.970296 -0.547211 -0.766044 0.623694 0.155504 0.394001 0 0 0 1 
0.642788 0.74329 0.185323 0.365183 -2.30525e-08 -0.241922 0.970296 -0.498114 -0.766044 0.623694 0.155504 0.394001 0 0 0 1 
0.642788 0.74329 0.185323 0.365183 -2.30525e-08 -0.241922 0.970296 -0.454605 -0.766044 0.623694 0.155504 0.394001 0 0 0 1 
0.829015 0.543285 0.132576 0.25659 0.00362743 -0.242289 0.970197 -0.454795 -0.559215 0.803827 0.202832 0.485827 0 0 0 1 
0.82792 0.544856 0.132972 0.257539 0.00362743 -0.242289 0.970197 -0.498304 -0.560835 0.802763 0.202572 0.485324 0 0 0 1 
0.824932 0.549108 0.134045 0.260111 0.00362743 -0.242289 0.970197 -0.547402 -0.565221 0.79986 0.201864 0.483951 0 0 0 1 
0.820487 0.555346 0.13562 0.263888 0.00362743 -0.242289 0.970197 -0.599693 -0.571654 0.795542 0.200809 0.481902 0 0 0 1 
0.815023 0.562873 0.13752 0.268451 0.00362743 -0.242289 0.970197 -0.652781 -0.579418 0.790234 0.199513 0.479375 0 0 0 1 
0.808994 0.571007 0.139574 0.273389 0.00362743 -0.242289 0.970197 -0.704275 -0.587807 0.784377 0.198081 0.476576 0 0 0 1 
0.802878 0.57908 0.141613 0.278297 0.00362743 -0.242289 0.970197 -0.751775 -0.596133 0.778436 0.196629 0.473726 0 0 0 1 
0.797182 0.586444 0.143473 0.282782 0.00362743 -0.242289 0.970197 -0.792889 -0.603728 0.772904 0.195276 0.471063 0 0 0 1 
0.792437 0.592469 0.144996 0.286457 0.00362743 -0.242289 0.970197 -0.825222 -0.609943 0.768294 0.194148 0.468837 0 0 0 1 
0.789189 0.596538 0.146024 0.288941 0.00362743 -0.242289 0.970197 -0.846378 -0.61414 0.765139 0.193376 0.467311 0 0 0 1 
0.787987 0.598033 0.146402 0.289854 0.00362743 -0.242289 0.970197 -0.853962 -0.615682 0.763971 0.19309 0.466745 0 0 0 1 
0.787987 0.598033 0.146402 0.289854 0.00362743 -0.242289 0.970197 -0.846378 -0.615682 0.763971 0.19309 0.466745 0 0 0 1 
0.787987 0.598033 0.146402 0.289854 0.00362743 -0.242289 0.970197 -0.825222 -0.615682 0.763971 0.19309 0.466745 0 0 0 1 
0.787987 0.598033 0.146402 0.289854 0.00362743 -0.242289 0.970197 -0.792889 -0.615682 0.763971 0.19309 0.466745 0 0 0 1 
0.787987 0.598033 0.146402 0.289854 0.00362743 -0.242289 0.970197 -0.751775 -0.615682 0.763971 0.19309 0.466745 0 0 0 1 
0.787987 0.598033 0.146402 0.289854 0.00362743 -0.242289 0.970197 -0.704275 -0.615682 0.763971 0.19309 0.466745 0 0 0 1 
0.787987 0.598033 0.146402 0.289854 0.00362743 -0.242289 0.970197 -0.652782 -0.615682 0.763971 0.19309 0.466745 0 0 0 1 
0.787987 0.598033 0.146402 0.289854 0.00362743 -0.242289 0.970197 -0.599693 -0.615682 0.763971 0.19309 0.466745 0 0 0 1 
0.787987 0.598033 0.146402 0.289854 0.00362743 -0.242289 0.970197 -0.547402 -0.615682 0.763971 0.19309 0.466745 0 0 0 1 
0.787987 0.598033 0.146402 0.289854 0.00362743 -0.242289 0.970197 -0.498304 -0.615682 0.763971 0.19309 0.466745 0 0 0 1 
0.787987 0.598033 0.146402 0.289854 0.00362743 -0.242289 0.970197 -0.454795 -0.615682 0.763971 0.19309 0.466745 0 0 0 1 
0.694658 0.719231 -0.012553 0.0940735 -2.93556e-06 0.0174535 0.999848 -0.403662 -0.719341 0.694552 -0.0121263 0.184103 0 0 0 1 
0.693249 0.720525 -0.0157963 0.0902241 -2.94585e-06 0.0219209 0.99976 -0.447074 -0.720698 0.693083 -0.0151988 0.17987 0 0 0 1 
0.689415 0.724103 -0.019528 0.0864031 -2.95799e-06 0.0269616 0.999637 -0.496092 -0.724367 0.689164 -0.0185899 0.174844 0 0 0 1 
0.68373 0.729354 -0.0235898 0.0826448 -2.97175e-06 0.0323293 0.999477 -0.548336 -0.729735 0.683372 -0.0221067 0.169363 0 0 0 1 
0.676771 0.735668 -0.02781 0.0790018 -2.98924e-06 0.0377781 0.999286 -0.601414 -0.736194 0.676288 -0.0255693 0.163748 0 0 0 1 
0.66913 0.742456 -0.0319993 0.0755519 -3.00392e-06 0.0430619 0.999072 -0.652936 -0.743146 0.668509 -0.0288162 0.158297 0 0 0 1 
0.661417 0.749156 -0.0359502 0.0724004 -3.01922e-06 0.0479351 0.998851 -0.700495 -0.750019 0.660656 -0.0317073 0.15329 0 0 0 1 
0.654267 0.755235 -0.0394388 0.0696785 -3.02816e-06 0.0521521 0.998639 -0.741686 -0.756264 0.653376 -0.0341236 0.148985 0 0 0 1 
0.648333 0.760185 -0.0422288 0.0675369 -3.03368e-06 0.0554677 0.998461 -0.774093 -0.761357 0.647335 -0.0359639 0.145622 0 0 0 1 
0.644284 0.763515 -0.044078 0.066137 -3.03978e-06 0.0576369 0.998338 -0.795307 -0.764787 0.643212 -0.0371368 0.143432 0 0 0 1 
0.642787 0.764737 -0.0447462 0.0656376 -3.04396e-06 0.0584145 0.998292 -0.802912 -0.766045 0.641689 -0.0375504 0.142648 0 0 0 1 
0.642787 0.764772 -0.0441505 0.0664174 -3.04094e-06 0.0576369 0.998338 -0.795307 -0.766045 0.641718 -0.0370505 0.143302 0 0 0 1 
0.642787 0.764866 -0.0424888 0.0685927 -3.03806e-06 0.0554677 0.998461 -0.774093 -0.766045 0.641797 -0.0356562 0.145127 0 0 0 1 
0.642787 0.765003 -0.0399489 0.0719174 -3.02816e-06 0.0521521 0.998639 -0.741685 -0.766045 0.641912 -0.033525 0.147917 0 0 0 1 
0.642787 0.765165 -0.0367185 0.0761453 -3.02125e-06 0.0479351 0.998851 -0.700495 -0.766045 0.642047 -0.0308143 0.151465 0 0 0 1 
0.642787 0.765335 -0.0329854 0.0810304 -3.00392e-06 0.0430619 0.999072 -0.652936 -0.766045 0.64219 -0.0276819 0.155564 0 0 0 1 
0.642787 0.765499 -0.0289378 0.086326 -2.99041e-06 0.0377781 0.999286 -0.601415 -0.766045 0.642328 -0.0242855 0.160007 0 0 0 1 
0.642787 0.765645 -0.0247638 0.0917859 -2.97175e-06 0.0323293 0.999477 -0.548336 -0.766045 0.64245 -0.0207831 0.164589 0 0 0 1 
0.642787 0.765767 -0.0206519 0.0971636 -2.95829e-06 0.0269616 0.999636 -0.496093 -0.766045 0.642553 -0.0173328 0.169101 0 0 0 1 
0.642787 0.765861 -0.0167905 0.102213 -2.94572e-06 0.0219209 0.99976 -0.447074 -0.766045 0.642632 -0.0140927 0.173338 0 0 0 1 
0.642787 0.765929 -0.0133683 0.106687 -2.93556e-06 0.0174535 0.999848 -0.403662 -0.766045 0.642689 -0.0112211 0.177092 0 0 0 1 
0.694658 0.691475 -0.198276 0.13433 -3.17155e-06 0.275638 0.961262 -0.382745 -0.719341 0.667747 -0.191476 0.222978 0 0 0 1 
0.693249 0.691965 -0.201468 0.130431 -3.18288e-06 0.279549 0.960132 -0.425949 -0.720698 0.66561 -0.193799 0.218545 0 0 0 1 
0.689415 0.694551 -0.205686 0.126671 -3.19115e-06 0.283956 0.958838 -0.474736 -0.724367 0.661036 -0.195765 0.21317 0 0 0 1 
0.68373 0.698676 -0.210631 0.123057 -3.20579e-06 0.288643 0.957437 -0.526733 -0.729735 0.654628 -0.197356 0.207229 0 0 0 1 
0.676771 0.703795 -0.215993 0.119613 -3.21751e-06 0.293394 0.955992 -0.579565 -0.736193 0.646987 -0.198563 0.201081 0 0 0 1 
0.66913 0.709383 -0.221452 0.11639 -3.23138e-06 0.297996 0.954567 -0.630849 -0.743146 0.638728 -0.1994 0.195068 0 0 0 1 
0.661417 0.714944 -0.226679 0.11347 -3.24478e-06 0.302234 0.953234 -0.678188 -0.750019 0.630484 -0.199905 0.189509 0 0 0 1 
0.654267 0.720013 -0.231338 0.110962 -3.25368e-06 0.305898 0.952064 -0.719191 -0.756264 0.622903 -0.200141 0.184701 0 0 0 1 
0.648333 0.724154 -0.235087 0.108997 -3.26045e-06 0.308777 0.951135 -0.751452 -0.761357 0.616651 -0.200192 0.180928 0 0 0 1 
0.644284 0.726947 -0.237585 0.107717 -3.27059e-06 0.310658 0.950522 -0.772569 -0.764787 0.612405 -0.200154 0.178461 0 0 0 1 
0.642787 0.727974 -0.238493 0.107262 -3.26609e-06 0.311333 0.950301 -0.780141 -0.766045 0.61084 -0.200123 0.177575 0 0 0 1 
0.642787 0.728143 -0.237976 0.108066 -3.27176e-06 0.310658 0.950522 -0.772569 -0.766045 0.610982 -0.199689 0.17825 0 0 0 1 
0.642787 0.728613 -0.236535 0.110308 -3.27042e-06 0.308777 0.951135 -0.751452 -0.766045 0.611376 -0.19848 0.180131 0 0 0 1 
0.642787 0.729325 -0.23433 0.113735 -3.25368e-06 0.305898 0.952064 -0.71919 -0.766045 0.611974 -0.19663 0.183007 0 0 0 1 
0.642787 0.730221 -0.231523 0.118093 -3.24495e-06 0.302234 0.953234 -0.678188 -0.766045 0.612725 -0.194275 0.186663 0 0 0 1 
0.642787 0.731242 -0.228276 0.123127 -3.23138e-06 0.297996 0.954567 -0.630849 -0.766045 0.613582 -0.19155 0.190888 0 0 0 1 
0.642787 0.732333 -0.224751 0.128584 -3.22054e-06 0.293394 0.955992 -0.579566 -0.766045 0.614498 -0.188592 0.195466 0 0 0 1 
0.642787 0.733441 -0.221111 0.134209 -3.20579e-06 0.288643 0.957437 -0.526733 -0.766045 0.615427 -0.185538 0.200187 0 0 0 1 
0.642787 0.734513 -0.217521 0.139749 -3.19145e-06 0.283956 0.958838 -0.474736 -0.766045 0.616327 -0.182525 0.204835 0 0 0 1 
0.642787 0.735505 -0.214145 0.144949 -3.18302e-06 0.279549 0.960132 -0.425949 -0.766045 0.617159 -0.179692 0.209199 0 0 0 1 
0.642787 0.73637 -0.21115 0.149557 -3.17155e-06 0.275638 0.961262 -0.382745 -0.766045 0.617885 -0.177179 0.213065 0 0 0 1 
0.694658 0.710484 0.112531 -0.588737 -2.84429e-06 -0.156433 0.987689 -0.131058 -0.719341 0.686105 0.108666 -0.475281 0 0 0 1 
0.693249 0.712278 0.109845 -0.594732 -2.85724e-06 -0.152412 0.988317 -0.178356 -0.720698 0.68515 0.105657 -0.479003 0 0 0 1 
0.689415 0.716403 0.107115 -0.602999 -2.86393e-06 -0.147871 0.989007 -0.231766 -0.724367 0.681836 0.101942 -0.481297 0 0 0 1 
0.68373 0.722232 0.104377 -0.61288 -2.87956e-06 -0.143031 0.989718 -0.288694 -0.729735 0.6767 0.0977928 -0.482316 0 0 0 1 
0.676771 0.729138 0.101681 -0.623698 -2.89051e-06 -0.138114 0.990417 -0.346537 -0.736194 0.670286 0.0934697 -0.482238 0 0 0 1 
0.66913 0.736509 0.0990944 -0.634766 -2.90517e-06 -0.133342 0.99107 -0.402688 -0.743146 0.663155 0.0892209 -0.481278 0 0 0 1 
0.661417 0.743758 0.0967068 -0.645386 -2.92044e-06 -0.128937 0.991653 -0.454522 -0.750019 0.655896 0.0852787 -0.479706 0 0 0 1 
0.654267 0.750321 0.0946269 -0.654858 -2.9275e-06 -0.125122 0.992142 -0.499416 -0.756264 0.649125 0.0818607 -0.477837 0 0 0 1 
0.648333 0.755658 0.092979 -0.662483 -2.93586e-06 -0.12212 0.992516 -0.534741 -0.761357 0.643481 0.0791724 -0.47603 0 0 0 1 
0.644283 0.759246 0.0918954 -0.667565 -2.94561e-06 -0.120156 0.992755 -0.557865 -0.764787 0.639616 0.0774121 -0.474668 0 0 0 1 
0.642787 0.76056 0.091507 -0.669413 -2.93993e-06 -0.119451 0.99284 -0.566154 -0.766045 0.638185 0.0767795 -0.474135 0 0 0 1 
0.642787 0.760495 0.0920466 -0.668492 -2.94678e-06 -0.120156 0.992755 -0.557865 -0.766045 0.63813 0.0772323 -0.473362 0 0 0 1 
0.642787 0.760312 0.0935516 -0.665923 -2.94582e-06 -0.12212 0.992516 -0.534741 -0.766045 0.637976 0.078495 -0.471206 0 0 0 1 
0.642787 0.760025 0.0958508 -0.66199 -2.9275e-06 -0.125122 0.992142 -0.499415 -0.766045 0.637736 0.0804243 -0.467906 0 0 0 1 
0.642787 0.759651 0.0987732 -0.656979 -2.92061e-06 -0.128937 0.991653 -0.454522 -0.766045 0.637421 0.0828765 -0.463702 0 0 0 1 
0.642787 0.759204 0.102148 -0.651176 -2.90517e-06 -0.133342 0.99107 -0.402688 -0.766045 0.637047 0.0857082 -0.458832 0 0 0 1 
0.642787 0.758704 0.105804 -0.644868 -2.89353e-06 -0.138114 0.990417 -0.346538 -0.766045 0.636627 0.0887758 -0.453539 0 0 0 1 
0.642787 0.758169 0.10957 -0.638347 -2.87956e-06 -0.143031 0.989718 -0.288694 -0.766045 0.636178 0.0919365 -0.448067 0 0 0 1 
0.642787 0.757624 0.113278 -0.631906 -2.86423e-06 -0.147871 0.989007 -0.231766 -0.766045 0.635721 0.0950474 -0.442663 0 0 0 1 
0.642787 0.757096 0.116756 -0.625843 -2.85737e-06 -0.152412 0.988317 -0.178356 -0.766045 0.635277 0.0979662 -0.437575 0 0 0 1 
0.642787 0.756614 0.119837 -0.620457 -2.84429e-06 -0.156433 0.987689 -0.131058 -0.766045 0.634873 0.100551 -0.433055 0 0 0 1 
0.694659 0.691474 -0.198276 0.13433 -2.11014e-06 0.275639 0.961262 -0.382745 -0.71934 0.667748 -0.191476 0.222979 0 0 0 1 
0.69325 0.691964 -0.201468 0.130431 -2.16486e-06 0.279549 0.960132 -0.425949 -0.720697 0.665611 -0.193799 0.218546 0 0 0 1 
0.689416 0.694549 -0.205686 0.126672 -2.0708e-06 0.283956 0.958838 -0.474737 -0.724366 0.661038 -0.195765 0.21317 0 0 0 1 
0.683731 0.698675 -0.210631 0.123057 -2.10246e-06 0.288643 0.957437 -0.526733 -0.729734 0.654629 -0.197355 0.207229 0 0 0 1 
0.676772 0.703794 -0.215993 0.119614 -2.15275e-06 0.293394 0.955992 -0.579566 -0.736193 0.646988 -0.198563 0.201082 0 0 0 1 
0.669131 0.709382 -0.221453 0.116391 -2.12621e-06 0.297996 0.954567 -0.63085 -0.743145 0.63873 -0.1994 0.195069 0 0 0 1 
0.661418 0.714943 -0.22668 0.11347 -2.09222e-06 0.302234 0.953234 -0.678189 -0.750018 0.630485 -0.199905 0.189509 0 0 0 1 
0.654268 0.720012 -0.231338 0.110962 -2.10665e-06 0.305898 0.952065 -0.719191 -0.756263 0.622904 -0.200141 0.184701 0 0 0 1 
0.648334 0.724153 -0.235088 0.108997 -2.16439e-06 0.308777 0.951135 -0.751452 -0.761356 0.616653 -0.200192 0.180928 0 0 0 1 
0.644285 0.726946 -0.237586 0.107717 -2.17371e-06 0.310658 0.950522 -0.772569 -0.764786 0.612406 -0.200154 0.178461 0 0 0 1 
0.642788 0.727973 -0.238493 0.107262 -2.10572e-06 0.311333 0.950301 -0.780141 -0.766044 0.610842 -0.200122 0.177575 0 0 0 1 
0.642788 0.728142 -0.237977 0.108066 -2.17464e-06 0.310658 0.950522 -0.772569 -0.766044 0.610983 -0.199689 0.17825 0 0 0 1 
0.642788 0.728612 -0.236535 0.110309 -2.16626e-06 0.308777 0.951135 -0.751452 -0.766044 0.611377 -0.198479 0.180131 0 0 0 1 
0.642788 0.729324 -0.23433 0.113735 -2.10665e-06 0.305898 0.952065 -0.71919 -0.766044 0.611975 -0.196629 0.183007 0 0 0 1 
0.642788 0.73022 -0.231524 0.118093 -2.09222e-06 0.302234 0.953234 -0.678189 -0.766044 0.612726 -0.194274 0.186663 0 0 0 1 
0.642788 0.731241 -0.228277 0.123128 -2.12621e-06 0.297996 0.954567 -0.63085 -0.766044 0.613584 -0.191549 0.190888 0 0 0 1 
0.642788 0.732332 -0.224752 0.128584 -2.24262e-06 0.293394 0.955992 -0.579567 -0.766044 0.614499 -0.188592 0.195467 0 0 0 1 
0.642788 0.73344 -0.221112 0.134209 -2.10246e-06 0.288643 0.957437 -0.526733 -0.766044 0.615428 -0.185537 0.200187 0 0 0 1 
0.642788 0.734512 -0.217521 0.139749 -2.0694e-06 0.283956 0.958838 -0.474737 -0.766044 0.616328 -0.182525 0.204835 0 0 0 1 
0.642788 0.735504 -0.214145 0.144949 -2.16532e-06 0.279549 0.960132 -0.425949 -0.766044 0.61716 -0.179692 0.209199 0 0 0 1 
0.642788 0.736369 -0.21115 0.149557 -2.11014e-06 0.275639 0.961262 -0.382745 -0.766044 0.617887 -0.177179 0.213065 0 0 0 1 
0.982893 0.149942 0.106949 -0.575011 -0.0095778 -0.53829 0.842705 0.230416 -0.183926 0.829314 0.527646 -1.92209 0 0 0 1 
0.982532 0.151564 0.10798 -0.587789 -0.00957765 -0.53829 0.842705 0.1875 -0.185848 0.829019 0.527435 -1.92964 0 0 0 1 
0.981532 0.155961 0.110778 -0.608253 -0.00957786 -0.53829 0.842705 0.139006 -0.19106 0.828203 0.526855 -1.93623 0 0 0 1 
0.980008 0.162432 0.114894 -0.634356 -0.00957789 -0.53829 0.842705 0.0872848 -0.198729 0.826958 0.525973 -1.9417 0 0 0 1 
0.978077 0.170276 0.119882 -0.66401 -0.00957767 -0.53829 0.842706 0.0346892 -0.208024 0.825379 0.524858 -1.94593 0 0 0 1 
0.975876 0.178793 0.125298 -0.695091 -0.0095778 -0.53829 0.842705 -0.0163965 -0.218117 0.823576 0.523592 -1.94889 0 0 0 1 
0.97357 0.187292 0.130701 -0.725444 -0.00957774 -0.53829 0.842705 -0.0635881 -0.228186 0.821685 0.522269 -1.95065 0 0 0 1 
0.97136 0.195084 0.135653 -0.752882 -0.00957789 -0.53829 0.842705 -0.104488 -0.237419 0.819869 0.521005 -1.95142 0 0 0 1 
0.969474 0.201489 0.139723 -0.775206 -0.00957762 -0.53829 0.842705 -0.136688 -0.245007 0.818319 0.519928 -1.95151 0 0 0 1 
0.96816 0.205829 0.14248 -0.79021 -0.00957789 -0.53829 0.842705 -0.157769 -0.250149 0.817238 0.51918 -1.95129 0 0 0 1 
0.967669 0.207427 0.143495 -0.795697 -0.00957795 -0.53829 0.842705 -0.16533 -0.252041 0.816834 0.5189 -1.95114 0 0 0 1 
0.967669 0.207427 0.143495 -0.794024 -0.00957768 -0.53829 0.842705 -0.157769 -0.252042 0.816834 0.5189 -1.94974 0 0 0 1 
0.967669 0.207427 0.143495 -0.789358 -0.00957765 -0.53829 0.842705 -0.136688 -0.252041 0.816834 0.5189 -1.94582 0 0 0 1 
0.967669 0.207427 0.143495 -0.782227 -0.00957798 -0.53829 0.842705 -0.104487 -0.252041 0.816834 0.5189 -1.93984 0 0 0 1 
0.967669 0.207427 0.143495 -0.773159 -0.00957786 -0.53829 0.842705 -0.0635884 -0.252042 0.816834 0.5189 -1.93223 0 0 0 1 
0.967669 0.207427 0.143495 -0.762683 -0.00957777 -0.53829 0.842705 -0.0163966 -0.252042 0.816834 0.5189 -1.92344 0 0 0 1 
0.967669 0.207427 0.143495 -0.751329 -0.0095778 -0.53829 0.842705 0.03469 -0.252041 0.816834 0.5189 -1.91391 0 0 0 1 
0.967669 0.207427 0.143495 -0.739625 -0.00957795 -0.53829 0.842706 0.0872848 -0.252041 0.816834 0.5189 -1.90409 0 0 0 1 
0.967669 0.207427 0.143495 -0.728097 -0.00957786 -0.53829 0.842705 0.139006 -0.252041 0.816834 0.5189 -1.89442 0 0 0 1 
0.967669 0.207427 0.143495 -0.717276 -0.00957795 -0.53829 0.842705 0.1875 -0.252041 0.816834 0.5189 -1.88534 0 0 0 1 
0.967669 0.207427 0.143495 -0.707688 -0.0095778 -0.53829 0.842705 0.230416 -0.252042 0.816834 0.5189 -1.8773 0 0 0 1 
0.728555 0.353443 0.586759 0.282198 0.503662 -0.856976 -0.109164 -1.56621 -0.464255 -0.37506 0.80237 0.0608658 0 0 0 1 
0.727646 0.352709 0.588327 0.273296 0.503662 -0.856976 -0.109165 -1.60913 -0.465678 -0.375751 0.801221 0.051636 0 0 0 1 
0.725164 0.35071 0.59257 0.263334 0.503662 -0.856976 -0.109165 -1.65762 -0.469533 -0.377617 0.798088 0.0404474 0 0 0 1 
0.721471 0.347747 0.598793 0.252661 0.503662 -0.856976 -0.109165 -1.70934 -0.475189 -0.380348 0.79343 0.0280988 0 0 0 1 
0.716927 0.34412 0.606299 0.241668 0.503662 -0.856976 -0.109164 -1.76194 -0.482018 -0.383632 0.787709 0.0153594 0 0 0 1 
0.711909 0.340139 0.614403 0.230799 0.503662 -0.856976 -0.109164 -1.81302 -0.489398 -0.387167 0.781404 0.00294197 0 0 0 1 
0.706815 0.336121 0.622443 0.220561 0.503662 -0.856976 -0.109165 -1.86021 -0.496726 -0.39066 0.775015 -0.00848699 0 0 0 1 
0.702068 0.332397 0.629773 0.211517 0.503662 -0.856976 -0.109165 -1.90112 -0.503414 -0.393834 0.769071 -0.0183257 0 0 0 1 
0.69811 0.329307 0.635767 0.204281 0.503662 -0.856976 -0.109164 -1.93331 -0.508888 -0.396421 0.764123 -0.0260143 0 0 0 1 
0.695399 0.327199 0.639813 0.199482 0.503662 -0.856976 -0.109164 -1.9544 -0.512586 -0.398163 0.760738 -0.0310228 0 0 0 1 
0.694396 0.326419 0.6413 0.197747 0.503662 -0.856976 -0.109165 -1.96196 -0.513945 -0.398802 0.759485 -0.0328165 0 0 0 1 
0.694396 0.326419 0.6413 0.199421 0.503662 -0.856976 -0.109165 -1.9544 -0.513945 -0.398802 0.759485 -0.031413 0 0 0 1 
0.694395 0.326419 0.6413 0.204087 0.503662 -0.856976 -0.109164 -1.93331 -0.513945 -0.398802 0.759485 -0.0274971 0 0 0 1 
0.694396 0.326419 0.6413 0.211217 0.503662 -0.856976 -0.109165 -1.90111 -0.513945 -0.398802 0.759485 -0.0215141 0 0 0 1 
0.694395 0.326419 0.6413 0.220286 0.503662 -0.856976 -0.109165 -1.86021 -0.513945 -0.398802 0.759485 -0.0139041 0 0 0 1 
0.694396 0.32642 0.6413 0.230761 0.503662 -0.856976 -0.109164 -1.81302 -0.513945 -0.398802 0.759485 -0.00511456 0 0 0 1 
0.694396 0.32642 0.6413 0.242115 0.503662 -0.856976 -0.109164 -1.76194 -0.513945 -0.398802 0.759486 0.0044136 0 0 0 1 
0.694396 0.326419 0.6413 0.25382 0.503662 -0.856976 -0.109165 -1.70934 -0.513945 -0.398802 0.759485 0.0142351 0 0 0 1 
0.694396 0.326419 0.6413 0.265347 0.503662 -0.856976 -0.109165 -1.65762 -0.513945 -0.398802 0.759485 0.0239072 0 0 0 1 
0.694395 0.326419 0.6413 0.276168 0.503662 -0.856976 -0.109164 -1.60913 -0.513945 -0.398801 0.759485 0.0329872 0 0 0 1 
0.694395 0.32642 0.6413 0.285756 0.503662 -0.856976 -0.109164 -1.56621 -0.513945 -0.398802 0.759485 0.0410323 0 0 0 1 
0.648352 0.366767 0.667175 0.733258 0.569475 -0.815244 -0.105242 -1.82516 -0.505311 -0.448173 0.737429 0.123021 0 0 0 1 
0.647362 0.36589 0.668616 0.724478 0.569475 -0.815244 -0.105242 -1.86807 -0.506577 -0.448889 0.736123 0.11291 0 0 0 1 
0.644665 0.363503 0.672513 0.714834 0.569475 -0.815244 -0.105242 -1.91657 -0.510006 -0.450825 0.732565 0.0993252 0 0 0 1 
0.640658 0.359967 0.67822 0.704607 0.569475 -0.815244 -0.105242 -1.96829 -0.515031 -0.453653 0.727284 0.0834444 0 0 0 1 
0.635739 0.355644 0.685095 0.69412 0.569475 -0.815244 -0.105242 -2.02088 -0.521091 -0.45705 0.720812 0.0664115 0 0 0 1 
0.630322 0.350903 0.692504 0.683754 0.569475 -0.815244 -0.105242 -2.07197 -0.52763 -0.4607 0.713696 0.0493176 0 0 0 1 
0.624837 0.346125 0.69984 0.673971 0.569475 -0.815244 -0.105242 -2.11916 -0.534114 -0.4643 0.706504 0.0332067 0 0 0 1 
0.619739 0.341701 0.706516 0.665302 0.569475 -0.815244 -0.105242 -2.16006 -0.540021 -0.467566 0.699828 0.0190611 0 0 0 1 
0.615497 0.338035 0.711967 0.658346 0.569475 -0.815244 -0.105242 -2.19226 -0.544851 -0.470223 0.694282 0.00782442 0 0 0 1 
0.612597 0.335535 0.715641 0.653719 0.569475 -0.815244 -0.105242 -2.21334 -0.54811 -0.47201 0.690494 0.000404835 0 0 0 1 
0.611524 0.334611 0.71699 0.652045 0.569475 -0.815244 -0.105242 -2.2209 -0.549307 -0.472666 0.689094 -0.00227737 0 0 0 1 
0.611524 0.334611 0.71699 0.653719 0.569475 -0.815244 -0.105242 -2.21334 -0.549307 -0.472666 0.689093 -0.000873566 0 0 0 1 
0.611524 0.334611 0.71699 0.658385 0.569475 -0.815244 -0.105242 -2.19226 -0.549307 -0.472666 0.689094 0.00304294 0 0 0 1 
0.611524 0.334611 0.71699 0.665514 0.569475 -0.815244 -0.105242 -2.16006 -0.549306 -0.472666 0.689093 0.00902534 0 0 0 1 
0.611523 0.334611 0.71699 0.674583 0.569475 -0.815244 -0.105242 -2.11916 -0.549307 -0.472666 0.689093 0.0166347 0 0 0 1 
0.611524 0.334611 0.71699 0.685059 0.569475 -0.815244 -0.105242 -2.07197 -0.549307 -0.472666 0.689093 0.0254245 0 0 0 1 
0.611524 0.334611 0.71699 0.696413 0.569475 -0.815244 -0.105242 -2.02088 -0.549307 -0.472665 0.689094 0.0349526 0 0 0 1 
0.611524 0.334611 0.71699 0.708117 0.569475 -0.815244 -0.105242 -1.96829 -0.549307 -0.472666 0.689094 0.0447745 0 0 0 1 
0.611524 0.334611 0.71699 0.719645 0.569475 -0.815244 -0.105242 -1.91657 -0.549307 -0.472666 0.689093 0.0544465 0 0 0 1 
0.611524 0.334611 0.71699 0.730465 0.569475 -0.815244 -0.105242 -1.86807 -0.549307 -0.472665 0.689094 0.0635269 0 0 0 1 
0.611524 0.334611 0.71699 0.740054 0.569475 -0.815244 -0.105242 -1.82516 -0.549307 -0.472666 0.689093 0.0715716 0 0 0 1 
0.694659 0.691474 -0.198276 0.134329 -2.16346e-06 0.275638 0.961262 -0.382746 -0.71934 0.667748 -0.191476 0.222978 0 0 0 1 
0.69325 0.691964 -0.201468 0.13043 -2.19233e-06 0.279548 0.960132 -0.42595 -0.720697 0.665611 -0.193798 0.218545 0 0 0 1 
0.689416 0.694549 -0.205686 0.126671 -2.18255e-06 0.283955 0.958838 -0.474737 -0.724366 0.661038 -0.195765 0.21317 0 0 0 1 
0.683731 0.698675 -0.210631 0.123057 -2.18768e-06 0.288642 0.957437 -0.526733 -0.729734 0.654629 -0.197355 0.207228 0 0 0 1 
0.676772 0.703795 -0.215993 0.119613 -2.17604e-06 0.293394 0.955992 -0.579566 -0.736193 0.646988 -0.198562 0.201081 0 0 0 1 
0.669131 0.709382 -0.221452 0.11639 -2.21469e-06 0.297995 0.954568 -0.63085 -0.743145 0.63873 -0.199399 0.195068 0 0 0 1 
0.661418 0.714943 -0.226679 0.11347 -2.19513e-06 0.302234 0.953234 -0.67819 -0.750018 0.630485 -0.199904 0.189508 0 0 0 1 
0.654268 0.720012 -0.231338 0.110962 -2.14297e-06 0.305898 0.952065 -0.719191 -0.756263 0.622904 -0.200141 0.184701 0 0 0 1 
0.648334 0.724153 -0.235087 0.108997 -2.20723e-06 0.308776 0.951135 -0.751453 -0.761356 0.616653 -0.200192 0.180927 0 0 0 1 
0.644285 0.726946 -0.237585 0.107716 -2.23238e-06 0.310658 0.950522 -0.77257 -0.764786 0.612406 -0.200154 0.17846 0 0 0 1 
0.642788 0.727973 -0.238493 0.107261 -2.20072e-06 0.311332 0.950301 -0.780141 -0.766044 0.610842 -0.200122 0.177575 0 0 0 1 
0.642788 0.728142 -0.237976 0.108065 -2.23145e-06 0.310658 0.950522 -0.77257 -0.766044 0.610983 -0.199689 0.178249 0 0 0 1 
0.642788 0.728612 -0.236535 0.110308 -2.22027e-06 0.308776 0.951135 -0.751453 -0.766044 0.611377 -0.198479 0.180131 0 0 0 1 
0.642788 0.729324 -0.23433 0.113735 -2.14297e-06 0.305898 0.952065 -0.71919 -0.766044 0.611975 -0.196629 0.183007 0 0 0 1 
0.642788 0.73022 -0.231523 0.118093 -2.19513e-06 0.302234 0.953234 -0.67819 -0.766044 0.612726 -0.194274 0.186663 0 0 0 1 
0.642788 0.731241 -0.228276 0.123127 -2.21469e-06 0.297995 0.954568 -0.63085 -0.766044 0.613584 -0.191549 0.190887 0 0 0 1 
0.642788 0.732333 -0.224751 0.128584 -2.19233e-06 0.293394 0.955992 -0.579567 -0.766044 0.614499 -0.188591 0.195466 0 0 0 1 
0.642788 0.73344 -0.221111 0.134209 -2.18768e-06 0.288642 0.957437 -0.526733 -0.766045 0.615428 -0.185537 0.200186 0 0 0 1 
0.642788 0.734512 -0.217521 0.139748 -2.16858e-06 0.283955 0.958838 -0.474737 -0.766044 0.616329 -0.182524 0.204835 0 0 0 1 
0.642788 0.735504 -0.214145 0.144949 -2.1921e-06 0.279548 0.960132 -0.42595 -0.766044 0.61716 -0.179692 0.209198 0 0 0 1 
0.642788 0.736369 -0.21115 0.149556 -2.16346e-06 0.275638 0.961262 -0.382746 -0.766044 0.617887 -0.177178 0.213064 0 0 0 1 
0.885961 0.310718 0.344279 -0.145179 -0.203642 -0.406313 0.890752 -0.29737 -0.416658 0.859281 0.296702 -0.0643368 0 0 0 1 
0.885144 0.312398 0.344859 -0.154325 -0.203642 -0.406313 0.890752 -0.340286 -0.41839 0.858672 0.296028 -0.0727294 0 0 0 1 
0.882911 0.31695 0.346425 -0.16494 -0.203642 -0.406313 0.890753 -0.38878 -0.423081 0.857002 0.294194 -0.0816482 0 0 0 1 
0.879576 0.323642 0.348715 -0.176554 -0.203642 -0.406313 0.890753 -0.440501 -0.429972 0.854498 0.291476 -0.0906442 0 0 0 1 
0.875455 0.33174 0.351466 -0.188656 -0.203642 -0.406313 0.890753 -0.493096 -0.438303 0.851387 0.288152 -0.099305 0 0 0 1 
0.87088 0.340517 0.354424 -0.200687 -0.203642 -0.406313 0.890753 -0.544184 -0.447324 0.847914 0.284506 -0.107268 0 0 0 1 
0.866212 0.349259 0.357344 -0.212041 -0.203642 -0.406313 0.890752 -0.591376 -0.456297 0.844351 0.280829 -0.114235 0 0 0 1 
0.861841 0.357259 0.359994 -0.222067 -0.203642 -0.406313 0.890753 -0.632275 -0.4645 0.840997 0.277424 -0.119961 0 0 0 1 
0.858183 0.363824 0.362153 -0.230087 -0.203642 -0.406313 0.890753 -0.664474 -0.471224 0.838178 0.274601 -0.124256 0 0 0 1 
0.85567 0.368267 0.363605 -0.235401 -0.203642 -0.406313 0.890752 -0.685556 -0.475772 0.836235 0.272675 -0.126958 0 0 0 1 
0.854738 0.369902 0.364137 -0.237321 -0.203642 -0.406313 0.890752 -0.693117 -0.477444 0.835514 0.271963 -0.127901 0 0 0 1 
0.854738 0.369902 0.364137 -0.235649 -0.203642 -0.406313 0.890752 -0.685556 -0.477444 0.835513 0.271963 -0.126497 0 0 0 1 
0.854738 0.369902 0.364137 -0.230983 -0.203642 -0.406313 0.890753 -0.664474 -0.477444 0.835514 0.271963 -0.122582 0 0 0 1 
0.854738 0.369902 0.364137 -0.223851 -0.203642 -0.406313 0.890753 -0.632274 -0.477444 0.835514 0.271963 -0.116598 0 0 0 1 
0.854738 0.369902 0.364137 -0.214784 -0.203642 -0.406313 0.890752 -0.591376 -0.477444 0.835513 0.271963 -0.10899 0 0 0 1 
0.854738 0.369901 0.364137 -0.204309 -0.203642 -0.406313 0.890753 -0.544184 -0.477444 0.835514 0.271963 -0.100199 0 0 0 1 
0.854738 0.369902 0.364138 -0.192954 -0.203642 -0.406313 0.890753 -0.493097 -0.477444 0.835514 0.271963 -0.0906721 0 0 0 1 
0.854738 0.369902 0.364137 -0.181248 -0.203642 -0.406313 0.890753 -0.440501 -0.477445 0.835514 0.271963 -0.0808502 0 0 0 1 
0.854738 0.369902 0.364137 -0.169722 -0.203642 -0.406313 0.890752 -0.38878 -0.477445 0.835514 0.271963 -0.0711781 0 0 0 1 
0.854738 0.369902 0.364137 -0.158901 -0.203642 -0.406313 0.890752 -0.340286 -0.477444 0.835514 0.271964 -0.062098 0 0 0 1 
0.854738 0.369902 0.364137 -0.149313 -0.203642 -0.406313 0.890752 -0.29737 -0.477444 0.835514 0.271963 -0.0540529 0 0 0 1 
0.707274 -0.691763 -0.145698 -0.12286 -0.702331 -0.711073 -0.0332632 -2.04662 0.080592 -0.125855 0.98877 2.61652 0 0 0 1 
0.70743 -0.692008 -0.143764 -0.126764 -0.702331 -0.711073 -0.0332633 -2.08954 0.0792087 -0.124502 0.989053 2.60808 0 0 0 1 
0.707841 -0.692658 -0.138514 -0.123154 -0.702331 -0.711073 -0.0332631 -2.13803 0.0754532 -0.120827 0.989802 2.59898 0 0 0 1 
0.708409 -0.693582 -0.13077 -0.113807 -0.702331 -0.711074 -0.033263 -2.18975 0.0699162 -0.115407 0.990855 2.58957 0 0 0 1 
0.709041 -0.694647 -0.121357 -0.100466 -0.702331 -0.711074 -0.0332631 -2.24235 0.0631877 -0.108818 0.992052 2.5802 0 0 0 1 
0.709656 -0.695733 -0.111102 -0.084823 -0.702331 -0.711073 -0.0332632 -2.29343 0.0558594 -0.101636 0.993252 2.57118 0 0 0 1 
0.710195 -0.696746 -0.100835 -0.0685115 -0.702331 -0.711073 -0.0332632 -2.34063 0.0485251 -0.0944428 0.994347 2.56287 0 0 0 1 
0.710624 -0.697612 -0.0913905 -0.053129 -0.702331 -0.711074 -0.033263 -2.38153 0.0417807 -0.0878238 0.99526 2.55566 0 0 0 1 
0.710929 -0.698277 -0.0836053 -0.0402309 -0.702331 -0.711073 -0.0332632 -2.41372 0.0362229 -0.0823666 0.995944 2.54996 0 0 0 1 
0.711111 -0.698704 -0.0783189 -0.0313579 -0.702331 -0.711073 -0.0332632 -2.43481 0.0324493 -0.0786596 0.996373 2.54622 0 0 0 1 
0.711173 -0.698857 -0.0763704 -0.028051 -0.702331 -0.711073 -0.0332631 -2.44237 0.0310588 -0.0772932 0.996525 2.54487 0 0 0 1 
0.711173 -0.698857 -0.0763705 -0.0263786 -0.702331 -0.711073 -0.0332632 -2.43481 0.0310587 -0.0772933 0.996524 2.54627 0 0 0 1 
0.711173 -0.698857 -0.07637 -0.0217102 -0.702331 -0.711073 -0.033263 -2.41372 0.0310587 -0.077293 0.996525 2.55019 0 0 0 1 
0.711173 -0.698857 -0.0763703 -0.0145799 -0.702331 -0.711074 -0.033263 -2.38152 0.0310588 -0.0772929 0.996525 2.55617 0 0 0 1 
0.711173 -0.698857 -0.0763702 -0.0055114 -0.702331 -0.711073 -0.033263 -2.34063 0.0310586 -0.077293 0.996524 2.56378 0 0 0 1 
0.711173 -0.698857 -0.0763705 0.00496149 -0.702331 -0.711073 -0.0332632 -2.29343 0.0310588 -0.0772931 0.996525 2.57257 0 0 0 1 
0.711173 -0.698857 -0.0763703 0.0163174 -0.702331 -0.711073 -0.0332632 -2.24235 0.0310588 -0.0772931 0.996525 2.5821 0 0 0 1 
0.711173 -0.698857 -0.0763703 0.0280234 -0.702331 -0.711074 -0.033263 -2.18975 0.0310587 -0.077293 0.996525 2.59192 0 0 0 1 
0.711173 -0.698857 -0.0763705 0.0395483 -0.702331 -0.711073 -0.0332632 -2.13803 0.0310586 -0.0772931 0.996525 2.60159 0 0 0 1 
0.711173 -0.698857 -0.0763703 0.0503701 -0.702331 -0.711073 -0.0332633 -2.08954 0.0310588 -0.0772932 0.996525 2.61067 0 0 0 1 
0.711173 -0.698857 -0.0763703 0.0599586 -0.702331 -0.711073 -0.0332632 -2.04662 0.0310587 -0.0772931 0.996525 2.61872 0 0 0 1 
0.642196 -0.726917 -0.243263 -0.540247 -0.750171 -0.661229 -0.00451475 -2.19367 0.15757 -0.185388 0.96995 2.89677 0 0 0 1 
0.642503 -0.727278 -0.241365 -0.543603 -0.750171 -0.661228 -0.00451481 -2.23658 0.156314 -0.183966 0.970424 2.88914 0 0 0 1 
0.643323 -0.728244 -0.236212 -0.538494 -0.750171 -0.661229 -0.00451469 -2.28508 0.152902 -0.180104 0.971691 2.88225 0 0 0 1 
0.6445 -0.72963 -0.228607 -0.526921 -0.750171 -0.661229 -0.0045146 -2.3368 0.147867 -0.174404 0.973509 2.87608 0 0 0 1 
0.645874 -0.731253 -0.219354 -0.510841 -0.750171 -0.661229 -0.00451469 -2.38939 0.141742 -0.167469 0.975635 2.87061 0 0 0 1 
0.647304 -0.732944 -0.209264 -0.492175 -0.750171 -0.661229 -0.00451478 -2.44048 0.135062 -0.159906 0.977849 2.86582 0 0 0 1 
0.648664 -0.734557 -0.199151 -0.472798 -0.750171 -0.661229 -0.00451469 -2.48767 0.128368 -0.152325 0.979959 2.86171 0 0 0 1 
0.649854 -0.73597 -0.189838 -0.45456 -0.750171 -0.661229 -0.00451458 -2.52857 0.122204 -0.145345 0.981805 2.85832 0 0 0 1 
0.65079 -0.737084 -0.182155 -0.439283 -0.750171 -0.661229 -0.00451475 -2.56077 0.117119 -0.139586 0.98326 2.85575 0 0 0 1 
0.651402 -0.737814 -0.176935 -0.428782 -0.750171 -0.661228 -0.00451478 -2.58185 0.113663 -0.135672 0.984212 2.85412 0 0 0 1 
0.651623 -0.738078 -0.17501 -0.424873 -0.750171 -0.661229 -0.00451463 -2.58941 0.112389 -0.134229 0.984556 2.85355 0 0 0 1 
0.651623 -0.738078 -0.17501 -0.423201 -0.750171 -0.661228 -0.00451472 -2.58185 0.112389 -0.134229 0.984556 2.85495 0 0 0 1 
0.651623 -0.738078 -0.175009 -0.418532 -0.750171 -0.661229 -0.00451455 -2.56077 0.112389 -0.134229 0.984556 2.85887 0 0 0 1 
0.651623 -0.738078 -0.17501 -0.411401 -0.750171 -0.661229 -0.00451458 -2.52857 0.112389 -0.134229 0.984557 2.86485 0 0 0 1 
0.651623 -0.738078 -0.17501 -0.402333 -0.750171 -0.661229 -0.00451455 -2.48767 0.112389 -0.134229 0.984556 2.87246 0 0 0 1 
0.651623 -0.738078 -0.17501 -0.39186 -0.750171 -0.661229 -0.00451478 -2.44048 0.112389 -0.134229 0.984556 2.88125 0 0 0 1 
0.651623 -0.738078 -0.17501 -0.380505 -0.750171 -0.661229 -0.00451472 -2.38939 0.112389 -0.134229 0.984557 2.89078 0 0 0 1 
0.651623 -0.738078 -0.17501 -0.368799 -0.750171 -0.661229 -0.0045146 -2.3368 0.112389 -0.134229 0.984557 2.9006 0 0 0 1 
0.651623 -0.738078 -0.17501 -0.357273 -0.750171 -0.661229 -0.00451481 -2.28508 0.112389 -0.134229 0.984556 2.91027 0 0 0 1 
0.651623 -0.738078 -0.17501 -0.346452 -0.750171 -0.661229 -0.00451478 -2.23658 0.112389 -0.134229 0.984556 2.91935 0 0 0 1 
0.651623 -0.738078 -0.17501 -0.336863 -0.750171 -0.661229 -0.00451475 -2.19367 0.112389 -0.134229 0.984556 2.9274 0 0 0 1 
0.992879 0.118965 -0.00627682 0.281546 -0.0160252 0.185584 0.982498 -0.365617 -0.118048 0.9754 -0.186169 0.382345 0 0 0 1 
0.992646 0.120804 -0.00779031 0.271254 -0.0160252 0.194921 0.980688 -0.407989 -0.119989 0.973351 -0.195424 0.402146 0 0 0 1 
0.991995 0.125865 -0.0101788 0.261052 -0.0160253 0.205437 0.97854 -0.455507 -0.125255 0.970543 -0.205809 0.423729 0 0 0 1 
0.990986 0.133307 -0.0133125 0.251415 -0.0160253 0.216609 0.976127 -0.505767 -0.133008 0.967114 -0.216793 0.446294 0 0 0 1 
0.989678 0.142295 -0.0170227 0.242741 -0.0160253 0.227924 0.973547 -0.556435 -0.14241 0.963225 -0.227852 0.46899 0 0 0 1 
0.988154 0.15201 -0.0210881 0.235314 -0.0160254 0.238869 0.97092 -0.605228 -0.152627 0.95908 -0.238475 0.490915 0 0 0 1 
0.986524 0.161656 -0.0252307 0.229299 -0.0160254 0.248938 0.968387 -0.649931 -0.162827 0.954933 -0.248174 0.511115 0 0 0 1 
0.984934 0.17046 -0.0291189 0.224741 -0.0160254 0.257633 0.96611 -0.688386 -0.172185 0.951088 -0.256483 0.528596 0 0 0 1 
0.983558 0.177667 -0.0323803 0.221597 -0.0160254 0.264455 0.964265 -0.718475 -0.179881 0.947891 -0.262954 0.542344 0 0 0 1 
0.982589 0.182537 -0.0346199 0.219768 -0.0160254 0.268912 0.963031 -0.738089 -0.185099 0.94571 -0.267155 0.551333 0 0 0 1 
0.982226 0.184328 -0.0354479 0.219166 -0.0160254 0.270508 0.962584 -0.745106 -0.18702 0.944907 -0.268654 0.554551 0 0 0 1 
0.982226 0.184386 -0.0351423 0.220846 -0.0160254 0.268912 0.963031 -0.738089 -0.18702 0.945351 -0.267087 0.550902 0 0 0 1 
0.982226 0.184547 -0.0342891 0.225529 -0.0160255 0.264455 0.964265 -0.718475 -0.18702 0.946576 -0.262712 0.54072 0 0 0 1 
0.982226 0.184784 -0.0329837 0.232687 -0.0160254 0.257633 0.96611 -0.688385 -0.18702 0.948409 -0.256014 0.525147 0 0 0 1 
0.982225 0.185073 -0.0313215 0.241789 -0.0160254 0.248938 0.968387 -0.649931 -0.18702 0.950672 -0.247479 0.505326 0 0 0 1 
0.982225 0.185389 -0.0293979 0.252304 -0.0160254 0.238869 0.97092 -0.605228 -0.18702 0.953191 -0.237594 0.482404 0 0 0 1 
0.982226 0.185708 -0.0273092 0.263702 -0.0160253 0.227924 0.973547 -0.556436 -0.18702 0.955805 -0.226849 0.457533 0 0 0 1 
0.982226 0.186012 -0.025152 0.275453 -0.0160253 0.216609 0.976127 -0.505767 -0.18702 0.958374 -0.21574 0.431872 0 0 0 1 
0.982226 0.186288 -0.023024 0.287028 -0.0160253 0.205436 0.97854 -0.455507 -0.18702 0.960777 -0.20477 0.406582 0 0 0 1 
0.982226 0.186524 -0.0210232 0.297898 -0.0160252 0.194921 0.980688 -0.407989 -0.18702 0.96292 -0.194446 0.382828 0 0 0 1 
0.982225 0.186716 -0.019248 0.307532 -0.0160252 0.185584 0.982498 -0.365617 -0.18702 0.964726 -0.185278 0.361775 0 0 0 1 
0.765705 0.643151 0.00724315 0.107698 0.250928 -0.309075 0.917337 -0.923032 -0.592225 0.700592 0.398045 0.912491 0 0 0 1 
0.763959 0.644974 0.0193855 0.132344 0.250986 -0.324697 0.911909 -0.977132 -0.594452 0.691795 0.409935 0.9364 0 0 0 1 
0.760097 0.648949 0.0334303 0.161314 0.251357 -0.34107 0.90581 -1.03858 -0.599226 0.680101 0.422364 0.961029 0 0 0 1 
0.754617 0.654375 0.0484419 0.192629 0.252068 -0.357259 0.899349 -1.10443 -0.605818 0.666453 0.43454 0.984821 0 0 0 1 
0.748025 0.660617 0.0635949 0.224511 0.253095 -0.372533 0.892839 -1.17164 -0.613516 0.65177 0.445863 1.00662 0 0 0 1 
0.74085 0.66711 0.0781423 0.255325 0.254365 -0.386333 0.886592 -1.2371 -0.621643 0.636955 0.455904 1.02564 0 0 0 1 
0.733645 0.673357 0.0914085 0.283575 0.255763 -0.398245 0.880901 -1.29768 -0.629564 0.62289 0.46439 1.04142 0 0 0 1 
0.726991 0.678915 0.102759 0.307847 0.257142 -0.407948 0.876046 -1.35024 -0.636681 0.610453 0.471152 1.05376 0 0 0 1 
0.721484 0.683377 0.111613 0.326837 0.258334 -0.415205 0.872278 -1.39163 -0.642436 0.600501 0.476103 1.06262 0 0 0 1 
0.717735 0.686352 0.117381 0.339236 0.259165 -0.419776 0.86984 -1.41873 -0.64629 0.593893 0.479166 1.06801 0 0 0 1 
0.716351 0.687439 0.119453 0.343695 0.259472 -0.421382 0.868972 -1.42845 -0.6477 0.591495 0.480228 1.06986 0 0 0 1 
0.716469 0.687512 0.118318 0.341324 0.259165 -0.419776 0.86984 -1.41873 -0.647693 0.59255 0.478935 1.06734 0 0 0 1 
0.716799 0.68772 0.115068 0.334546 0.258334 -0.415206 0.872277 -1.39163 -0.647659 0.595522 0.47528 1.06022 0 0 0 1 
0.717306 0.688043 0.109856 0.323709 0.257142 -0.407951 0.876045 -1.35024 -0.647573 0.600143 0.46955 1.049 0 0 0 1 
0.717953 0.68846 0.102794 0.309083 0.255762 -0.398246 0.8809 -1.29768 -0.647402 0.606154 0.462004 1.03414 0 0 0 1 
0.718703 0.688933 0.0940092 0.290972 0.254364 -0.386337 0.88659 -1.2371 -0.64712 0.613283 0.452902 1.01611 0 0 0 1 
0.719515 0.689415 0.0836975 0.269813 0.253095 -0.372539 0.892837 -1.17164 -0.646716 0.621226 0.442534 0.995445 0 0 0 1 
0.720347 0.689852 0.0721448 0.246223 0.252068 -0.357264 0.899347 -1.10443 -0.646191 0.629656 0.431243 0.972816 0 0 0 1 
0.721153 0.690192 0.0597734 0.221085 0.251356 -0.341078 0.905807 -1.03859 -0.645568 0.638201 0.419453 0.949075 0 0 0 1 
0.721893 0.690397 0.0471428 0.195545 0.250985 -0.324704 0.911906 -0.977136 -0.644885 0.646467 0.407681 0.925281 0 0 0 1 
0.722528 0.690455 0.0350003 0.171104 0.250927 -0.309085 0.917334 -0.923036 -0.644196 0.654018 0.396576 0.902769 0 0 0 1 
0.745881 0.562179 -0.357234 -1.53847 0.331987 0.151187 0.931089 -1.07191 -0.577448 0.813079 0.0738685 -0.636797 0 0 0 1 
0.741247 0.55092 -0.383459 -1.685 0.340456 0.18376 0.922129 -1.16456 -0.578483 0.814076 0.0513527 -0.776328 0 0 0 1 
0.734185 0.540325 -0.411121 -1.84196 0.349666 0.218136 0.911126 -1.27208 -0.581985 0.81269 0.0287813 -0.918127 0 0 0 1 
0.725341 0.530344 -0.43888 -2.00109 0.359139 0.252368 0.898516 -1.3896 -0.587281 0.809349 0.0074143 -1.05403 0 0 0 1 
0.715368 0.521001 -0.465626 -2.15555 0.36846 0.28493 0.884902 -1.51169 -0.593706 0.804595 -0.0118619 -1.17815 0 0 0 1 
0.704938 0.512407 -0.490409 -2.29944 0.377253 0.314631 0.871027 -1.63247 -0.600619 0.799028 -0.0284879 -1.28657 0 0 0 1 
0.69475 0.504753 -0.512393 -2.4276 0.385176 0.340535 0.857715 -1.7457 -0.607422 0.793259 -0.0421674 -1.377 0 0 0 1 
0.685527 0.498291 -0.53081 -2.53528 0.391903 0.361883 0.845845 -1.84499 -0.613568 0.787875 -0.0527992 -1.44826 0 0 0 1 
0.678009 0.493314 -0.544927 -2.61803 0.397114 0.378012 0.836306 -1.92382 -0.61855 0.783421 -0.060394 -1.49989 0 0 0 1 
0.672949 0.490126 -0.554 -2.67134 0.400488 0.388265 0.829976 -1.97575 -0.621892 0.780402 -0.0649929 -1.53154 0 0 0 1 
