a
21
20
0.694659 0.697972 0.174024 0.336809 -2.30525e-08 -0.241922 0.970296 -0.454604 -0.719339 0.674024 0.168053 0.418515 0 0 0 1 
0.694659 0.697972 0.174024 0.336809 -2.30525e-08 -0.241922 0.970296 -0.72176 -0.719339 0.674024 0.168053 0.418515 0 0 0 1 
0.694659 0.697972 0.174024 0.336809 -2.30525e-08 -0.241922 0.970296 -1.04346 -0.719339 0.674024 0.168053 0.418515 0 0 0 1 
0.694659 0.697972 0.174024 0.336809 -2.30525e-08 -0.241922 0.970296 -1.25607 -0.719339 0.674024 0.168053 0.418515 0 0 0 1 
0.694659 0.697972 0.174024 0.336809 -2.30525e-08 -0.241922 0.970296 -1.19593 -0.719339 0.674024 0.168053 0.418515 0 0 0 1 
0.694659 0.697972 0.174024 0.336809 -2.39838e-08 -0.241922 0.970296 -0.797802 -0.719339 0.674024 0.168053 0.418515 0 0 0 1 
0.694659 0.697972 0.174024 0.336809 -2.30525e-08 -0.241922 0.970296 -0.18278 -0.719339 0.674024 0.168053 0.418515 0 0 0 1 
0.694659 0.697972 0.174024 0.336809 -2.30525e-08 -0.241922 0.970296 0.533264 -0.719339 0.674024 0.168053 0.418515 0 0 0 1 
0.694659 0.697972 0.174024 0.336809 -2.39838e-08 -0.241922 0.970296 1.23446 -0.719339 0.674024 0.168053 0.418515 0 0 0 1 
0.694659 0.697972 0.174024 0.336809 -2.30525e-08 -0.241922 0.970296 1.80494 -0.719339 0.674024 0.168053 0.418515 0 0 0 1 
0.694659 0.697972 0.174024 0.336809 -2.30525e-08 -0.241922 0.970296 1.60307 -0.719339 0.674024 0.168053 0.418515 0 0 0 1 
0.694659 0.697972 0.174024 0.336809 -2.39838e-08 -0.241922 0.970296 1.0248 -0.719339 0.674024 0.168053 0.418515 0 0 0 1 
0.694659 0.697972 0.174024 0.336809 -2.25868e-08 -0.241922 0.970296 0.356483 -0.719339 0.674024 0.168053 0.418515 0 0 0 1 
0.694659 0.697972 0.174024 0.336809 -2.25868e-08 -0.241922 0.970296 -0.302601 -0.719339 0.674024 0.168053 0.418515 0 0 0 1 
0.694659 0.697972 0.174024 0.336809 -2.39838e-08 -0.241922 0.970296 -0.853168 -0.719339 0.674024 0.168053 0.418515 0 0 0 1 
0.694659 0.697972 0.174024 0.336809 -2.30525e-08 -0.241922 0.970296 -1.19593 -0.719339 0.674024 0.168053 0.418515 0 0 0 1 
0.694659 0.697972 0.174024 0.336809 -2.35182e-08 -0.241922 0.970296 -1.27425 -0.719339 0.674024 0.168053 0.418515 0 0 0 1 
0.694659 0.697972 0.174024 0.336809 -2.25868e-08 -0.241922 0.970296 -1.1543 -0.719339 0.674024 0.168053 0.418515 0 0 0 1 
0.694659 0.697972 0.174024 0.336809 -2.25868e-08 -0.241922 0.970296 -0.921071 -0.719339 0.674024 0.168053 0.418515 0 0 0 1 
0.694659 0.697972 0.174024 0.336809 -2.39838e-08 -0.241922 0.970296 -0.659515 -0.719339 0.674024 0.168053 0.418515 0 0 0 1 
0.694659 0.697972 0.174024 0.336809 -2.30525e-08 -0.241922 0.970296 -0.454604 -0.719339 0.674024 0.168053 0.418515 0 0 0 1 
0.829015 0.543284 0.132576 0.25659 0.00362743 -0.242289 0.970197 -0.454795 -0.559214 0.803827 0.202832 0.485827 0 0 0 1 
0.775929 0.625192 0.0840758 0.162722 0.0950534 -0.247634 0.964179 -0.733598 -0.623617 0.740143 0.251573 0.580162 0 0 0 1 
0.704039 0.709279 0.0353846 0.068484 0.195279 -0.24126 0.95061 -1.08156 -0.682785 0.662357 0.308363 0.690075 0 0 0 1 
0.636743 0.771073 0.00236475 0.00457677 0.27481 -0.229798 0.933634 -1.32703 -0.720443 0.593835 0.35822 0.786568 0 0 0 1 
0.607455 0.794337 -0.00516114 -0.00998899 0.307812 -0.229394 0.92338 -1.28673 -0.732291 0.562501 0.383853 0.836179 0 0 0 1 
0.629901 0.776558 0.0135287 0.0261837 0.287084 -0.248981 0.924982 -0.885504 -0.72167 0.578763 0.379771 0.828277 0 0 0 1 
0.681607 0.730033 0.0496304 0.0960557 0.230698 -0.278772 0.932237 -0.256441 -0.694399 0.62397 0.35843 0.786974 0 0 0 1 
0.741903 0.663489 0.0967527 0.187257 0.153011 -0.308022 0.938994 0.472682 -0.652815 0.681839 0.330044 0.732035 0 0 0 1 
0.794141 0.589792 0.146578 0.28369 0.0710003 -0.329576 0.941456 1.17864 -0.603572 0.737242 0.303605 0.680865 0 0 0 1 
0.829015 0.52645 0.188638 0.365093 0.0036287 -0.342376 0.939556 1.74545 -0.559214 0.778222 0.285745 0.646299 0 0 0 1 
0.829015 0.52645 0.188638 0.365093 0.0036287 -0.342376 0.939556 1.54357 -0.559214 0.778222 0.285745 0.646299 0 0 0 1 
0.794138 0.589823 0.146471 0.283483 0.0709952 -0.329396 0.941519 0.969106 -0.603577 0.737297 0.30346 0.680585 0 0 0 1 
0.74188 0.663566 0.096411 0.186596 0.152976 -0.307485 0.939176 0.296253 -0.65285 0.682007 0.329626 0.731226 0 0 0 1 
0.681552 0.730121 0.0490897 0.0950091 0.230614 -0.27797 0.932496 -0.375759 -0.69448 0.624224 0.357828 0.785809 0 0 0 1 
0.62984 0.776615 0.0130307 0.0252198 0.286989 -0.248274 0.925201 -0.940445 -0.721761 0.578989 0.379253 0.827277 0 0 0 1 
0.607455 0.794337 -0.00516114 -0.00998899 0.307812 -0.229394 0.92338 -1.28673 -0.732291 0.562501 0.383853 0.836179 0 0 0 1 
0.626663 0.779288 -0.00192498 -0.00372562 0.285808 -0.227533 0.930883 -1.35053 -0.724987 0.5839 0.365313 0.800296 0 0 0 1 
0.674759 0.737791 0.0190901 0.0369474 0.231017 -0.235706 0.943967 -1.20526 -0.70095 0.63254 0.329487 0.730958 0 0 0 1 
0.733854 0.677207 0.0533727 0.103299 0.156046 -0.244524 0.957004 -0.946795 -0.661141 0.693973 0.285121 0.64509 0 0 0 1 
0.78853 0.607723 0.0943008 0.182512 0.0750746 -0.247309 0.966024 -0.667783 -0.610397 0.754659 0.240635 0.558992 0 0 0 1 
0.829015 0.543284 0.132576 0.25659 0.00362743 -0.242289 0.970197 -0.454795 -0.559214 0.803827 0.202832 0.485827 0 0 0 1 
0.694658 0.719231 -0.012553 0.0940734 -2.93629e-06 0.0174535 0.999848 -0.403661 -0.71934 0.694552 -0.0121263 0.184103 0 0 0 1 
0.691638 0.710089 -0.131948 -0.0623402 0.0415591 0.14326 0.988812 -0.679252 -0.721048 0.689383 -0.0695736 0.108808 0 0 0 1 
0.68252 0.682313 -0.261945 -0.233491 0.0864836 0.280487 0.955953 -1.03736 -0.725732 0.675111 -0.132429 0.0260143 0 0 0 1 
0.670913 0.647355 -0.361673 -0.365439 0.121486 0.385188 0.914806 -1.29874 -0.731517 0.657694 -0.179783 -0.0366777 0 0 0 1 
0.665378 0.632171 -0.397029 -0.412352 0.135603 0.420647 0.897033 -1.26013 -0.734087 0.650704 -0.194165 -0.0557985 0 0 0 1 
0.670211 0.649534 -0.359057 -0.361919 0.126136 0.377067 0.917556 -0.837264 -0.731373 0.660247 -0.170785 -0.0248016 0 0 0 1 
0.679954 0.680887 -0.27213 -0.246865 0.10094 0.280675 0.95448 -0.178589 -0.726273 0.676472 -0.122117 0.0395501 0 0 0 1 
0.689025 0.707691 -0.156257 -0.0942128 0.0662503 0.153199 0.985972 0.572535 -0.721703 0.689712 -0.058673 0.123064 0 0 0 1 
0.693939 0.719145 -0.0357628 0.0637476 0.0297427 0.0209964 0.999337 1.2849 -0.719419 0.694542 0.00681907 0.208853 0 0 0 1 
0.694658 0.716603 0.0626954 0.192254 -1.26439e-06 -0.0871557 0.996195 1.84614 -0.71934 0.692015 0.0605424 0.278918 0 0 0 1 
0.694658 0.716603 0.0626954 0.192254 -1.26439e-06 -0.0871557 0.996195 1.64426 -0.71934 0.692015 0.0605424 0.278918 0 0 0 1 
0.693937 0.71914 -0.0358959 0.0635734 0.029741 0.0211831 0.999333 1.07525 -0.719421 0.694542 0.00668817 0.208682 0 0 0 1 
0.689013 0.707616 -0.156651 -0.0947302 0.0662436 0.153752 0.985887 0.395668 -0.721715 0.689666 -0.0590619 0.122554 0 0 0 1 
0.679926 0.680688 -0.272699 -0.247618 0.100925 0.28148 0.954245 -0.298678 -0.726302 0.676338 -0.122687 0.0388 0 0 0 1 
0.67018 0.649299 -0.359541 -0.362562 0.126118 0.377756 0.917276 -0.892963 -0.731405 0.660084 -0.171276 -0.0254506 0 0 0 1 
0.665378 0.632171 -0.397029 -0.412352 0.135603 0.420647 0.897033 -1.26013 -0.734087 0.650704 -0.194165 -0.0557985 0 0 0 1 
0.668981 0.641532 -0.375368 -0.383608 0.12628 0.399576 0.907961 -1.32517 -0.732474 0.65481 -0.186296 -0.0453237 0 0 0 1 
0.677733 0.667653 -0.308087 -0.294469 0.102324 0.329279 0.938672 -1.16845 -0.728154 0.667694 -0.154846 -0.00362442 0 0 0 1 
0.686804 0.695296 -0.211808 -0.167374 0.0689977 0.227725 0.971278 -0.897453 -0.72356 0.681692 -0.108429 0.0576817 0 0 0 1 
0.692723 0.713377 -0.105962 -0.0282362 0.0325224 0.115876 0.992731 -0.613189 -0.72047 0.691134 -0.0570691 0.125228 0 0 0 1 
0.694658 0.719231 -0.012553 0.0940734 -2.93629e-06 0.0174535 0.999848 -0.403661 -0.71934 0.694552 -0.0121263 0.184103 0 0 0 1 
0.694658 0.691475 -0.198276 0.13433 -3.17228e-06 0.275638 0.961261 -0.382744 -0.71934 0.667747 -0.191477 0.222978 0 0 0 1 
0.687297 0.611805 -0.391557 -0.00889756 0.0724046 0.478667 0.875006 -0.637823 -0.722759 0.62974 -0.284689 0.154129 0 0 0 1 
0.66177 0.476313 -0.578953 -0.172321 0.148007 0.674037 0.723718 -0.96665 -0.734951 0.564624 -0.37556 0.0751882 0 0 0 1 
0.629025 0.338742 -0.699701 -0.304444 0.202642 0.797503 0.568264 -1.20155 -0.750508 0.499241 -0.433007 0.0124742 0 0 0 1 
0.613553 0.283516 -0.737002 -0.352826 0.223516 0.832799 0.506445 -1.15309 -0.757359 0.475462 -0.447596 -0.00739835 0 0 0 1 
0.627054 0.344174 -0.698818 -0.300382 0.210658 0.78875 0.577491 -0.741556 -0.74995 0.50933 -0.422086 0.0242785 0 0 0 1 
0.654615 0.465478 -0.595658 -0.184684 0.172428 0.675239 0.717161 -0.106695 -0.736035 0.572173 -0.361761 0.0882374 0 0 0 1 
0.680365 0.591312 -0.432958 -0.0378044 0.115124 0.497202 0.859963 0.617105 -0.723774 0.634933 -0.270205 0.167814 0 0 0 1 
0.693733 0.678367 -0.241978 0.107972 0.0519125 0.288002 0.956222 1.30726 -0.718359 0.675924 -0.164581 0.246338 0 0 0 1 
0.694658 0.7154 -0.0751907 0.223064 -1.29591e-06 0.104529 0.994522 1.85563 -0.71934 0.690852 -0.0726126 0.308671 0 0 0 1 
0.694658 0.7154 -0.0751907 0.223064 -1.29591e-06 0.104529 0.994522 1.65375 -0.71934 0.690852 -0.0726126 0.308671 0 0 0 1 
0.693727 0.678297 -0.242189 0.107812 0.0519104 0.2883 0.956132 1.09762 -0.718365 0.675867 -0.164791 0.246182 0 0 0 1 
0.680327 0.590945 -0.433518 -0.0382985 0.11511 0.498009 0.859498 0.440336 -0.723812 0.634642 -0.270785 0.167335 0 0 0 1 
0.654531 0.464727 -0.596337 -0.185438 0.172382 0.676257 0.716213 -0.226617 -0.736121 0.571581 -0.362521 0.0875085 0 0 0 1 
0.626965 0.343393 -0.699282 -0.301054 0.210593 0.789489 0.576505 -0.797096 -0.750043 0.508713 -0.422666 0.0236276 0 0 0 1 
0.613553 0.283516 -0.737002 -0.352826 0.223516 0.832799 0.506445 -1.15309 -0.757359 0.475462 -0.447596 -0.00739834 0 0 0 1 
0.623614 0.317579 -0.714317 -0.323137 0.209698 0.812313 0.544219 -1.22412 -0.753081 0.489173 -0.439975 0.00358823 0 0 0 1 
0.648229 0.416196 -0.637636 -0.232654 0.173295 0.73479 0.655784 -1.08584 -0.741463 0.535597 -0.404187 0.0459118 0 0 0 1 
0.673867 0.534489 -0.510122 -0.10824 0.119128 0.602794 0.788954 -0.8388 -0.729186 0.59242 -0.34253 0.105843 0 0 0 1 
0.690202 0.632836 -0.350913 0.0227688 0.0567574 0.436104 0.898104 -0.576776 -0.721387 0.63979 -0.265082 0.169353 0 0 0 1 
0.694658 0.691475 -0.198276 0.13433 -3.17228e-06 0.275638 0.961261 -0.382744 -0.71934 0.667747 -0.191477 0.222978 0 0 0 1 
0.694658 0.710484 0.112531 -0.588736 -2.84502e-06 -0.156433 0.987688 -0.131058 -0.71934 0.686106 0.108666 -0.475282 0 0 0 1 
0.687297 0.714009 -0.133469 -0.671719 0.0724048 0.115489 0.990667 -0.639539 -0.722758 0.690546 -0.0276775 -0.476347 0 0 0 1 
0.66177 0.637133 -0.395122 -0.707998 0.148007 0.405634 0.901973 -1.17966 -0.734951 0.65538 -0.174136 -0.450048 0 0 0 1 
0.629025 0.51943 -0.578376 -0.711812 0.202642 0.60872 0.767069 -1.51895 -0.750508 0.59971 -0.277642 -0.414657 0 0 0 1 
0.613553 0.464605 -0.638509 -0.708374 0.223516 0.673345 0.704732 -1.49049 -0.757359 0.575108 -0.309286 -0.395013 0 0 0 1 
0.627055 0.521175 -0.578946 -0.701773 0.210658 0.602069 0.770153 -1.04646 -0.74995 0.604888 -0.26774 -0.396984 0 0 0 1 
0.654615 0.624691 -0.425722 -0.68749 0.172428 0.424924 0.888655 -0.317333 -0.736035 0.655134 -0.170447 -0.408296 0 0 0 1 
0.680365 0.704724 -0.201166 -0.648709 0.115124 0.168311 0.978988 0.582952 -0.723774 0.689229 -0.0333819 -0.411886 0 0 0 1 
0.693733 0.719066 0.0409786 -0.567195 0.0519128 -0.10667 0.992938 1.50845 -0.718359 0.686706 0.111329 -0.391146 0 0 0 1 
0.694658 0.680149 0.234195 -0.457578 -9.61517e-07 -0.325568 0.945519 2.27804 -0.71934 0.656812 0.226158 -0.34862 0 0 0 1 
0.694658 0.680149 0.234195 -0.457578 -9.61517e-07 -0.325568 0.945519 2.07617 -0.71934 0.656812 0.226158 -0.34862 0 0 0 1 
0.693727 0.719084 0.0407571 -0.567394 0.0519106 -0.106361 0.992972 1.29853 -0.718365 0.686736 0.111114 -0.391352 0 0 0 1 
0.680327 0.704573 -0.201818 -0.649148 0.11511 0.169228 0.978832 0.405399 -0.723812 0.689157 -0.0340271 -0.412376 0 0 0 1 
0.654531 0.624182 -0.426597 -0.687971 0.172382 0.426182 0.888062 -0.438241 -0.73612 0.654801 -0.171352 -0.408884 0 0 0 1 
0.626966 0.52055 -0.579605 -0.702114 0.210593 0.603047 0.769405 -1.10271 -0.750043 0.604451 -0.268465 -0.397432 0 0 0 1 
0.613553 0.464605 -0.638509 -0.708374 0.223516 0.673345 0.704732 -1.49049 -0.757359 0.575108 -0.309286 -0.395013 0 0 0 1 
0.623614 0.499235 -0.601556 -0.711661 0.209698 0.634482 0.743949 -1.55154 -0.753081 0.590082 -0.290984 -0.409316 0 0 0 1 
0.648229 0.58918 -0.482355 -0.711956 0.173295 0.502697 0.846915 -1.35445 -0.741463 0.632585 -0.223761 -0.435904 0 0 0 1 
0.673867 0.676934 -0.29608 -0.6996 0.119128 0.295941 0.947748 -0.979631 -0.729186 0.673928 -0.118783 -0.463664 0 0 0 1 
0.690202 0.719207 -0.0797667 -0.658425 0.0567576 0.056087 0.996811 -0.527638 -0.721387 0.692528 0.00210907 -0.47853 0 0 0 1 
0.694658 0.710484 0.112531 -0.588736 -2.84502e-06 -0.156433 0.987688 -0.131058 -0.71934 0.686106 0.108666 -0.475282 0 0 0 1 
0.694659 0.691473 -0.198276 0.134331 -2.17767e-06 0.275639 0.961261 -0.382745 -0.719339 0.667748 -0.191477 0.222979 0 0 0 1 
0.685312 0.612721 -0.3936 -0.00453484 0.073973 0.47911 0.874633 -0.638095 -0.724483 0.628512 -0.283015 0.152411 0 0 0 1 
0.655701 0.478459 -0.584066 -0.160794 0.150309 0.675371 0.721998 -0.965176 -0.739908 0.561205 -0.370925 0.0705299 0 0 0 1 
0.621879 0.340868 -0.705036 -0.291969 0.203422 0.79908 0.565765 -1.19799 -0.756231 0.495258 -0.427591 0.00699276 0 0 0 1 
0.613553 0.283515 -0.737002 -0.352826 0.223517 0.832798 0.506445 -1.15309 -0.757359 0.475464 -0.447595 -0.0073992 0 0 0 1 
0.643843 0.339097 -0.685915 -0.330332 0.208451 0.784796 0.583646 -0.750156 -0.736216 0.518757 -0.4346 0.0366147 0 0 0 1 
0.692418 0.451896 -0.562447 -0.258862 0.157846 0.665792 0.72925 -0.117828 -0.704017 0.593727 -0.389676 0.114878 0 0 0 1 
0.735062 0.565611 -0.373856 -0.162931 0.0727965 0.482381 0.872931 0.620253 -0.67408 0.668874 -0.313406 0.208763 0 0 0 1 
0.753692 0.638356 -0.156363 -0.0625926 -0.02887 0.26984 0.962472 1.34307 -0.656593 0.720893 -0.221806 0.302625 0 0 0 1 
0.748876 0.661939 0.0319488 0.0212977 -0.117793 0.0855121 0.98935 1.93099 -0.652157 0.744664 -0.14201 0.381076 0 0 0 1 
0.748876 0.661939 0.0319488 0.0212979 -0.117793 0.0855121 0.98935 1.72911 -0.652157 0.744664 -0.14201 0.381076 0 0 0 1 
0.753584 0.638383 -0.156773 -0.0623758 -0.0286671 0.270181 0.962383 1.13332 -0.656726 0.720742 -0.221904 0.302365 0 0 0 1 
0.734574 0.565495 -0.374987 -0.162255 0.0732431 0.483335 0.872366 0.443381 -0.674564 0.668283 -0.313627 0.207965 0 0 0 1 
0.691508 0.451466 -0.563911 -0.257895 0.158205 0.667038 0.728033 -0.237551 -0.704832 0.592654 -0.389837 0.113604 0 0 0 1 
0.642957 0.338564 -0.687009 -0.329554 0.208521 0.78573 0.582364 -0.805296 -0.736971 0.517691 -0.434593 0.0353966 0 0 0 1 
0.613553 0.283515 -0.737002 -0.352827 0.223517 0.832798 0.506445 -1.15309 -0.757359 0.475464 -0.447595 -0.00739902 0 0 0 1 
0.616278 0.319714 -0.719711 -0.310462 0.21023 0.813933 0.541587 -1.22021 -0.758949 0.485074 -0.434396 -0.002074 0 0 0 1 
0.640141 0.418827 -0.644052 -0.217931 0.175328 0.736562 0.65325 -1.08292 -0.747983 0.531093 -0.398072 0.0397533 0 0 0 1 
0.668836 0.536446 -0.514668 -0.0981951 0.12177 0.603902 0.787702 -0.838263 -0.733369 0.589515 -0.338588 0.101864 0 0 0 1 
0.688735 0.633554 -0.352495 0.0261071 0.0580598 0.436432 0.897862 -0.577109 -0.722684 0.638855 -0.263802 0.168029 0 0 0 1 
0.694659 0.691473 -0.198276 0.134331 -2.17767e-06 0.275639 0.961261 -0.382745 -0.719339 0.667748 -0.191477 0.222979 0 0 0 1 
0.982893 0.149942 0.106948 -0.57501 -0.00957764 -0.53829 0.842705 0.230415 -0.183926 0.829314 0.527645 -1.92209 0 0 0 1 
0.976587 0.214981 -0.00777403 -0.91502 0.078646 -0.323159 0.943071 -0.340057 -0.20023 0.921602 0.3325 -1.88267 0 0 0 1 
0.956113 0.253453 -0.146998 -1.25383 0.169716 -0.0701059 0.982996 -1.01465 -0.238838 0.964804 0.110044 -1.77511 0 0 0 1 
0.930753 0.254574 -0.262471 -1.47963 0.228278 0.156185 0.960986 -1.51314 -0.285636 0.954357 -0.0872555 -1.5986 0 0 0 1 
0.920532 0.238143 -0.309691 -1.53486 0.234963 0.295829 0.925892 -1.53473 -0.312111 0.92508 -0.216365 -1.3968 0 0 0 1 
0.933546 0.226133 -0.278126 -1.41684 0.191977 0.339831 0.920684 -1.00326 -0.302713 0.912895 -0.273836 -1.19633 0 0 0 1 
0.95581 0.218722 -0.196434 -1.1728 0.117736 0.327465 0.937499 -0.187402 -0.269377 0.919199 -0.287243 -0.996661 0 0 0 1 
0.973943 0.209262 -0.0874245 -0.848789 0.0251012 0.283653 0.958598 0.678778 -0.225397 0.935815 -0.271009 -0.807428 0 0 0 1 
0.980616 0.19441 0.0243988 -0.521858 -0.0704051 0.233413 0.969825 1.42605 -0.182849 0.952745 -0.242576 -0.645484 0 0 0 1 
0.977297 0.178435 0.114239 -0.271294 -0.150047 0.202214 0.967778 1.96262 -0.149585 0.962948 -0.224397 -0.519151 0 0 0 1 
0.977297 0.178435 0.114239 -0.271293 -0.150047 0.202214 0.967778 1.76074 -0.149585 0.962948 -0.224397 -0.519152 0 0 0 1 
0.980614 0.194429 0.024355 -0.522383 -0.0701065 0.232058 0.970172 1.21633 -0.182978 0.953072 -0.24119 -0.648244 0 0 0 1 
0.973874 0.209548 -0.0875171 -0.850652 0.0260741 0.279657 0.959746 0.500885 -0.225587 0.936953 -0.266886 -0.816221 0 0 0 1 
0.955618 0.219486 -0.196521 -1.17583 0.119309 0.321591 0.939332 -0.31031 -0.26937 0.921089 -0.281131 -1.01045 0 0 0 1 
0.933321 0.227036 -0.278146 -1.41962 0.19344 0.334675 0.922265 -1.06215 -0.302476 0.914575 -0.268442 -1.20891 0 0 0 1 
0.920532 0.238143 -0.309691 -1.53486 0.234963 0.295829 0.925893 -1.53473 -0.31211 0.92508 -0.216365 -1.3968 0 0 0 1 
0.926625 0.252637 -0.278461 -1.50864 0.235527 0.187264 0.953655 -1.56998 -0.293074 0.949266 -0.114021 -1.57145 0 0 0 1 
0.945358 0.25856 -0.198604 -1.36549 0.199989 0.0212134 0.979568 -1.25629 -0.257491 0.965762 0.0316549 -1.72492 0 0 0 1 
0.965718 0.24303 -0.0912438 -1.12917 0.136412 -0.176041 0.974885 -0.749636 -0.220864 0.953911 0.203158 -1.83658 0 0 0 1 
0.978972 0.203153 0.018527 -0.843364 0.0597311 -0.372304 0.926187 -0.209545 -0.195055 0.905604 0.376609 -1.89744 0 0 0 1 
0.982893 0.149942 0.106948 -0.57501 -0.00957764 -0.53829 0.842705 0.230415 -0.183926 0.829314 0.527645 -1.92209 0 0 0 1 
0.728555 0.353444 0.586758 0.282199 0.503662 -0.856976 -0.109164 -1.56621 -0.464254 -0.37506 0.80237 0.060867 0 0 0 1 
0.688087 0.481527 0.542833 0.0313745 0.438951 -0.871907 0.217028 -1.36515 -0.577804 -0.0889428 0.811315 0.343724 0 0 0 1 
0.65337 0.612507 0.444907 -0.318368 0.356849 -0.76749 0.532558 -1.2474 -0.667657 0.189192 0.720028 0.483083 0 0 0 1 
0.653054 0.69524 0.300268 -0.702446 0.261586 -0.579174 0.772095 -1.11042 -0.710699 0.425673 0.560097 0.465317 0 0 0 1 
0.704425 0.694104 0.14834 -1.01218 0.175146 -0.372519 0.911347 -0.812694 -0.687829 0.615994 0.383981 0.312549 0 0 0 1 
0.796347 0.604172 0.0284168 -1.14936 0.106182 -0.185901 0.976814 -0.282193 -0.595447 0.774865 0.212194 0.0607839 0 0 0 1 
0.889968 0.454291 -0.0396929 -1.08378 0.0484228 -0.00759292 0.998798 0.329978 -0.453444 0.89082 0.0287556 -0.248652 0 0 0 1 
0.958047 0.282795 -0.0466185 -0.8394 -0.00201834 0.169306 0.985561 0.869038 -0.286605 0.94412 -0.162774 -0.571583 0 0 0 1 
0.991426 0.130533 -0.00581765 -0.51816 -0.0401337 0.346591 0.937157 1.22418 -0.124346 0.928889 -0.348859 -0.859337 0 0 0 1 
0.998534 0.0221271 0.0493966 -0.241634 -0.0537323 0.515105 0.855441 1.35464 0.00651594 0.856841 -0.515538 -1.05892 0 0 0 1 
0.998534 0.0221271 0.0493966 -0.241633 -0.0537323 0.515105 0.855441 1.15277 0.00651594 0.856841 -0.515538 -1.05892 0 0 0 1 
0.991225 0.132082 -0.0052416 -0.519009 -0.0407018 0.342697 0.938564 1.01973 -0.125764 0.930114 -0.345065 -0.857657 0 0 0 1 
0.956682 0.287851 -0.0436034 -0.839612 -0.00233411 0.157348 0.98754 0.702023 -0.291126 0.94466 -0.151204 -0.562828 0 0 0 1 
0.886503 0.46155 -0.0329164 -1.07861 0.0500812 -0.0249861 0.998432 0.215103 -0.460005 0.886762 0.0452652 -0.232159 0 0 0 1 
0.792078 0.609345 0.0362098 -1.13927 0.109448 -0.200127 0.973637 -0.341624 -0.600528 0.767233 0.225208 0.0759835 0 0 0 1 
0.704425 0.694104 0.14834 -1.01219 0.175146 -0.372519 0.911347 -0.812694 -0.687829 0.615994 0.383981 0.312548 0 0 0 1 
0.653737 0.703897 0.277772 -0.758159 0.249156 -0.546826 0.799313 -1.09041 -0.714527 0.453332 0.53286 0.454399 0 0 0 1 
0.642302 0.653639 0.400255 -0.454973 0.327579 -0.706231 0.627638 -1.2319 -0.692921 0.272018 0.667732 0.499905 0 0 0 1 
0.661415 0.562323 0.496308 -0.158652 0.398272 -0.824049 0.402892 -1.31357 -0.635538 0.068813 0.768996 0.445272 0 0 0 1 
0.695867 0.453529 0.556849 0.0934625 0.455013 -0.878311 0.14674 -1.40391 -0.555637 -0.151262 0.817549 0.295473 0 0 0 1 
0.728555 0.353444 0.586758 0.282199 0.503662 -0.856976 -0.109164 -1.56621 -0.464254 -0.37506 0.80237 0.060867 0 0 0 1 
0.648351 0.366768 0.667174 0.73326 0.569475 -0.815244 -0.105242 -1.82516 -0.50531 -0.448173 0.73743 0.123023 0 0 0 1 
0.603083 0.494202 0.626142 0.506381 0.477762 -0.852377 0.212597 -1.52858 -0.638775 -0.170933 0.750165 0.492153 0 0 0 1 
0.568036 0.627887 0.532064 0.164084 0.36142 -0.771129 0.524152 -1.27919 -0.739398 0.105438 0.664961 0.684581 0 0 0 1 
0.574595 0.718312 0.392259 -0.240009 0.232806 -0.602928 0.763072 -1.0088 -0.784628 0.347137 0.513668 0.689368 0 0 0 1 
0.638971 0.728919 0.245748 -0.593536 0.120432 -0.410329 0.90395 -0.603992 -0.759744 0.548002 0.349974 0.54824 0 0 0 1 
0.747014 0.651902 0.13036 -0.788454 0.0332482 -0.232475 0.972034 0.00408649 -0.663976 0.721788 0.195337 0.310109 0 0 0 1 
0.856385 0.512393 0.0637003 -0.784031 -0.0384339 -0.0597682 0.997472 0.67785 -0.514905 0.856668 0.0314913 0.00335181 0 0 0 1 
0.936536 0.346306 0.0545124 -0.591894 -0.0996749 0.11396 0.988473 1.26717 -0.336102 0.931174 -0.141246 -0.3379 0 0 0 1 
0.97671 0.194496 0.0905985 -0.305527 -0.145627 0.290818 0.945631 1.66273 -0.157574 0.936801 -0.312368 -0.667419 0 0 0 1 
0.986477 0.0838842 0.140805 -0.0476822 -0.163703 0.462367 0.871446 1.82321 -0.00799713 0.882711 -0.469846 -0.927774 0 0 0 1 
0.986477 0.0838842 0.140805 -0.0476807 -0.163703 0.462367 0.871446 1.62133 -0.00799713 0.882711 -0.469846 -0.927774 0 0 0 1 
0.976352 0.195994 0.0912296 -0.305659 -0.146044 0.286822 0.946786 1.45728 -0.159398 0.93772 -0.308663 -0.66424 0 0 0 1 
0.934566 0.351089 0.0576375 -0.589492 -0.0993319 0.101915 0.989821 1.09649 -0.341641 0.930779 -0.130121 -0.325752 0 0 0 1 
0.851847 0.519027 0.070485 -0.77452 -0.0355479 -0.0769708 0.996399 0.556904 -0.522583 0.851285 0.0471169 0.0229406 0 0 0 1 
0.741733 0.656349 0.137979 -0.774558 0.0377573 -0.246263 0.968467 -0.0609736 -0.669632 0.713134 0.207443 0.326177 0 0 0 1 
0.638972 0.728919 0.245747 -0.593538 0.120432 -0.410329 0.90395 -0.603993 -0.759744 0.548003 0.349974 0.548239 0 0 0 1 
0.576635 0.728227 0.370373 -0.300218 0.215837 -0.57301 0.790616 -0.969982 -0.787976 0.375957 0.487596 0.678367 0 0 0 1 
0.558078 0.670627 0.48868 0.0250247 0.319794 -0.717253 0.619095 -1.21411 -0.765689 0.189226 0.614746 0.708852 0 0 0 1 
0.57503 0.575558 0.58144 0.324816 0.417813 -0.817621 0.396142 -1.40304 -0.703401 -0.0151396 0.710632 0.625898 0 0 0 1 
0.611534 0.466033 0.639406 0.564568 0.500296 -0.853825 0.143826 -1.59101 -0.612968 -0.231938 0.755297 0.427482 0 0 0 1 
0.648351 0.366768 0.667174 0.73326 0.569475 -0.815244 -0.105242 -1.82516 -0.50531 -0.448173 0.73743 0.123023 0 0 0 1 
0.694659 0.691473 -0.198276 0.13433 -2.23937e-06 0.275638 0.961261 -0.382745 -0.719339 0.667748 -0.191476 0.222979 0 0 0 1 
0.739379 0.558436 -0.376121 0.00815833 0.088813 0.472858 0.876652 -0.630489 -0.667406 0.681582 -0.300025 0.191614 0 0 0 1 
0.749772 0.370541 -0.548216 -0.146454 0.214989 0.647137 0.731432 -0.937391 -0.625797 0.666268 -0.405543 0.148849 0 0 0 1 
0.728799 0.191703 -0.657345 -0.279195 0.332871 0.739744 0.584787 -1.14551 -0.598372 0.645003 -0.475312 0.114642 0 0 0 1 
0.707726 0.12681 -0.695013 -0.32637 0.379775 0.761248 0.525616 -1.08389 -0.595731 0.635941 -0.490595 0.0956789 0 0 0 1 
0.701976 0.225327 -0.675616 -0.262981 0.328146 0.73961 0.58762 -0.683422 -0.632099 0.634196 -0.445248 0.0819409 0 0 0 1 
0.704179 0.390364 -0.593083 -0.138147 0.246352 0.649085 0.719722 -0.0649077 -0.665915 0.65292 -0.360905 0.0939244 0 0 0 1 
0.691326 0.56443 -0.451095 0.00977105 0.164099 0.48535 0.858782 0.648063 -0.703662 0.667722 -0.242912 0.117355 0 0 0 1 
0.660396 0.697549 -0.278031 0.149433 0.106659 0.279367 0.954242 1.34145 -0.743304 0.659832 -0.110093 0.141186 0 0 0 1 
0.623186 0.772061 -0.124739 0.256543 0.0840988 0.0924173 0.992162 1.90652 -0.777538 0.628792 0.00733628 0.156889 0 0 0 1 
0.623186 0.772061 -0.124739 0.256543 0.0840988 0.0924173 0.992162 1.70464 -0.777538 0.628792 0.00733628 0.156889 0 0 0 1 
0.660194 0.697643 -0.278276 0.149178 0.106638 0.279678 0.954153 1.1318 -0.743486 0.659601 -0.110246 0.1409 0 0 0 1 
0.690762 0.56458 -0.451771 0.00904077 0.163924 0.486248 0.858307 0.471199 -0.704256 0.666942 -0.243333 0.116479 0 0 0 1 
0.703417 0.390405 -0.593959 -0.139163 0.245936 0.650345 0.718726 -0.185015 -0.666873 0.65164 -0.361449 0.0926056 0 0 0 1 
0.701371 0.225253 -0.676269 -0.26382 0.327697 0.740651 0.586559 -0.739125 -0.633003 0.633007 -0.445656 0.0807713 0 0 0 1 
0.707726 0.12681 -0.695013 -0.32637 0.379775 0.761248 0.525616 -1.08389 -0.595731 0.635941 -0.490595 0.0956786 0 0 0 1 
0.723101 0.165645 -0.670587 -0.298802 0.349703 0.749421 0.562207 -1.16399 -0.595679 0.641038 -0.48398 0.109349 0 0 0 1 
0.741452 0.295274 -0.602547 -0.206717 0.264164 0.697012 0.666627 -1.04638 -0.61682 0.653443 -0.4388 0.13008 0 0 0 1 
0.748433 0.451295 -0.485984 -0.0851308 0.161538 0.586659 0.793559 -0.820085 -0.643236 0.672431 -0.366174 0.163915 0 0 0 1 
0.731385 0.591704 -0.339061 0.0365186 0.0667236 0.432709 0.899061 -0.57229 -0.678693 0.680183 -0.276996 0.198279 0 0 0 1 
0.694659 0.691473 -0.198276 0.13433 -2.23937e-06 0.275638 0.961261 -0.382745 -0.719339 0.667748 -0.191476 0.222979 0 0 0 1 
0.885961 0.310718 0.344279 -0.145178 -0.203642 -0.406312 0.890752 -0.297369 -0.416657 0.859281 0.296702 -0.0643359 0 0 0 1 
0.865146 0.450888 0.219593 -0.610677 -0.147367 -0.189975 0.970666 -0.863257 -0.479379 0.872129 0.0979099 -0.166878 0 0 0 1 
0.829715 0.554308 0.0656892 -1.02508 -0.10733 0.042945 0.993295 -1.61096 -0.547771 0.831203 -0.0951259 -0.2639 0 0 0 1 
0.800766 0.592385 -0.0886201 -1.21478 -0.0592653 0.225586 0.972419 -2.18252 -0.596037 0.773428 -0.21575 -0.339972 0 0 0 1 
0.853516 0.495743 -0.160466 -1.05978 0.117602 0.11674 0.986175 -1.92852 -0.507622 0.860587 -0.0413395 -0.539593 0 0 0 1 
0.869591 0.460113 -0.179186 -0.830395 0.155273 0.0896686 0.983793 -1.26544 -0.468723 0.883321 -0.00653183 -0.413083 0 0 0 1 
0.882236 0.429782 -0.192213 -0.441934 0.179047 0.0713094 0.981252 -0.287991 -0.435432 0.900112 0.0140397 -0.181541 0 0 0 1 
0.89268 0.403168 -0.201437 0.079996 0.194467 0.0586367 0.979155 0.739091 -0.406575 0.913245 0.0260591 0.124326 0 0 0 1 
0.901548 0.378732 -0.20922 0.6465 0.206609 0.048031 0.977244 1.60654 -0.380162 0.924259 0.0349472 0.446282 0 0 0 1 
0.909041 0.354968 -0.218269 1.13102 0.220197 0.0355022 0.974809 2.20926 -0.353775 0.934204 0.04589 0.712518 0 0 0 1 
0.909041 0.354968 -0.218269 1.13102 0.220197 0.0355022 0.974809 2.00739 -0.353775 0.934204 0.04589 0.712518 0 0 0 1 
0.901548 0.378731 -0.209221 0.646291 0.20661 0.0480325 0.977244 1.39696 -0.380162 0.924259 0.0349459 0.445979 0 0 0 1 
0.892681 0.403167 -0.201436 0.0793422 0.194467 0.0586358 0.979155 0.562285 -0.406575 0.913245 0.0260596 0.123493 0 0 0 1 
0.882236 0.429782 -0.192213 -0.442872 0.179047 0.0713092 0.981253 -0.408209 -0.435432 0.900112 0.0140396 -0.182597 0 0 0 1 
0.869591 0.460112 -0.179187 -0.83116 0.155274 0.0896696 0.983793 -1.3214 -0.468723 0.883321 -0.00653246 -0.413834 0 0 0 1 
0.853516 0.495743 -0.160466 -1.05978 0.117602 0.11674 0.986175 -1.92852 -0.507622 0.860587 -0.0413394 -0.539593 0 0 0 1 
0.800766 0.592384 -0.0886206 -1.25742 -0.0592652 0.225586 0.972419 -2.26085 -0.596037 0.773428 -0.21575 -0.365318 0 0 0 1 
0.821324 0.569694 0.029581 -1.15943 -0.0993784 0.0918262 0.990804 -1.88876 -0.561739 0.81671 -0.132034 -0.317988 0 0 0 1 
0.848072 0.508678 0.148394 -0.894352 -0.128242 -0.0746882 0.988926 -1.30456 -0.514128 0.857711 -0.00189278 -0.247989 0 0 0 1 
0.872395 0.416886 0.25521 -0.51803 -0.160194 -0.249434 0.95505 -0.720746 -0.461805 0.874064 0.150822 -0.154732 0 0 0 1 
0.885961 0.310718 0.344279 -0.145178 -0.203642 -0.406312 0.890752 -0.297369 -0.416657 0.859281 0.296702 -0.0643359 0 0 0 1 
0.707274 -0.691762 -0.145698 -0.12286 -0.70233 -0.711073 -0.0332625 -2.04662 0.0805927 -0.125854 0.988769 2.61652 0 0 0 1 
0.873088 -0.482888 0.0673506 0.0992301 -0.481615 -0.83266 0.273358 -1.71712 0.0759212 0.271103 0.959551 2.46427 0 0 0 1 
0.967191 -0.185165 0.17394 0.0555251 -0.253075 -0.762152 0.595883 -1.60189 -0.0222322 0.620353 0.784008 1.96612 0 0 0 1 
0.974769 0.173553 0.140374 -0.222825 -0.0416631 -0.476358 0.878263 -1.6029 -0.219294 0.861952 0.457108 1.08451 0 0 0 1 
0.821944 0.529637 -0.209503 -1.20917 0.0945703 0.235816 0.967185 -2.10606 -0.561661 0.814785 -0.14374 -0.71986 0 0 0 1 
0.806494 0.521651 -0.278292 -1.12445 0.101111 0.342068 0.934219 -1.66288 -0.582531 0.781581 -0.223131 -0.788897 0 0 0 1 
0.80994 0.500527 -0.305728 -0.779039 0.111205 0.380755 0.917964 -0.780947 -0.575874 0.777494 -0.252728 -0.647435 0 0 0 1 
0.822611 0.47624 -0.310653 -0.249999 0.125437 0.380889 0.916073 0.232137 -0.554595 0.792539 -0.253586 -0.372903 0 0 0 1 
0.836523 0.452089 -0.309588 0.336231 0.140141 0.369691 0.918525 1.11014 -0.529707 0.811753 -0.245899 -0.0629336 0 0 0 1 
0.845157 0.430978 -0.316174 0.823339 0.151198 0.374595 0.914777 1.6902 -0.512687 0.820936 -0.251429 0.166842 0 0 0 1 
0.845157 0.430978 -0.316174 0.823338 0.151198 0.374595 0.914777 1.48832 -0.512687 0.820936 -0.251429 0.166843 0 0 0 1 
0.836523 0.452088 -0.309589 0.336023 0.140141 0.369693 0.918524 0.900557 -0.529707 0.811753 -0.245901 -0.0632359 0 0 0 1 
0.822612 0.47624 -0.310652 -0.250653 0.125436 0.380889 0.916073 0.0553305 -0.554595 0.792539 -0.253586 -0.373737 0 0 0 1 
0.80994 0.500527 -0.305728 -0.779976 0.111204 0.380755 0.917965 -0.901164 -0.575874 0.777495 -0.252728 -0.648491 0 0 0 1 
0.806495 0.52165 -0.278292 -1.12522 0.101111 0.342069 0.934219 -1.71884 -0.582531 0.781581 -0.223132 -0.789648 0 0 0 1 
0.821944 0.529637 -0.209504 -1.20917 0.0945705 0.235816 0.967185 -2.10606 -0.561661 0.814785 -0.14374 -0.71986 0 0 0 1 
0.974769 0.173553 0.140374 -0.265459 -0.0416628 -0.476358 0.878263 -1.68123 -0.219294 0.861952 0.457108 1.05916 0 0 0 1 
0.977298 -0.110798 0.180588 -0.0485778 -0.204213 -0.719666 0.663609 -1.71337 -0.0564369 0.685422 0.725955 1.77425 0 0 0 1 
0.926219 -0.353357 0.131364 0.0408592 -0.374597 -0.823508 0.426041 -1.73398 0.0423651 0.443816 0.895115 2.2519 0 0 0 1 
0.836682 -0.547269 0.0214216 0.0414368 -0.54085 -0.819442 0.189725 -1.81082 0.0862768 0.170325 0.981603 2.52253 0 0 0 1 
0.707274 -0.691762 -0.145698 -0.12286 -0.70233 -0.711073 -0.0332625 -2.04662 0.0805927 -0.125854 0.988769 2.61652 0 0 0 1 
0.642196 -0.726916 -0.243263 -0.540247 -0.75017 -0.661229 -0.00451422 -2.19366 0.157571 -0.185387 0.969949 2.89677 0 0 0 1 
0.810606 -0.585544 -0.0073902 -0.235576 -0.557343 -0.775315 0.297078 -1.98232 0.179682 0.236694 0.954824 2.8618 0 0 0 1 
0.929519 -0.349534 0.117559 -0.123874 -0.342891 -0.701868 0.624345 -1.91247 0.135719 0.620651 0.772251 2.53984 0 0 0 1 
0.99531 -0.0423719 0.0869632 -0.15454 -0.0967261 -0.422702 0.901092 -1.79019 0.00142145 0.905277 0.424819 1.83735 0 0 0 1 
0.912362 0.30524 -0.272807 -0.892354 0.198704 0.252444 0.946989 -1.75872 -0.357928 0.918204 -0.169668 -0.0448349 0 0 0 1 
0.880589 0.330835 -0.339278 -0.879289 0.223772 0.340801 0.913115 -1.23962 -0.417717 0.880001 -0.226074 -0.214649 0 0 0 1 
0.863771 0.348177 -0.364241 -0.622216 0.234055 0.36291 0.90195 -0.340087 -0.446225 0.864331 -0.231978 -0.155603 0 0 0 1 
0.855956 0.364 -0.367209 -0.184052 0.241379 0.346748 0.906367 0.66601 -0.457246 0.864447 -0.20894 0.0491655 0 0 0 1 
0.850668 0.378659 -0.364664 0.315806 0.249211 0.320307 0.913945 1.53445 -0.462878 0.868343 -0.178109 0.294819 0 0 0 1 
0.842218 0.392274 -0.36985 0.72613 0.255991 0.312777 0.91468 2.11229 -0.474486 0.865038 -0.163008 0.461388 0 0 0 1 
0.842218 0.392274 -0.36985 0.726129 0.255991 0.312777 0.91468 1.91042 -0.474486 0.865038 -0.163008 0.461389 0 0 0 1 
0.850669 0.378658 -0.364665 0.315598 0.249212 0.320308 0.913945 1.32487 -0.462878 0.868343 -0.17811 0.294515 0 0 0 1 
0.855957 0.363999 -0.367208 -0.184706 0.241378 0.346748 0.906367 0.489205 -0.457246 0.864447 -0.20894 0.0483317 0 0 0 1 
0.863771 0.348177 -0.364241 -0.623153 0.234055 0.362909 0.901951 -0.460305 -0.446225 0.864331 -0.231978 -0.156658 0 0 0 1 
0.88059 0.330834 -0.339279 -0.880054 0.223773 0.340802 0.913115 -1.29558 -0.417717 0.880001 -0.226075 -0.215399 0 0 0 1 
0.912362 0.30524 -0.272808 -0.892354 0.198704 0.252444 0.946989 -1.75872 -0.357928 0.918204 -0.169668 -0.0448347 0 0 0 1 
0.99531 -0.0423717 0.0869627 -0.197173 -0.0967258 -0.422702 0.901092 -1.86853 0.00142156 0.905277 0.424818 1.812 0 0 0 1 
0.949288 -0.287835 0.1265 -0.181647 -0.292257 -0.659495 0.692569 -2.01626 0.115919 0.694418 0.710173 2.3909 0 0 0 1 
0.871221 -0.486302 0.0669678 -0.23284 -0.460957 -0.763537 0.452249 -2.03568 0.168797 0.424878 0.889373 2.72642 0 0 0 1 
0.771967 -0.632882 -0.0593825 -0.320753 -0.609583 -0.763542 0.2131 -2.04964 0.180208 0.128308 0.975224 2.88306 0 0 0 1 
0.642196 -0.726916 -0.243263 -0.540247 -0.75017 -0.661229 -0.00451422 -2.19366 0.157571 -0.185387 0.969949 2.89677 0 0 0 1 
0.992878 0.118965 -0.00627678 0.281546 -0.0160252 0.185584 0.982498 -0.365617 -0.118047 0.9754 -0.186169 0.382346 0 0 0 1 
0.96992 0.203623 -0.133392 -0.29381 0.0756654 0.268642 0.960263 -0.642483 -0.231366 0.941472 -0.245154 0.128445 0 0 0 1 
0.918935 0.280619 -0.277149 -0.872757 0.163153 0.369296 0.914878 -1.19965 -0.359082 0.885931 -0.293575 -0.186614 0 0 0 1 
0.859121 0.32971 -0.39141 -1.25102 0.22238 0.448327 0.865765 -1.75895 -0.460931 0.830839 -0.311846 -0.461558 0 0 0 1 
0.829978 0.350311 -0.434072 -1.36699 0.246923 0.467047 0.849056 -1.86238 -0.500166 0.81188 -0.301139 -0.600078 0 0 0 1 
0.850917 0.347304 -0.394106 -1.24499 0.239479 0.411272 0.879491 -1.30262 -0.467536 0.842754 -0.266787 -0.576705 0 0 0 1 
0.898111 0.319953 -0.301706 -0.91259 0.203608 0.305569 0.930146 -0.379749 -0.389795 0.896804 -0.20929 -0.446141 0 0 0 1 
0.946894 0.264502 -0.182841 -0.389134 0.139592 0.174108 0.974782 0.593948 -0.289665 0.948539 -0.127939 -0.260229 0 0 0 1 
0.979686 0.189331 -0.0660973 0.214651 0.0586552 0.044651 0.997279 1.38054 -0.191767 0.980897 -0.0326387 -0.0856828 0 0 0 1 
0.992878 0.11695 0.0226891 0.72876 -0.0160242 -0.0576177 0.99821 1.88791 -0.118047 0.991465 0.0553333 0.0245089 0 0 0 1 
0.992878 0.11695 0.0226891 0.72876 -0.0160242 -0.0576177 0.99821 1.68604 -0.118047 0.991465 0.0553333 0.0245091 0 0 0 1 
0.980348 0.180085 -0.080536 0.273008 0.0654484 0.0882159 0.993949 1.1508 -0.1861 0.979687 -0.074696 0.0671619 0 0 0 1 
0.94744 0.235456 -0.216603 -0.247781 0.150564 0.26922 0.951237 0.431638 -0.282289 0.933852 -0.219618 0.0811008 0 0 0 1 
0.898065 0.262284 -0.35311 -0.686997 0.212724 0.443675 0.870575 -0.387623 -0.385004 0.856948 -0.342655 0.0641694 0 0 0 1 
0.850668 0.261916 -0.455811 -0.960569 0.24272 0.573421 0.78248 -1.1283 -0.466316 0.776265 -0.424219 0.041561 0 0 0 1 
0.829978 0.252407 -0.49742 -1.06412 0.246922 0.63337 0.733398 -1.5651 -0.500165 0.731528 -0.463358 0.0492724 0 0 0 1 
0.849665 0.247689 -0.46553 -1.01984 0.232694 0.616105 0.752507 -1.56904 -0.473203 0.747706 -0.465848 0.109675 0 0 0 1 
0.89459 0.240656 -0.376554 -0.838383 0.199062 0.539811 0.817911 -1.2765 -0.400103 0.806652 -0.435005 0.203176 0 0 0 1 
0.942894 0.217544 -0.252238 -0.518597 0.141397 0.424237 0.894444 -0.880887 -0.30159 0.879032 -0.369251 0.295033 0 0 0 1 
0.977568 0.173489 -0.119422 -0.109868 0.0639651 0.295676 0.953144 -0.546403 -0.20067 0.939402 -0.277947 0.356794 0 0 0 1 
0.992878 0.118965 -0.00627678 0.281546 -0.0160252 0.185584 0.982498 -0.365617 -0.118047 0.9754 -0.186169 0.382346 0 0 0 1 
0.765705 0.64315 0.00724406 0.1077 0.250928 -0.309076 0.917337 -0.923031 -0.592225 0.700592 0.398045 0.912492 0 0 0 1 
0.763357 0.645975 0.00145767 0.0214247 0.249108 -0.296455 0.921987 -1.04321 -0.596012 0.703442 0.387219 0.801845 0 0 0 1 
0.758486 0.651271 -0.0233369 -0.125731 0.253268 -0.261589 0.931357 -1.20463 -0.600461 0.712332 0.363358 0.674698 0 0 0 1 
0.755265 0.654095 -0.0416397 -0.255968 0.265174 -0.246854 0.932065 -1.3158 -0.59938 0.714998 0.359889 0.610662 0 0 0 1 
0.759427 0.650172 -0.0233745 -0.27011 0.281815 -0.296364 0.91255 -1.26923 -0.586388 0.699603 0.408296 0.667593 0 0 0 1 
0.783553 0.619268 0.0505156 -0.129589 0.267693 -0.40984 0.871993 -0.959368 -0.5607 0.66973 0.486905 0.797441 0 0 0 1 
0.814568 0.56097 0.147617 0.0889601 0.238863 -0.556289 0.795919 -0.532354 -0.528604 0.61307 0.58713 0.984279 0 0 0 1 
0.844847 0.475405 0.245402 0.32263 0.196833 -0.702716 0.683701 -0.0862601 -0.497483 0.52932 0.687263 1.19356 0 0 0 1 
0.868597 0.373641 0.32547 0.519751 0.147897 -0.822374 0.549388 0.306045 -0.472932 0.429061 0.769572 1.3894 0 0 0 1 
0.883522 0.275955 0.378466 0.651839 0.102052 -0.902019 0.419459 0.593207 -0.457136 0.331978 0.825116 1.53916 0 0 0 1 
0.883522 0.275955 0.378466 0.651839 0.102052 -0.902019 0.419459 0.391333 -0.457136 0.331978 0.825116 1.53916 0 0 0 1 
0.868532 0.374314 0.32487 0.518679 0.148172 -0.821585 0.550493 0.0981088 -0.472966 0.429984 0.769036 1.3884 0 0 0 1 
0.844539 0.477067 0.243229 0.318845 0.197563 -0.699757 0.686519 -0.258719 -0.497717 0.531739 0.685223 1.18991 0 0 0 1 
0.813957 0.562817 0.14391 0.0826077 0.239759 -0.551108 0.799247 -0.647183 -0.52914 0.616049 0.583519 0.977962 0 0 0 1 
0.782919 0.620348 0.0469625 -0.135618 0.268302 -0.404791 0.874161 -1.01158 -0.561294 0.671798 0.483359 0.791324 0 0 0 1 
0.759426 0.650173 -0.0233738 -0.270108 0.281815 -0.296365 0.91255 -1.26923 -0.586388 0.699602 0.408296 0.667595 0 0 0 1 
0.753845 0.655348 -0.0472896 -0.279715 0.266781 -0.239515 0.93352 -1.31727 -0.600454 0.716346 0.355392 0.596823 0 0 0 1 
0.753735 0.655995 -0.0394119 -0.193139 0.255591 -0.237366 0.937193 -1.25473 -0.605439 0.716468 0.346578 0.622708 0 0 0 1 
0.755984 0.654396 -0.0159238 -0.0635642 0.249415 -0.265473 0.931298 -1.13471 -0.60521 0.708018 0.36391 0.714821 0 0 0 1 
0.758144 0.652066 0.00516763 0.0549632 0.248688 -0.296452 0.922101 -1.00969 -0.602803 0.697801 0.386915 0.830868 0 0 0 1 
0.758175 0.651977 0.0098475 0.123881 0.250962 -0.305712 0.918454 -0.920919 -0.601821 0.693877 0.395405 0.921581 0 0 0 1 
0.745881 0.562178 -0.357236 -1.53848 0.331987 0.151189 0.931089 -1.07191 -0.577448 0.813079 0.0738666 -0.636807 0 0 0 1 
0.73633 0.529132 -0.421708 -1.87927 0.343837 0.244169 0.906729 -1.36317 -0.582747 0.81265 0.00214592 -1.02721 0 0 0 1 
0.724407 0.497016 -0.477712 -2.15332 0.355383 0.324547 0.876568 -1.72819 -0.590708 0.804763 -0.0584731 -1.3164 0 0 0 1 
0.714311 0.463194 -0.524605 -2.39871 0.374096 0.380803 0.845601 -2.00483 -0.591449 0.800275 -0.0987325 -1.54708 0 0 0 1 
0.711648 0.42506 -0.559358 -2.64195 0.403508 0.404467 0.820723 -2.01679 -0.575098 0.809772 -0.116323 -1.80647 0 0 0 1 
0.73507 0.395831 -0.550446 -2.80234 0.407606 0.390766 0.825323 -1.54438 -0.541784 0.831035 -0.125897 -2.10755 0 0 0 1 
0.770833 0.370254 -0.518389 -2.89933 0.399373 0.353106 0.84606 -0.720406 -0.496304 0.859202 -0.124316 -2.41549 0 0 0 1 
0.811314 0.347125 -0.470396 -2.92446 0.376746 0.304816 0.874728 0.331159 -0.447025 0.886899 -0.116523 -2.68416 0 0 0 1 
0.84888 0.326255 -0.415884 -2.88272 0.343157 0.258298 0.903064 1.44099 -0.402051 0.909307 -0.107307 -2.88254 0 0 0 1 
0.877719 0.308137 -0.36696 -2.80616 0.30771 0.224594 0.924593 2.40654 -0.367318 0.92445 -0.102314 -3.01806 0 0 0 1 
0.877719 0.308137 -0.36696 -2.80616 0.30771 0.224594 0.924593 2.20467 -0.367318 0.92445 -0.102314 -3.01806 0 0 0 1 
0.848756 0.326539 -0.415916 -2.88098 0.343243 0.2581 0.903088 1.22852 -0.402241 0.909262 -0.106981 -2.87911 0 0 0 1 
0.810917 0.34809 -0.470369 -2.91776 0.376829 0.304323 0.874864 0.147903 -0.447675 0.886691 -0.11561 -2.67296 0 0 0 1 
0.770235 0.37183 -0.518151 -2.88734 0.399207 0.352508 0.846387 -0.846428 -0.497364 0.858767 -0.123077 -2.39783 0 0 0 1 
