a
25
16
25
0
1
10 0
-0.694658 -0.697972 -0.174024 -0.33681 -2.30525e-08 -0.241922 0.970296 -0.315008 0.71934 -0.674024 -0.168053 -0.418515 0 0 0 1 
-0.694658 -0.697972 -0.174024 -0.33681 -2.35181e-08 -0.241922 0.970296 -0.575846 0.71934 -0.674024 -0.168053 -0.418515 0 0 0 1 
-0.694658 -0.697972 -0.174024 -0.33681 -2.30525e-08 -0.241922 0.970296 -0.836683 0.71934 -0.674024 -0.168053 -0.418515 0 0 0 1 
-0.694658 -0.697972 -0.174024 -0.33681 -2.30525e-08 -0.241922 0.970296 -1.05634 0.71934 -0.674024 -0.168053 -0.418515 0 0 0 1 
-0.694658 -0.697972 -0.174024 -0.33681 -2.30525e-08 -0.241922 0.970296 -1.05634 0.71934 -0.674024 -0.168053 -0.418515 0 0 0 1 
-0.694658 -0.697972 -0.174024 -0.33681 -2.16555e-08 -0.241922 0.970296 -1.07147 0.71934 -0.674024 -0.168053 -0.418515 0 0 0 1 
-0.694658 -0.697972 -0.174024 -0.33681 -2.16555e-08 -0.241922 0.970296 -1.08659 0.71934 -0.674024 -0.168053 -0.418515 0 0 0 1 
-0.694658 -0.697972 -0.174024 -0.33681 -2.16555e-08 -0.241922 0.970296 -1.08659 0.71934 -0.674024 -0.168053 -0.418515 0 0 0 1 
-0.694658 -0.697972 -0.174024 -0.33681 -2.16555e-08 -0.241922 0.970296 -1.09913 0.71934 -0.674024 -0.168053 -0.418515 0 0 0 1 
-0.694658 -0.697972 -0.174024 -0.33681 -2.16555e-08 -0.241922 0.970296 -1.12355 0.71934 -0.674024 -0.168053 -0.418515 0 0 0 1 
-0.694658 -0.697972 -0.174024 -0.33681 -2.25868e-08 -0.241922 0.970296 -1.12193 0.71934 -0.674024 -0.168053 -0.418515 0 0 0 1 
-0.694658 -0.697972 -0.174024 -0.33681 -2.30525e-08 -0.241922 0.970296 -1.05634 0.71934 -0.674024 -0.168053 -0.418515 0 0 0 1 
-0.694658 -0.697972 -0.174024 -0.33681 -2.30525e-08 -0.241922 0.970296 -0.870063 0.71934 -0.674024 -0.168053 -0.418515 0 0 0 1 
-0.694658 -0.697972 -0.174024 -0.33681 -2.30525e-08 -0.241922 0.970296 -0.592536 0.71934 -0.674024 -0.168053 -0.418515 0 0 0 1 
-0.694658 -0.697972 -0.174024 -0.33681 -2.30525e-08 -0.241922 0.970296 -0.315008 0.71934 -0.674024 -0.168053 -0.418515 0 0 0 1 
-0.694658 -0.697972 -0.174024 -0.33681 -2.30525e-08 -0.241922 0.970296 -0.315008 0.71934 -0.674024 -0.168053 -0.418515 0 0 0 1 
-0.829015 -0.543285 -0.132576 -0.25659 0.00362743 -0.242289 0.970197 -0.315199 0.559215 -0.803827 -0.202832 -0.485827 0 0 0 1 
-0.764904 -0.639505 -0.0771651 -0.149347 0.112098 -0.250122 0.961703 -0.592476 0.634315 -0.726961 -0.263006 -0.602289 0 0 0 1 
-0.685279 -0.727703 -0.0290017 -0.0561305 0.219659 -0.244493 0.944443 -0.886719 0.694365 -0.640836 -0.327392 -0.726904 0 0 0 1 
-0.607455 -0.794337 0.00516096 0.00998867 0.307812 -0.229394 0.92338 -1.14714 0.732291 -0.5625 -0.383853 -0.836179 0 0 0 1 
-0.607455 -0.794337 0.00516096 0.00998867 0.307812 -0.229394 0.92338 -1.14714 0.732291 -0.5625 -0.383853 -0.836179 0 0 0 1 
-0.735467 -0.67184 -0.0878599 -0.170046 0.16125 -0.299499 0.940372 -1.12938 0.658093 -0.677445 -0.328606 -0.729252 0 0 0 1 
-0.829015 -0.526451 -0.188638 -0.365094 0.00362869 -0.342376 0.939556 -1.14609 0.559215 -0.778221 -0.285745 -0.646299 0 0 0 1 
-0.829015 -0.526451 -0.188638 -0.365094 0.00362869 -0.342376 0.939556 -1.14609 0.559215 -0.778221 -0.285745 -0.646299 0 0 0 1 
-0.819127 -0.546117 -0.175462 -0.339593 0.0241759 -0.338487 0.940661 -1.15649 0.573102 -0.766278 -0.290467 -0.655437 0 0 0 1 
-0.805554 -0.570877 -0.158688 -0.307129 0.0503595 -0.332814 0.941647 -1.179 0.590378 -0.750556 -0.296849 -0.667789 0 0 0 1 
-0.772821 -0.622606 -0.122923 -0.237907 0.106286 -0.317939 0.942135 -1.17643 0.625661 -0.715037 -0.311884 -0.696889 0 0 0 1 
-0.607455 -0.794337 0.00516096 0.00998867 0.307812 -0.229394 0.92338 -1.14714 0.732291 -0.5625 -0.383853 -0.836179 0 0 0 1 
-0.665865 -0.745929 -0.0145944 -0.0282462 0.241451 -0.233962 0.941787 -0.925239 0.705921 -0.62358 -0.335892 -0.743355 0 0 0 1 
-0.756973 -0.649766 -0.0692607 -0.134048 0.12346 -0.246298 0.961299 -0.609949 0.641678 -0.719126 -0.26666 -0.609362 0 0 0 1 
-0.829015 -0.543285 -0.132576 -0.25659 0.00362743 -0.242289 0.970197 -0.315199 0.559215 -0.803827 -0.202832 -0.485827 0 0 0 1 
-0.829015 -0.543285 -0.132576 -0.25659 0.00362743 -0.242289 0.970197 -0.315199 0.559215 -0.803827 -0.202832 -0.485827 0 0 0 1 
-0.694658 -0.719231 0.012553 -0.0940735 -2.93556e-06 0.0174535 0.999848 -0.264065 0.719341 -0.694552 0.0121263 -0.184103 0 0 0 1 
-0.690576 -0.707097 0.152046 0.0887397 0.0492169 0.163794 0.985266 -0.536994 0.721583 -0.687885 0.078311 -0.0973224 0 0 0 1 
-0.679669 -0.674666 0.287883 0.26774 0.0971249 0.306238 0.946987 -0.841064 0.72706 -0.671599 0.142614 -0.0125417 0 0 0 1 
-0.665377 -0.632171 0.39703 0.412352 0.135604 0.420647 0.897033 -1.12054 0.734088 -0.650704 0.194164 0.0557981 0 0 0 1 
-0.665377 -0.632171 0.39703 0.412352 0.135604 0.420647 0.897033 -1.12054 0.734088 -0.650704 0.194164 0.055798 0 0 0 1 
-0.688093 -0.704639 0.173237 0.116541 0.0700321 0.173139 0.982405 -1.03591 0.722235 -0.688118 0.0697885 -0.108467 0 0 0 1 
-0.694657 -0.716604 -0.0626955 -0.192254 -1.28847e-06 -0.0871556 0.996195 -1.0454 0.719341 -0.692014 -0.0605423 -0.278919 0 0 0 1 
-0.694657 -0.716604 -0.0626955 -0.192254 -1.28847e-06 -0.0871556 0.996195 -1.0454 0.719341 -0.692014 -0.0605423 -0.278919 0 0 0 1 
-0.694747 -0.718523 -0.032424 -0.152798 0.00903289 -0.0537927 0.998511 -1.05332 0.719197 -0.69342 -0.0438627 -0.257195 0 0 0 1 
-0.694462 -0.719501 0.00639436 -0.102132 0.0205969 -0.0109953 0.999728 -1.07412 0.719234 -0.694404 -0.0224554 -0.229275 0 0 0 1 
-0.692319 -0.715944 0.0901074 0.00740108 0.0454557 0.0813547 0.995648 -1.07344 0.720159 -0.693402 0.0237797 -0.168825 0 0 0 1 
-0.665377 -0.632171 0.39703 0.412352 0.135604 0.420647 0.897033 -1.12054 0.734088 -0.650704 0.194164 0.055798 0 0 0 1 
-0.676186 -0.662945 0.321367 0.312042 0.106928 0.343277 0.933128 -0.89079 0.72893 -0.665331 0.161232 0.0120794 0 0 0 1 
-0.689659 -0.704001 0.169567 0.111775 0.0543769 0.183155 0.981579 -0.55758 0.722089 -0.686176 0.0880333 -0.0845397 0 0 0 1 
-0.694658 -0.719231 0.012553 -0.0940735 -2.93556e-06 0.0174535 0.999848 -0.264065 0.719341 -0.694552 0.0121263 -0.184103 0 0 0 1 
-0.694658 -0.719231 0.012553 -0.0940735 -2.93556e-06 0.0174535 0.999848 -0.264065 0.719341 -0.694552 0.0121263 -0.184103 0 0 0 1 
-0.694658 -0.691475 0.198276 -0.13433 -3.17155e-06 0.275638 0.961262 -0.243148 0.719341 -0.667747 0.191476 -0.222978 0 0 0 1 
-0.684408 -0.594189 0.422522 0.03356 0.085591 0.510028 0.855889 -0.491564 0.724057 -0.621942 0.29821 -0.143414 0 0 0 1 
-0.653722 -0.443621 0.613065 0.205932 0.165296 0.706871 0.687758 -0.763978 0.738461 -0.55094 0.388769 -0.0619085 0 0 0 1 
-0.613552 -0.283516 0.737002 0.352826 0.223516 0.832799 0.506445 -1.0135 0.75736 -0.475462 0.447596 0.007398 0 0 0 1 
-0.613552 -0.283516 0.737002 0.352826 0.223516 0.832799 0.506445 -1.0135 0.75736 -0.475462 0.447596 0.00739798 0 0 0 1 
-0.677713 -0.575324 0.457939 0.0589566 0.121507 0.526589 0.841392 -0.98753 0.725218 -0.625865 0.286971 -0.154126 0 0 0 1 
-0.694657 -0.715401 0.0751909 -0.223064 -1.32463e-06 0.104529 0.994522 -1.03591 0.719341 -0.690852 0.0726126 -0.308672 0 0 0 1 
-0.694657 -0.715401 0.0751909 -0.223064 -1.32463e-06 0.104529 0.994522 -1.03591 0.719341 -0.690852 0.0726126 -0.308672 0 0 0 1 
-0.695312 -0.707364 0.127191 -0.187999 0.0157177 0.161963 0.986672 -1.04041 0.718536 -0.688044 0.101496 -0.28948 0 0 0 1 
-0.694937 -0.692697 0.192958 -0.142622 0.0359227 0.234565 0.971436 -1.05611 0.718173 -0.682019 0.138124 -0.264634 0 0 0 1 
-0.689475 -0.644693 0.330144 -0.0429456 0.079319 0.385859 0.919142 -1.04183 0.719953 -0.659912 0.214904 -0.210018 0 0 0 1 
-0.613552 -0.283516 0.737002 0.352826 0.223516 0.832799 0.506445 -1.0135 0.75736 -0.475462 0.447596 0.00739798 0 0 0 1 
-0.643861 -0.397746 0.653636 0.250272 0.180465 0.751225 0.634897 -0.804624 0.743555 -0.526744 0.411905 -0.0374463 0 0 0 1 
-0.681856 -0.57775 0.448639 0.0553056 0.0944039 0.538692 0.837197 -0.508348 0.725369 -0.613202 0.312769 -0.131379 0 0 0 1 
-0.694658 -0.691475 0.198276 -0.13433 -3.17155e-06 0.275638 0.961262 -0.243148 0.719341 -0.667747 0.191476 -0.222978 0 0 0 1 
-0.694658 -0.691475 0.198276 -0.13433 -3.17155e-06 0.275638 0.961262 -0.243148 0.719341 -0.667747 0.191476 -0.222978 0 0 0 1 
-0.694658 -0.710484 -0.112531 0.588737 -2.84429e-06 -0.156433 0.987689 0.00853777 0.719341 -0.686105 -0.108666 0.475281 0 0 0 1 
-0.684408 -0.707642 0.17558 0.679069 0.0855912 0.161172 0.983208 -0.530229 0.724057 -0.687944 0.0497397 0.471321 0 0 0 1 
-0.653722 -0.611067 0.446368 0.70729 0.165296 0.46031 0.872234 -1.00696 0.738461 -0.643982 0.199908 0.436309 0 0 0 1 
-0.613553 -0.464606 0.63851 0.708375 0.223516 0.673345 0.704732 -1.3509 0.75736 -0.575107 0.309286 0.395012 0 0 0 1 
-0.613553 -0.464606 0.63851 0.708375 0.223516 0.673345 0.704732 -1.3509 0.75736 -0.575108 0.309286 0.395013 0 0 0 1 
-0.837739 -0.431446 0.334737 0.236237 0.292663 0.162787 0.942258 -0.955027 0.461024 -0.88733 0.010105 0.666557 0 0 0 1 
-0.994867 -0.100807 0.00881186 -0.515373 0.0378832 -0.290286 0.95619 -0.663328 0.0938328 -0.951615 -0.292615 0.713167 0 0 0 1 
-0.994867 -0.100807 0.00881186 -0.515373 0.0378832 -0.290286 0.95619 -0.663328 0.0938328 -0.951615 -0.292615 0.713167 0 0 0 1 
-0.986473 -0.156606 0.0484396 -0.405976 0.0864318 -0.245816 0.965456 -0.69753 0.139289 -0.956582 -0.256026 0.720389 0 0 0 1 
-0.969567 -0.223256 0.100485 -0.270562 0.14266 -0.181629 0.972964 -0.759058 0.198969 -0.957689 -0.207952 0.724261 0 0 0 1 
-0.913274 -0.345041 0.216509 1.62125e-05 0.23783 -0.0201517 0.971098 -0.867221 0.330706 -0.938371 -0.100465 0.71081 0 0 0 1 
-0.613553 -0.464606 0.63851 0.708375 0.223516 0.673345 0.704732 -1.3509 0.75736 -0.575108 0.309286 0.395013 0 0 0 1 
-0.621459 -0.607863 0.494259 0.765739 0.140251 0.534367 0.833535 -1.10137 0.770791 -0.587328 0.246834 0.383038 0 0 0 1 
-0.665693 -0.718051 0.203115 0.716964 0.0808404 0.201195 0.97621 -0.581904 0.741834 -0.666276 0.0758867 0.447573 0 0 0 1 
-0.694658 -0.710484 -0.112531 0.588737 -2.84429e-06 -0.156433 0.987689 0.00853777 0.719341 -0.686105 -0.108666 0.475281 0 0 0 1 
-0.694658 -0.710484 -0.112531 0.588737 -2.84429e-06 -0.156433 0.987689 0.00853777 0.719341 -0.686105 -0.108666 0.475281 0 0 0 1 
-0.694659 -0.691474 0.198276 -0.13433 -2.11014e-06 0.275639 0.961262 -0.243148 0.71934 -0.667748 0.191476 -0.222979 0 0 0 1 
-0.684409 -0.594187 0.422523 0.0335594 0.0855924 0.510028 0.855889 -0.491565 0.724056 -0.621943 0.29821 -0.143415 0 0 0 1 
-0.653723 -0.443619 0.613065 0.205932 0.165297 0.706871 0.687758 -0.763979 0.73846 -0.550941 0.388768 -0.0619084 0 0 0 1 
-0.613552 -0.283515 0.737002 0.352826 0.223518 0.832799 0.506445 -1.0135 0.757359 -0.475463 0.447595 0.00739795 0 0 0 1 
-0.613552 -0.283515 0.737002 0.352826 0.223518 0.832799 0.506445 -1.0135 0.757359 -0.475463 0.447595 0.00739813 0 0 0 1 
-0.7261 -0.553662 0.407722 0.166297 0.0874038 0.513842 0.853421 -0.987561 0.682012 -0.655305 0.324708 -0.190072 0 0 0 1 
-0.748876 -0.66194 -0.0319485 -0.0212982 -0.117793 0.0855123 0.98935 -0.960548 0.652158 -0.744664 0.14201 -0.381077 0 0 0 1 
-0.748876 -0.66194 -0.0319485 -0.0212982 -0.117793 0.0855123 0.98935 -0.960548 0.652158 -0.744664 0.14201 -0.381077 0 0 0 1 
-0.752182 -0.658402 0.0269936 0.00416303 -0.0898748 0.143086 0.985622 -0.978677 0.652798 -0.738941 0.1668 -0.356253 0 0 0 1 
-0.753632 -0.649346 0.101928 0.0358997 -0.0544323 0.216193 0.974832 -1.01025 0.65504 -0.729116 0.198275 -0.324761 0 0 0 1 
-0.746453 -0.612753 0.259501 0.101951 0.0194764 0.369686 0.928953 -1.02368 0.665153 -0.698474 0.264019 -0.257438 0 0 0 1 
-0.613552 -0.283515 0.737002 0.352826 0.223518 0.832799 0.506445 -1.0135 0.757359 -0.475463 0.447595 0.00739813 0 0 0 1 
-0.635358 -0.400449 0.660273 0.234968 0.182298 0.753089 0.632159 -0.801265 0.750392 -0.522014 0.40548 -0.030967 0 0 0 1 
-0.678088 -0.579349 0.452273 0.0474141 0.0968859 0.539526 0.836377 -0.508412 0.728567 -0.610956 0.309715 -0.128275 0 0 0 1 
-0.694659 -0.691474 0.198276 -0.13433 -2.11014e-06 0.275639 0.961262 -0.243148 0.71934 -0.667748 0.191476 -0.222979 0 0 0 1 
-0.694659 -0.691474 0.198276 -0.13433 -2.11014e-06 0.275639 0.961262 -0.243148 0.71934 -0.667748 0.191476 -0.222979 0 0 0 1 
-0.982893 -0.149942 -0.106949 0.575011 -0.0095778 -0.53829 0.842705 0.370013 0.183926 -0.829314 -0.527646 1.92209 0 0 0 1 
-0.974308 -0.223128 0.0306279 0.964378 0.0902065 -0.262003 0.960842 -0.264195 0.206366 -0.938919 -0.275399 1.82847 0 0 0 1 
-0.950567 -0.251399 0.182266 1.29975 0.177554 0.0415046 0.983236 -0.893649 0.254749 -0.966994 -0.00518379 1.62673 0 0 0 1 
-0.920532 -0.238143 0.309692 1.53486 0.234964 0.295829 0.925893 -1.39514 0.312111 -0.92508 0.216365 1.3968 0 0 0 1 
-0.920532 -0.238143 0.309692 1.53486 0.234964 0.295829 0.925893 -1.39514 0.312111 -0.92508 0.216365 1.3968 0 0 0 1 
-0.914221 -0.394067 0.0943999 0.901233 0.125799 -0.0545583 0.990555 -0.974454 0.385194 -0.917461 -0.0994515 1.12596 0 0 0 1 
-0.874218 -0.458231 -0.160522 0.29712 0.047722 -0.410102 0.91079 -0.888956 0.483183 -0.788569 -0.380386 0.739825 0 0 0 1 
-0.874218 -0.458231 -0.160522 0.297121 0.047722 -0.410102 0.91079 -0.888956 0.483183 -0.788569 -0.380386 0.739825 0 0 0 1 
-0.915775 -0.389055 -0.0999641 0.356092 -0.0116838 -0.222953 0.974759 -0.917177 0.401522 -0.893828 -0.199629 0.734711 0 0 0 1 
-0.955839 -0.290124 -0.0469092 0.4452 -0.0536346 0.0152688 0.998444 -0.944734 0.288956 -0.956868 0.0301551 0.711717 0 0 0 1 
-0.978996 -0.202454 0.0240562 0.671467 -0.0235978 0.229722 0.97297 -0.94051 0.202508 -0.951967 0.229675 0.765053 0 0 0 1 
-0.920532 -0.238143 0.309692 1.53486 0.234964 0.295829 0.925893 -1.39514 0.312111 -0.92508 0.216365 1.3968 0 0 0 1 
-0.941978 -0.258925 0.213623 1.39649 0.207977 0.0493406 0.976888 -1.01031 0.263481 -0.964636 -0.0073729 1.70571 0 0 0 1 
-0.972167 -0.229731 0.0459996 1.01857 0.10656 -0.2587 0.960062 -0.305221 0.208656 -0.938242 -0.27598 1.87123 0 0 0 1 
-0.982893 -0.149942 -0.106949 0.575011 -0.0095778 -0.53829 0.842705 0.370013 0.183926 -0.829314 -0.527646 1.92209 0 0 0 1 
-0.982893 -0.149942 -0.106949 0.575011 -0.0095778 -0.53829 0.842705 0.370013 0.183926 -0.829314 -0.527646 1.92209 0 0 0 1 
-0.728555 -0.353443 -0.586759 -0.282198 0.503662 -0.856976 -0.109164 -1.42661 0.464255 0.37506 -0.80237 -0.0608658 0 0 0 1 
-0.695465 -0.509527 -0.506666 0.0705724 0.395153 -0.860117 0.322574 -1.03465 0.600152 -0.024129 -0.799522 -0.392407 0 0 0 1 
-0.690279 -0.638385 -0.340557 0.552358 0.269102 -0.663429 0.698174 -0.743181 0.671639 -0.390291 -0.629741 -0.439781 0 0 0 1 
-0.704424 -0.694105 -0.14834 1.01219 0.175147 -0.372518 0.911347 -0.673097 0.68783 -0.615994 -0.383981 -0.312551 0 0 0 1 
-0.704425 -0.694105 -0.14834 1.01219 0.175147 -0.372519 0.911347 -0.673097 0.68783 -0.615994 -0.383981 -0.31255 0 0 0 1 
-0.854663 -0.518224 -0.0315647 0.756092 0.123864 -0.262565 0.956931 -0.81566 0.504192 -0.813943 -0.288594 0.580489 0 0 0 1 
-0.948585 -0.316474 -0.00559901 0.487991 0.0309237 -0.110265 0.993421 -1.04045 0.315009 -0.942171 -0.114382 1.51602 0 0 0 1 
-0.948585 -0.316474 -0.00559897 0.487991 0.0309237 -0.110265 0.993421 -1.04045 0.315009 -0.942171 -0.114382 1.51602 0 0 0 1 
-0.963999 -0.265837 0.0060645 0.457126 -0.000664815 0.025217 0.999682 -1.14106 0.265905 -0.963688 0.0244859 1.3214 0 0 0 1 
-0.97877 -0.204797 0.00826345 0.473814 -0.0287351 0.177027 0.983786 -1.16067 0.202939 -0.962663 0.179154 1.05585 0 0 0 1 
-0.974808 -0.222658 0.0131571 0.669596 -0.0313267 0.195075 0.980288 -0.884791 0.220836 -0.95518 0.197136 0.69496 0 0 0 1 
-0.704425 -0.694105 -0.14834 1.01219 0.175147 -0.372519 0.911347 -0.673097 0.68783 -0.615994 -0.383982 -0.31255 0 0 0 1 
-0.640622 -0.664829 -0.384196 0.500548 0.316889 -0.68466 0.656371 -0.907343 0.699418 -0.298738 -0.649285 -0.500889 0 0 0 1 
-0.672829 -0.518697 -0.527499 0.0456409 0.425856 -0.854602 0.297159 -1.13399 0.604937 0.0247016 -0.795891 -0.394505 0 0 0 1 
-0.728555 -0.353443 -0.586759 -0.282198 0.503662 -0.856976 -0.109164 -1.42661 0.464255 0.37506 -0.80237 -0.0608658 0 0 0 1 
-0.728555 -0.353443 -0.586759 -0.282198 0.503662 -0.856976 -0.109164 -1.42661 0.464255 0.37506 -0.80237 -0.0608658 0 0 0 1 
-0.648352 -0.366767 -0.667175 -0.733259 0.569475 -0.815244 -0.105242 -1.68556 0.505311 0.448173 -0.737429 -0.123021 0 0 0 1 
-0.611627 -0.524581 -0.592222 -0.40331 0.424217 -0.84931 0.314189 -1.16509 0.667797 0.0590641 -0.741996 -0.573492 0 0 0 1 
-0.612019 -0.661839 -0.4329 0.0901614 0.252563 -0.682296 0.686065 -0.695797 0.74943 -0.310551 -0.584734 -0.681654 0 0 0 1 
-0.638971 -0.72892 -0.245747 0.593537 0.120433 -0.410328 0.903951 -0.464395 0.759745 -0.548002 -0.349973 -0.548241 0 0 0 1 
-0.638971 -0.72892 -0.245747 0.593538 0.120433 -0.410328 0.903951 -0.464395 0.759744 -0.548003 -0.349974 -0.548241 0 0 0 1 
-0.810653 -0.569863 -0.134534 0.415002 0.0578699 -0.306616 0.950073 -0.56065 0.582661 -0.762393 -0.281537 0.27553 0 0 0 1 
-0.920245 -0.376358 -0.107257 0.212129 -0.0482353 -0.162901 0.985463 -0.734146 0.388359 -0.91204 -0.131755 1.19284 0 0 0 1 
-0.920245 -0.376359 -0.107257 0.212128 -0.0482353 -0.162901 0.985463 -0.734145 0.388359 -0.91204 -0.131755 1.19284 0 0 0 1 
-0.940092 -0.327548 -0.0945514 0.200781 -0.0895684 -0.0303009 0.99552 -0.789445 0.328945 -0.944349 0.000852421 1.0298 0 0 0 1 
-0.959195 -0.267806 -0.0906876 0.237575 -0.126606 0.120023 0.984665 -0.764914 0.252815 -0.955968 0.149032 0.806971 0 0 0 1 
-0.954446 -0.285618 -0.0863434 0.429311 -0.130128 0.138032 0.981842 -0.484209 0.268514 -0.948351 0.168911 0.457958 0 0 0 1 
-0.638972 -0.72892 -0.245747 0.593539 0.120433 -0.410328 0.903951 -0.464396 0.759744 -0.548003 -0.349974 -0.54824 0 0 0 1 
-0.557032 -0.682557 -0.473107 0.0223343 0.30517 -0.698043 0.647771 -0.873798 0.77239 -0.216451 -0.597129 -0.711978 0 0 0 1 
-0.586679 -0.5311 -0.611344 -0.434834 0.456562 -0.840421 0.291967 -1.26597 0.668849 0.107825 -0.735537 -0.556052 0 0 0 1 
-0.648352 -0.366767 -0.667175 -0.733259 0.569475 -0.815244 -0.105242 -1.68556 0.505311 0.448173 -0.737429 -0.123021 0 0 0 1 
-0.648352 -0.366767 -0.667175 -0.733259 0.569475 -0.815244 -0.105242 -1.68556 0.505311 0.448173 -0.737429 -0.123021 0 0 0 1 
-0.694659 -0.691474 0.198276 -0.134329 -2.16346e-06 0.275638 0.961262 -0.243149 0.71934 -0.667748 0.191476 -0.222978 0 0 0 1 
-0.740555 -0.534984 0.406658 0.0131914 0.108557 0.501961 0.858051 -0.481065 0.66317 -0.679579 0.313653 -0.181865 0 0 0 1 
-0.744549 -0.327214 0.581874 0.175753 0.249228 0.672362 0.697005 -0.726279 0.6193 -0.663974 0.419055 -0.137193 0 0 0 1 
-0.707725 -0.126811 0.695014 0.326371 0.379775 0.761248 0.525617 -0.944291 0.595731 -0.635941 0.490595 -0.0956781 0 0 0 1 
-0.707726 -0.126811 0.695014 0.32637 0.379775 0.761248 0.525617 -0.94429 0.595731 -0.635941 0.490595 -0.0956789 0 0 0 1 
-0.712649 -0.524446 0.465927 0.00921071 0.174065 0.511205 0.841648 -0.956121 0.679583 -0.680901 0.273021 -0.132831 0 0 0 1 
-0.623186 -0.772062 0.124738 -0.256542 0.084099 0.0924166 0.992163 -0.985017 0.777539 -0.628792 -0.00733697 -0.156889 0 0 0 1 
-0.623186 -0.772062 0.124738 -0.256542 0.084099 0.0924166 0.992163 -0.985017 0.777539 -0.628792 -0.00733697 -0.156889 0 0 0 1 
-0.63462 -0.753367 0.172324 -0.222676 0.0873774 0.151605 0.984572 -0.996871 0.767869 -0.639886 0.0303841 -0.153247 0 0 0 1 
-0.649313 -0.724244 0.232085 -0.179114 0.0945944 0.225886 0.96955 -1.02009 0.754615 -0.651496 0.0781617 -0.148847 0 0 0 1 
-0.682187 -0.639333 0.354788 -0.0855412 0.123619 0.377395 0.917764 -1.01405 0.720653 -0.669945 0.17842 -0.140432 0 0 0 1 
-0.707726 -0.126811 0.695014 0.32637 0.379775 0.761248 0.525617 -0.94429 0.595731 -0.635941 0.490595 -0.0956789 0 0 0 1 
-0.743211 -0.264607 0.614508 0.224265 0.283879 0.70698 0.64776 -0.760221 0.605847 -0.655868 0.450319 -0.131122 0 0 0 1 
-0.746185 -0.509366 0.428665 0.035017 0.121749 0.528627 0.840078 -0.496241 0.654511 -0.679043 0.332439 -0.179618 0 0 0 1 
-0.694659 -0.691474 0.198276 -0.134329 -2.16346e-06 0.275638 0.961262 -0.243149 0.71934 -0.667748 0.191476 -0.222978 0 0 0 1 
-0.694659 -0.691474 0.198276 -0.134329 -2.16346e-06 0.275638 0.961262 -0.243149 0.71934 -0.667748 0.191476 -0.222978 0 0 0 1 
-0.885961 -0.310718 -0.344279 0.145179 -0.203642 -0.406313 0.890752 -0.157773 0.416658 -0.859281 -0.296702 0.0643369 0 0 0 1 
-0.876094 -0.455932 -0.156798 0.579971 -0.0970607 -0.151773 0.983639 -0.710766 0.472269 -0.876979 -0.0887143 0.181623 0 0 0 1 
-0.838558 -0.541336 0.0614467 0.902732 -0.00825197 0.125392 0.992073 -1.36156 0.54475 -0.831404 0.109616 0.281668 0 0 0 1 
-0.788008 -0.560792 0.254077 1.0703 0.0465562 0.357228 0.932856 -1.96024 0.613902 -0.746927 0.25539 0.350388 0 0 0 1 
-0.788008 -0.560792 0.254077 1.07029 0.0465563 0.357228 0.932856 -1.96024 0.613902 -0.746927 0.25539 0.350388 0 0 0 1 
-0.822055 -0.504752 0.263536 0.106884 0.0607042 0.3825 0.921959 -1.21801 0.566163 -0.773899 0.283795 -0.307741 0 0 0 1 
-0.85276 -0.446519 0.270963 -1.06175 0.076421 0.406535 0.910434 -1.03577 0.516682 -0.797089 0.312553 -1.02953 0 0 0 1 
-0.85276 -0.446519 0.270963 -1.06175 0.076421 0.406535 0.910434 -1.03577 0.516682 -0.797089 0.312553 -1.02953 0 0 0 1 
-0.866967 -0.441039 0.232062 -0.895151 0.0989038 0.30412 0.947486 -0.997724 0.488452 -0.844391 0.220042 -0.843822 0 0 0 1 
-0.882958 -0.430021 0.188331 -0.687917 0.120093 0.180921 0.976138 -0.960739 0.453832 -0.884506 0.108103 -0.621737 0 0 0 1 
-0.883528 -0.438786 0.163843 -0.264769 0.126083 0.114087 0.985438 -0.977457 0.451089 -0.89132 0.0454762 -0.315786 0 0 0 1 
-0.788008 -0.560792 0.254077 1.07029 0.0465563 0.357228 0.932856 -1.96024 0.613902 -0.746927 0.25539 0.350388 0 0 0 1 
-0.827177 -0.557376 0.0714893 1.04393 -0.016807 0.151701 0.988284 -1.53864 0.56169 -0.816284 0.134851 0.348524 0 0 0 1 
-0.871017 -0.466596 -0.153677 0.668416 -0.0994094 -0.138944 0.985298 -0.77685 0.481089 -0.873489 -0.0746387 0.221262 0 0 0 1 
-0.885961 -0.310718 -0.344279 0.145179 -0.203642 -0.406313 0.890752 -0.157773 0.416658 -0.859281 -0.296702 0.0643369 0 0 0 1 
-0.885961 -0.310718 -0.344279 0.145179 -0.203642 -0.406313 0.890752 -0.157773 0.416658 -0.859281 -0.296702 0.0643369 0 0 0 1 
-0.707274 0.691763 0.145698 0.12286 -0.702331 -0.711073 -0.0332632 -1.90702 -0.080592 0.125855 -0.98877 -2.61652 0 0 0 1 
-0.914051 0.399359 -0.0708689 -0.191519 -0.399182 -0.854794 0.331634 -1.39383 -0.0718628 -0.33142 -0.940743 -2.36509 0 0 0 1 
-0.993782 0.015042 -0.110327 -0.114963 -0.0888126 -0.70472 0.703906 -1.07672 0.0671617 -0.709327 -0.701673 -1.69435 0 0 0 1 
-0.960407 -0.278578 0.00357958 0.183947 0.113362 -0.379018 0.91842 -1.16125 0.254495 -0.882462 -0.395591 -0.971419 0 0 0 1 
-0.960407 -0.278578 0.00357997 0.183947 0.113362 -0.379017 0.91842 -1.16125 0.254495 -0.882462 -0.395591 -0.97142 0 0 0 1 
-0.915688 -0.382962 0.121886 -0.35163 0.140817 -0.0216775 0.989798 -0.607728 0.376413 -0.92351 -0.0737774 -0.948878 0 0 0 1 
-0.86841 -0.430194 0.246571 -1.13546 0.097837 0.338834 0.935745 -0.901949 0.486098 -0.836734 0.252158 -1.12158 0 0 0 1 
-0.86841 -0.430194 0.246571 -1.13546 0.097837 0.338834 0.935745 -0.901949 0.486098 -0.836734 0.252158 -1.12158 0 0 0 1 
-0.875108 -0.431229 0.219607 -0.93445 0.108266 0.267837 0.957362 -0.934361 0.471661 -0.861571 0.187699 -0.897692 0 0 0 1 
-0.883523 -0.429228 0.187486 -0.690727 0.120597 0.17832 0.976554 -0.956856 0.452597 -0.885419 0.105786 -0.625956 0 0 0 1 
-0.900733 -0.411646 0.138662 -0.352481 0.136869 0.0339932 0.990006 -0.87663 0.412245 -0.91071 -0.0257228 -0.455197 0 0 0 1 
-0.960407 -0.278578 0.00357997 0.183947 0.113362 -0.379017 0.91842 -1.16125 0.254495 -0.882462 -0.395591 -0.97142 0 0 0 1 
-0.992903 0.0434641 -0.110696 -0.0475793 -0.107119 -0.731179 0.673723 -1.25399 0.0516557 -0.680799 -0.730646 -1.76546 0 0 0 1 
-0.908549 0.413052 -0.062673 -0.119088 -0.410734 -0.855686 0.3148 -1.48632 -0.0764004 -0.311753 -0.947087 -2.38999 0 0 0 1 
-0.707274 0.691763 0.145698 0.12286 -0.702331 -0.711073 -0.0332632 -1.90702 -0.080592 0.125855 -0.98877 -2.61652 0 0 0 1 
-0.707274 0.691763 0.145698 0.12286 -0.702331 -0.711073 -0.0332632 -1.90702 -0.080592 0.125855 -0.98877 -2.61652 0 0 0 1 
-0.642196 0.726917 0.243263 0.540247 -0.750171 -0.661229 -0.00451475 -2.05407 -0.15757 0.185388 -0.96995 -2.89677 0 0 0 1 
-0.857658 0.514217 0.00184143 0.111155 -0.480768 -0.803129 0.351918 -1.68528 -0.182441 -0.30094 -0.936029 -2.78669 0 0 0 1 
-0.977974 0.201547 -0.0542668 -0.0282664 -0.177005 -0.663047 0.72735 -1.38276 -0.110614 -0.720935 -0.684118 -2.32695 0 0 0 1 
-0.997579 -0.0384479 0.0579432 0.0442661 0.0677637 -0.350417 0.934139 -1.31563 0.0156113 -0.935804 -0.352174 -1.76724 0 0 0 1 
-0.997579 -0.0384478 0.0579436 0.0442657 0.0677642 -0.350417 0.934139 -1.31563 0.0156112 -0.935804 -0.352174 -1.76724 0 0 0 1 
-0.953378 -0.237838 0.18575 -0.434152 0.202411 -0.0474396 0.978151 -0.386378 0.223829 -0.970146 -0.0933691 -1.5424 0 0 0 1 
-0.87134 -0.386132 0.302768 -1.05789 0.20231 0.279436 0.938609 -0.476431 0.447031 -0.879101 0.165365 -1.41702 0 0 0 1 
-0.87134 -0.386132 0.302768 -1.05789 0.20231 0.279436 0.938609 -0.476431 0.447031 -0.8791 0.165365 -1.41702 0 0 0 1 
-0.884027 -0.376387 0.277181 -0.881504 0.209789 0.210429 0.954835 -0.531166 0.417714 -0.902249 0.107064 -1.23826 0 0 0 1 
-0.899512 -0.360509 0.246804 -0.667108 0.215954 0.124186 0.968474 -0.588982 0.379793 -0.924452 0.0338538 -1.02176 0 0 0 1 
-0.929559 -0.30885 0.201326 -0.3856 0.214434 -0.00872415 0.976699 -0.590855 0.299898 -0.951071 -0.0743377 -0.955083 0 0 0 1 
-0.997579 -0.0384478 0.0579436 0.0442657 0.0677642 -0.350417 0.934139 -1.31563 0.0156112 -0.935804 -0.352174 -1.76724 0 0 0 1 
-0.968395 0.242021 -0.0603068 0.0559189 -0.213015 -0.676728 0.704744 -1.61787 -0.129752 -0.695317 -0.706894 -2.39865 0 0 0 1 
-0.846237 0.532771 0.00613517 0.196365 -0.49947 -0.797247 0.33901 -1.80016 -0.185506 -0.283818 -0.940763 -2.80185 0 0 0 1 
-0.642196 0.726917 0.243263 0.540247 -0.750171 -0.661229 -0.00451475 -2.05407 -0.15757 0.185388 -0.96995 -2.89677 0 0 0 1 
-0.642196 0.726917 0.243263 0.540247 -0.750171 -0.661229 -0.00451475 -2.05407 -0.15757 0.185388 -0.96995 -2.89677 0 0 0 1 
-0.992879 -0.118965 0.00627682 -0.281546 -0.0160252 0.185584 0.982498 -0.226021 0.118048 -0.9754 0.186169 -0.382345 0 0 0 1 
-0.963218 -0.218508 0.156414 0.38631 0.0919996 0.278744 0.955949 -0.518238 0.252482 -0.935177 0.248389 -0.0677512 0 0 0 1 
-0.902883 -0.299245 0.308634 0.977018 0.184206 0.37938 0.906719 -1.07237 0.388421 -0.875513 0.287413 0.289708 0 0 0 1 
-0.829977 -0.350312 0.434073 1.36699 0.246923 0.467047 0.849056 -1.72278 0.500167 -0.81188 0.301139 0.600077 0 0 0 1 
-0.829977 -0.350311 0.434073 1.36699 0.246923 0.467047 0.849056 -1.72278 0.500166 -0.81188 0.301139 0.600078 0 0 0 1 
-0.940854 -0.278167 0.193433 0.636425 0.16123 0.134544 0.977703 -1.06298 0.29799 -0.951063 0.0817375 0.453333 0 0 0 1 
-0.992879 -0.116951 -0.0226888 -0.388877 0.000561283 -0.195042 0.980795 -0.823363 0.11913 -0.973797 -0.193719 0.370028 0 0 0 1 
-0.992879 -0.116951 -0.0226888 -0.388877 0.000561283 -0.195042 0.980795 -0.823363 0.11913 -0.973797 -0.193719 0.370028 0 0 0 1 
-0.990545 -0.136653 0.0121423 -0.288788 0.0247931 -0.0912587 0.995519 -0.921362 0.134932 -0.986407 -0.0937838 0.152593 0 0 0 1 
-0.98585 -0.15727 0.0580175 -0.165048 0.0531183 0.0351818 0.997968 -1.01063 0.158992 -0.986929 0.02633 -0.105895 0 0 0 1 
-0.968689 -0.202785 0.143248 0.160976 0.105515 0.18602 0.976864 -1.04096 0.224741 -0.961392 0.158798 -0.214786 0 0 0 1 
-0.829978 -0.350312 0.434073 1.36699 0.246923 0.467047 0.849056 -1.72278 0.500166 -0.81188 0.301139 0.600078 0 0 0 1 
-0.886047 -0.313539 0.34149 1.1031 0.197871 0.410375 0.890191 -1.21549 0.419248 -0.856321 0.301571 0.38334 0 0 0 1 
-0.958108 -0.228452 0.172739 0.464621 0.101275 0.293922 0.950449 -0.556951 0.267903 -0.928127 0.258473 -0.0222654 0 0 0 1 
-0.992879 -0.118965 0.00627682 -0.281546 -0.0160252 0.185584 0.982498 -0.226021 0.118048 -0.9754 0.186169 -0.382345 0 0 0 1 
-0.992879 -0.118965 0.00627682 -0.281546 -0.0160252 0.185584 0.982498 -0.226021 0.118048 -0.9754 0.186169 -0.382345 0 0 0 1 
-0.765705 -0.643151 -0.00724478 -0.107701 0.250928 -0.309076 0.917337 -0.783434 0.592225 -0.700592 -0.398046 -0.912493 0 0 0 1 
-0.765445 -0.643425 -0.00987627 -0.0183145 0.252615 -0.314566 0.915005 -0.890779 0.591844 -0.697891 -0.403322 -0.811014 0 0 0 1 
-0.76335 -0.645979 0.00302774 0.121381 0.264338 -0.308083 0.913899 -1.01194 0.589426 -0.698425 -0.405931 -0.723631 0 0 0 1 
-0.759448 -0.650159 0.023051 0.269517 0.281701 -0.296702 0.912476 -1.1296 0.586415 -0.699472 -0.40848 -0.667991 0 0 0 1 
-0.759448 -0.650159 0.0230512 0.269517 0.281701 -0.296702 0.912476 -1.1296 0.586415 -0.699472 -0.40848 -0.667991 0 0 0 1 
-0.843431 -0.492487 -0.214665 -0.255713 0.0743104 -0.502675 0.861276 -1.15382 0.532074 -0.710474 -0.460569 -0.798185 0 0 0 1 
-0.860714 -0.281913 -0.423906 -0.773532 -0.15068 -0.654295 0.741076 -1.3019 0.486278 -0.701729 -0.520682 -0.993076 0 0 0 1 
-0.860714 -0.281913 -0.423906 -0.773532 -0.15068 -0.654295 0.741076 -1.3019 0.486278 -0.701729 -0.520682 -0.993076 0 0 0 1 
-0.865826 -0.310135 -0.392634 -0.690813 -0.0553691 -0.720518 0.691222 -1.52155 0.497272 -0.620218 -0.606672 -1.15522 0 0 0 1 
-0.866262 -0.350055 -0.356442 -0.600035 0.0591542 -0.780321 0.622576 -1.80955 0.496074 -0.518229 -0.69667 -1.30207 0 0 0 1 
-0.851495 -0.435962 -0.291364 -0.447499 0.178239 -0.76321 0.621081 -1.90428 0.49314 -0.476914 -0.727575 -1.30534 0 0 0 1 
-0.759448 -0.650159 0.0230513 0.269517 0.281701 -0.296702 0.912476 -1.1296 0.586415 -0.699472 -0.40848 -0.66799 0 0 0 1 
-0.755306 -0.647976 0.0981823 0.322369 0.258569 -0.156975 0.953153 -0.92857 0.602208 -0.745309 -0.28611 -0.493542 0 0 0 1 
-0.757797 -0.651534 0.0353247 0.0695871 0.24886 -0.238554 0.938701 -0.83924 0.603169 -0.720136 -0.342917 -0.699968 0 0 0 1 
-0.758191 -0.651951 -0.0103103 -0.124753 0.250813 -0.306208 0.91833 -0.781344 0.601863 -0.693683 -0.395682 -0.92218 0 0 0 1 
-0.758191 -0.651951 -0.01031 -0.124752 0.250813 -0.306208 0.91833 -0.781344 0.601863 -0.693683 -0.395682 -0.922179 0 0 0 1 
-0.745881 -0.562179 0.357236 1.53848 0.331987 0.15119 0.931089 -0.932311 0.577449 -0.813079 -0.0738665 0.636808 0 0 0 1 
-0.736104 -0.515616 0.438509 1.99381 0.353279 0.259941 0.89868 -1.2313 0.57736 -0.816438 0.00918709 1.14908 0 0 0 1 
-0.72417 -0.467054 0.507385 2.36845 0.378381 0.346006 0.85855 -1.56944 0.576547 -0.813721 0.0738427 1.54566 0 0 0 1 
-0.711596 -0.42469 0.559704 2.64429 0.403553 0.405053 0.820413 -1.87868 0.575131 -0.809673 0.11685 1.80938 0 0 0 1 
-0.711596 -0.42469 0.559704 2.64429 0.403553 0.405053 0.820413 -1.87868 0.575131 -0.809673 0.11685 1.80938 0 0 0 1 
-0.799014 -0.303801 0.518924 3.04568 0.265678 0.595823 0.757899 -2.13824 0.539437 -0.743438 0.395357 3.17057 0 0 0 1 
-0.844531 -0.267459 0.463933 3.32075 0.0984368 0.774045 0.625431 -2.49519 0.526382 -0.573864 0.627377 4.25084 0 0 0 1 
-0.844531 -0.267459 0.463933 3.32075 0.0984368 0.774045 0.625431 -2.49519 0.526382 -0.573864 0.627377 4.25084 0 0 0 1 
-0.847756 -0.280969 0.449852 3.18719 0.184326 0.639217 0.74661 -1.89318 0.497327 -0.715862 0.49011 3.95498 0 0 0 1 
-0.845857 -0.303454 0.438681 3.05115 0.278703 0.449797 0.848532 -1.33351 0.454808 -0.839999 0.295891 3.43108 0 0 0 1 
-0.82358 -0.342118 0.452405 2.94469 0.366794 0.287149 0.884877 -1.1705 0.43264 -0.894707 0.111004 2.76088 0 0 0 1 
-0.711596 -0.424691 0.559704 2.64428 0.403552 0.405053 0.820413 -1.87868 0.575131 -0.809673 0.116849 1.80937 0 0 0 1 
-0.736379 -0.564289 0.373262 1.55435 0.32008 0.195493 0.927001 -1.21202 0.596067 -0.802098 -0.0366608 0.684879 0 0 0 1 
-0.737007 -0.562827 0.374228 1.59406 0.324203 0.191445 0.926413 -1.09443 0.593054 -0.804099 -0.0413739 0.731612 0 0 0 1 
-0.738295 -0.570998 0.359 1.54374 0.332102 0.155518 0.930335 -0.938964 0.58705 -0.806086 -0.0748115 0.611802 0 0 0 1 
-0.738295 -0.570998 0.359 1.54374 0.332102 0.155519 0.930334 -0.938964 0.58705 -0.806086 -0.0748111 0.611802 0 0 0 1 
-0.906269 -0.422515 0.0125557 -0.421095 0.00625493 0.0162954 0.999848 0.0702648 0.422656 -0.906209 0.0121251 1.45878 0 0 0 1 
-0.906243 -0.422573 0.0124761 -0.421691 0.0062114 0.0161993 0.99985 0.0704665 0.422711 -0.906184 0.0120556 1.45812 0 0 0 1 
-0.906217 -0.422631 0.0123965 -0.422289 0.00616671 0.0161045 0.999852 0.0706677 0.422767 -0.906159 0.0119879 1.45747 0 0 0 1 
-0.906196 -0.422679 0.0123296 -0.422791 0.00612947 0.0160249 0.999853 0.0708365 0.422814 -0.906138 0.0119308 1.45693 0 0 0 1 
-0.906196 -0.422679 0.0123298 -0.422791 0.00612943 0.0160252 0.999853 0.070837 0.422814 -0.906138 0.0119311 1.45693 0 0 0 1 
-0.917729 -0.314358 0.242802 1.537 0.0882317 0.434667 0.896259 -0.917813 0.387284 -0.843946 0.37117 3.3163 0 0 0 1 
-0.906268 -0.118624 0.405717 2.96482 0.177624 0.764091 0.620173 -2.642 0.383572 -0.634108 0.671401 4.77633 0 0 0 1 
-0.906268 -0.118624 0.405717 2.96482 0.177624 0.764091 0.620173 -2.642 0.383572 -0.634108 0.671401 4.77633 0 0 0 1 
-0.908214 -0.147591 0.391619 2.83881 0.124678 0.797845 0.58983 -2.86382 0.399504 -0.584518 0.706212 5.35 0 0 0 1 
-0.908316 -0.185658 0.374826 2.68095 0.0610773 0.827626 0.557947 -3.02141 0.413803 -0.529685 0.740406 6.03148 0 0 0 1 
-0.906254 -0.265848 0.328676 2.26329 0.00620262 0.769057 0.639151 -2.42957 0.422688 -0.581271 0.695312 6.17073 0 0 0 1 
-0.906196 -0.422679 0.0123297 -0.42279 0.00612949 0.0160251 0.999853 0.0708351 0.422814 -0.906138 0.0119311 1.45692 0 0 0 1 
-0.906211 -0.421895 -0.0280503 -0.740405 0.0061646 -0.0795155 0.996815 -0.133981 0.422782 -0.903151 -0.0746586 0.778312 0 0 0 1 
-0.90624 -0.422692 -0.00775483 -0.581473 0.00620852 -0.0316474 0.99948 -0.0224237 0.422718 -0.905721 -0.0313045 1.11617 0 0 0 1 
-0.906269 -0.422515 0.0125554 -0.420584 0.00625479 0.016295 0.999848 0.0711083 0.422656 -0.906209 0.0121249 1.45855 0 0 0 1 
-0.906269 -0.422516 0.0125554 -0.420586 0.00625488 0.0162952 0.999848 0.0711083 0.422656 -0.906209 0.0121251 1.45855 0 0 0 1 
-0.906268 -0.419815 0.049331 -0.127863 0.00625326 0.103375 0.994623 0.194076 0.422657 -0.901703 0.0910606 2.08572 0 0 0 1 
-0.906261 -0.419833 0.0493095 -0.127901 0.00624134 0.103347 0.994626 0.194368 0.422673 -0.901698 0.0910387 2.08546 0 0 0 1 
-0.906272 -0.419806 0.0493407 -0.127414 0.00625985 0.103386 0.994622 0.194678 0.422649 -0.901707 0.0910682 2.08563 0 0 0 1 
-0.906269 -0.419813 0.0493313 -0.12736 0.00625455 0.103374 0.994623 0.194925 0.422655 -0.901704 0.0910588 2.08548 0 0 0 1 
-0.906269 -0.419813 0.0493311 -0.127363 0.00625421 0.103374 0.994623 0.194925 0.422656 -0.901704 0.0910592 2.08548 0 0 0 1 
-0.917742 -0.291878 0.269363 1.78765 0.0883237 0.511234 0.854891 -1.09719 0.387232 -0.808361 0.443401 3.94959 0 0 0 1 
-0.906269 -0.0828131 0.41451 3.10147 0.177623 0.815235 0.551219 -3.08546 0.383571 -0.573179 0.724112 5.30456 0 0 0 1 
-0.906269 -0.0828131 0.41451 3.10147 0.177623 0.815235 0.551219 -3.08546 0.383571 -0.573179 0.724112 5.30456 0 0 0 1 
-0.908213 -0.113542 0.402812 2.99092 0.124688 0.845373 0.51942 -3.32555 0.399502 -0.52197 0.753622 5.83976 0 0 0 1 
-0.908315 -0.154148 0.388848 2.85043 0.0611113 0.87074 0.487931 -3.48844 0.4138 -0.466958 0.781486 6.47198 0 0 0 1 
-0.906257 -0.238422 0.349075 2.475 0.00624805 0.818124 0.575008 -2.83934 0.422681 -0.523286 0.73994 6.63008 0 0 0 1 
-0.906269 -0.419813 0.0493311 -0.127362 0.00625436 0.103374 0.994623 0.194922 0.422656 -0.901704 0.0910591 2.08548 0 0 0 1 
-0.906269 -0.419813 0.049331 -0.130124 0.00625426 0.103374 0.994623 0.194715 0.422656 -0.901704 0.0910592 2.07955 0 0 0 1 
-0.906269 -0.419814 0.0493312 -0.128736 0.00625441 0.103374 0.994623 0.194897 0.422656 -0.901704 0.0910588 2.08252 0 0 0 1 
-0.906269 -0.419814 0.0493311 -0.127346 0.00625349 0.103375 0.994623 0.19492 0.422656 -0.901704 0.0910606 2.08549 0 0 0 1 
-0.906269 -0.419814 0.0493311 -0.127347 0.00625357 0.103376 0.994623 0.194921 0.422656 -0.901704 0.0910607 2.08549 0 0 0 1 
-0.520128 -0.786633 -0.33268 -0.186818 -0.236135 -0.241886 0.941133 -0.726226 0.820796 -0.568067 0.05994 0.409809 0 0 0 1 
-0.524417 -0.702568 -0.481025 -0.575137 -0.268906 -0.399369 0.876467 -1.32121 0.807884 -0.588984 -0.0205112 0.12387 0 0 0 1 
-0.516108 -0.60192 -0.609364 -0.929055 -0.328872 -0.517646 0.789864 -1.99755 0.79087 -0.608058 -0.0692065 -0.0844076 0 0 0 1 
-0.49374 -0.506145 -0.707133 -1.20034 -0.399997 -0.589849 0.701485 -2.62394 0.772155 -0.629203 -0.0887759 -0.206095 0 0 0 1 
-0.49374 -0.506145 -0.707133 -1.20034 -0.399997 -0.589849 0.701485 -2.62394 0.772155 -0.629203 -0.0887759 -0.206094 0 0 0 1 
-0.512672 -0.717856 -0.471009 -0.581933 -0.32809 -0.343159 0.880113 -1.97008 0.793426 -0.605743 0.0595934 0.222327 0 0 0 1 
-0.507137 -0.843058 -0.17907 0.129705 -0.256735 -0.0505669 0.965158 -1.4818 0.822739 -0.535441 0.190798 0.665948 0 0 0 1 
-0.507137 -0.843058 -0.17907 0.129705 -0.256735 -0.0505669 0.965158 -1.4818 0.822739 -0.535441 0.190798 0.665948 0 0 0 1 
-0.515199 -0.841928 -0.1604 0.13928 -0.155691 -0.0921002 0.983503 -1.33972 0.842811 -0.531672 0.0836308 0.467686 0 0 0 1 
-0.522972 -0.840249 -0.143116 0.141146 -0.0385209 -0.144436 0.988764 -1.21932 0.851479 -0.522609 -0.0431689 0.209538 0 0 0 1 
-0.542356 -0.811952 -0.215832 -0.0767081 -0.00195212 -0.255679 0.96676 -1.28893 0.840146 -0.524749 -0.137084 -0.041203 0 0 0 1 
-0.49374 -0.506145 -0.707133 -1.20034 -0.399997 -0.589849 0.701485 -2.62394 0.772155 -0.629202 -0.0887755 -0.206093 0 0 0 1 
-0.500169 -0.658648 -0.562151 -0.842818 -0.323821 -0.459818 0.826866 -1.98409 0.803101 -0.595609 -0.0167019 0.0182089 0 0 0 1 
-0.519001 -0.722126 -0.457353 -0.533045 -0.268362 -0.370346 0.889284 -1.3291 0.811554 -0.584275 0.0015816 0.161165 0 0 0 1 
-0.520128 -0.786633 -0.33268 -0.186818 -0.236135 -0.241886 0.941133 -0.726225 0.820796 -0.568067 0.0599398 0.409808 0 0 0 1 
-0.520128 -0.786632 -0.33268 -0.186819 -0.236135 -0.241887 0.941133 -0.726225 0.820796 -0.568067 0.0599393 0.409807 0 0 0 1 
-0.514267 -0.854989 0.0672552 1.69204 -0.324977 0.26684 0.907296 -1.11728 0.793675 -0.444736 0.415079 1.99329 0 0 0 1 
-0.512863 -0.829706 0.220362 2.72326 -0.419442 0.466151 0.778955 -2.17103 0.749026 -0.307069 0.587085 2.80028 0 0 0 1 
-0.493592 -0.810915 0.3143 3.43382 -0.516652 0.564117 0.644083 -3.17012 0.699599 -0.155531 0.697404 3.24776 0 0 0 1 
-0.456281 -0.812927 0.36188 3.87903 -0.603368 0.581559 0.545651 -3.8843 0.654029 -0.0306239 0.755849 3.41903 0 0 0 1 
-0.456281 -0.812927 0.361879 3.87903 -0.603368 0.58156 0.545651 -3.8843 0.654029 -0.0306238 0.755849 3.41903 0 0 0 1 
-0.497533 -0.856996 0.134235 2.27792 -0.455623 0.389863 0.800259 -2.67719 0.738152 -0.336994 0.584437 2.52258 0 0 0 1 
-0.505881 -0.859829 -0.0691241 0.645286 -0.281018 0.0885128 0.955612 -1.59007 0.815545 -0.502851 0.286405 1.09252 0 0 0 1 
-0.505881 -0.859829 -0.0691241 0.645286 -0.281018 0.0885128 0.955612 -1.59007 0.815545 -0.502851 0.286405 1.09252 0 0 0 1 
-0.514707 -0.857174 -0.0181487 0.803377 -0.187972 0.0921679 0.977841 -1.45091 0.836507 -0.506713 0.208564 1.03324 0 0 0 1 
-0.524043 -0.850542 0.0442426 1.01131 -0.0818499 0.102 0.991411 -1.32082 0.847749 -0.515921 0.123069 0.974311 0 0 0 1 
-0.544536 -0.829366 0.125031 1.50578 -0.0823528 0.201219 0.976078 -1.45674 0.834685 -0.521213 0.177872 1.41195 0 0 0 1 
-0.456281 -0.812927 0.36188 3.87903 -0.603368 0.58156 0.545651 -3.8843 0.654029 -0.0306235 0.755849 3.41903 0 0 0 1 
-0.482877 -0.830554 0.277506 3.11491 -0.493937 0.520007 0.696864 -3.03673 0.723088 -0.199429 0.661341 2.96728 0 0 0 1 
-0.508961 -0.83691 0.201344 2.56246 -0.409514 0.441158 0.798547 -2.1227 0.757137 -0.323977 0.567259 2.65393 0 0 0 1 
-0.514267 -0.854989 0.0672563 1.69204 -0.324977 0.266841 0.907296 -1.11728 0.793674 -0.444736 0.415079 1.99329 0 0 0 1 
-0.514267 -0.854989 0.0672565 1.69204 -0.324977 0.266842 0.907296 -1.11728 0.793674 -0.444736 0.415079 1.9933 0 0 0 1 
-0.707105 -0.706997 0.0125544 0.970228 0.00030444 0.0174503 0.999848 0.101845 0.707109 -0.707001 0.012124 -0.451066 0 0 0 1 
-0.713131 -0.698489 0.0596515 1.34934 0.0640171 0.0198498 0.997752 0.186926 0.698102 -0.715346 -0.0305599 -0.817897 0 0 0 1 
-0.712233 -0.69221 0.116487 1.81176 0.123791 0.0394847 0.991522 0.265959 0.690941 -0.720616 -0.0575671 -1.0522 0 0 0 1 
-0.707104 -0.687809 0.16408 2.20402 0.171361 0.0584432 0.983474 0.310702 0.686031 -0.723535 -0.0765384 -1.21516 0 0 0 1 
