a
24
21
25
1
0
-1 1.78021e-07 -1.81079e-06 -3.50329e-06 -1.58183e-06 0.406738 0.913545 -0.282545 -8.99146e-07 -0.913545 0.406738 0.693947 0 0 0 1 
-0.995937 0.0883381 -0.0174715 -0.0338148 0.0193478 0.39941 0.916568 0.194615 -0.0879462 -0.912507 0.399496 0.679931 0 0 0 1 
-0.981475 0.188099 -0.0364106 -0.0704698 0.0404103 0.389009 0.920347 0.737457 -0.18728 -0.901826 0.389404 0.660398 0 0 0 1 
-0.958481 0.280166 -0.0531184 -0.102806 0.0590769 0.377332 0.924192 1.24832 -0.27897 -0.882682 0.378217 0.638747 0 0 0 1 
-0.935657 0.346922 -0.0647413 -0.125302 0.0721197 0.36754 0.927207 1.62913 -0.345464 -0.862878 0.368911 0.620737 0 0 0 1 
-0.925416 0.3726 -0.0690946 -0.133727 0.0770204 0.363459 0.928421 1.78169 -0.371042 -0.853854 0.365049 0.613261 0 0 0 1 
-0.935656 0.346892 -0.0649161 -0.12564 0.072294 0.36844 0.926836 1.57654 -0.34543 -0.862507 0.369811 0.622478 0 0 0 1 
-0.958479 0.280092 -0.0535387 -0.10362 0.0594953 0.380033 0.923058 1.07907 -0.278888 -0.881546 0.380918 0.643974 0 0 0 1 
-0.981474 0.188024 -0.0368297 -0.071281 0.0408286 0.393057 0.918607 0.483516 -0.187197 -0.900085 0.393452 0.668233 0 0 0 1 
-0.995937 0.088308 -0.0176449 -0.0341502 0.0195221 0.402995 0.914994 -0.015918 -0.0879121 -0.910932 0.403081 0.68687 0 0 0 1 
-1 1.78021e-07 -1.81079e-06 -3.50329e-06 -1.58183e-06 0.406738 0.913545 -0.225378 -8.99146e-07 -0.913545 0.406738 0.693947 0 0 0 1 
-0.995937 -0.0883078 0.0176441 0.0341488 -0.0195226 0.402995 0.914994 -0.0159181 0.0879116 -0.910932 0.403081 0.68687 0 0 0 1 
-0.981474 -0.188024 0.0368291 0.0712799 -0.0408291 0.393057 0.918607 0.483517 0.187196 -0.900085 0.393452 0.668234 0 0 0 1 
-0.958479 -0.280093 0.0535377 0.103618 -0.0594965 0.380033 0.923057 1.07907 0.278888 -0.881546 0.380918 0.643975 0 0 0 1 
-0.935656 -0.346893 0.0649153 0.125638 -0.0722951 0.36844 0.926836 1.57654 0.34543 -0.862507 0.369811 0.622479 0 0 0 1 
-0.925416 -0.3726 0.0690939 0.133726 -0.0770212 0.363459 0.928421 1.78169 0.371042 -0.853854 0.365049 0.613262 0 0 0 1 
-0.935657 -0.346923 0.0647404 0.1253 -0.0721209 0.36754 0.927207 1.62913 0.345464 -0.862878 0.368912 0.620738 0 0 0 1 
-0.958481 -0.280167 0.0531174 0.102805 -0.059078 0.377332 0.924192 1.24832 0.278971 -0.882682 0.378217 0.638747 0 0 0 1 
-0.981475 -0.188099 0.0364098 0.0704683 -0.0404112 0.389009 0.920347 0.737456 0.18728 -0.901826 0.389404 0.660398 0 0 0 1 
-0.995938 -0.0883364 0.0174711 0.033814 -0.0193475 0.39941 0.916568 0.194614 0.0879445 -0.912507 0.399496 0.679932 0 0 0 1 
-1 1.78021e-07 -1.81079e-06 -3.50329e-06 -1.58183e-06 0.406738 0.913545 -0.282545 -8.99146e-07 -0.913545 0.406738 0.693947 0 0 0 1 
-1 -1.25775e-06 -2.95683e-06 -3.63588e-06 -3.21277e-06 0.406738 0.913545 -0.282545 -5.36458e-08 -0.913545 0.406738 0.693947 0 0 0 1 
-0.99882 -0.0485742 -2.0931e-06 -0.00231186 -0.0197588 0.406256 0.913545 0.188742 0.0443739 -0.912467 0.406737 0.693996 0 0 0 1 
-0.994609 -0.103697 -1.72896e-06 -0.00493278 -0.0421788 0.404544 0.913545 0.724188 0.0947309 -0.90862 0.406737 0.694179 0 0 0 1 
-0.987884 -0.155195 -1.54911e-06 -0.00738151 -0.0631248 0.401809 0.913545 1.22748 0.141777 -0.902477 0.406737 0.694471 0 0 0 1 
-0.981171 -0.19314 -1.71128e-06 -0.00918618 -0.0785588 0.399078 0.913545 1.60232 0.176442 -0.896344 0.406737 0.694762 0 0 0 1 
-0.978148 -0.207912 -1.33888e-06 -0.00988835 -0.0845669 0.397849 0.913545 1.75248 0.189937 -0.893582 0.406737 0.694894 0 0 0 1 
-0.981171 -0.19314 -1.57756e-06 -0.00918634 -0.0785586 0.399078 0.913545 1.55045 0.176442 -0.896345 0.406737 0.694763 0 0 0 1 
-0.987884 -0.155195 -1.621e-06 -0.00738169 -0.0631249 0.401809 0.913545 1.06043 0.141777 -0.902477 0.406737 0.694471 0 0 0 1 
-0.994609 -0.103696 -1.42131e-06 -0.00493227 -0.0421783 0.404544 0.913545 0.473616 0.0947305 -0.908621 0.406737 0.69418 0 0 0 1 
-0.99882 -0.0485724 -1.63919e-06 -0.00231102 -0.0197577 0.406257 0.913545 -0.0187457 0.0443724 -0.912467 0.406737 0.693996 0 0 0 1 
-1 -1.25775e-06 -2.95683e-06 -3.63588e-06 -3.21277e-06 0.406738 0.913545 -0.225378 -5.36458e-08 -0.913545 0.406738 0.693947 0 0 0 1 
-0.99882 0.0485697 -1.4078e-06 0.00230929 0.0197538 0.406257 0.913545 -0.0187448 -0.0443712 -0.912467 0.406737 0.693996 0 0 0 1 
-0.994609 0.103694 -1.54474e-06 0.00493064 0.0421745 0.404544 0.913545 0.473616 -0.0947293 -0.908621 0.406736 0.694179 0 0 0 1 
-0.987885 0.155191 -1.65722e-06 0.00737956 0.0631205 0.401809 0.913545 1.06043 -0.141775 -0.902477 0.406736 0.694471 0 0 0 1 
-0.981172 0.193137 -1.57705e-06 0.0091842 0.0785543 0.399079 0.913546 1.55045 -0.17644 -0.896345 0.406736 0.694762 0 0 0 1 
-0.978148 0.20791 -1.78165e-06 0.00988644 0.0845628 0.397849 0.913545 1.75248 -0.189936 -0.893583 0.406736 0.694894 0 0 0 1 
-0.981172 0.193137 -1.63e-06 0.00918407 0.0785543 0.399079 0.913546 1.60232 -0.17644 -0.896345 0.406736 0.694762 0 0 0 1 
-0.987885 0.155191 -1.73583e-06 0.00737947 0.0631203 0.401809 0.913546 1.22748 -0.141775 -0.902477 0.406736 0.694471 0 0 0 1 
-0.994609 0.103694 -1.46706e-06 0.00493076 0.0421747 0.404544 0.913546 0.724188 -0.0947296 -0.908621 0.406736 0.694179 0 0 0 1 
-0.99882 0.048573 -6.50689e-07 0.00231073 0.0197558 0.406257 0.913546 0.188741 -0.0443739 -0.912467 0.406736 0.693995 0 0 0 1 
-1 -1.25775e-06 -2.95683e-06 -3.63588e-06 -3.21277e-06 0.406738 0.913545 -0.282545 -5.36458e-08 -0.913545 0.406738 0.693947 0 0 0 1 
-1 -1.60975e-06 -2.41749e-06 -3.49792e-06 -2.86323e-06 0.406738 0.913545 -0.282545 4.87295e-07 -0.913545 0.406738 0.693947 0 0 0 1 
-0.996102 -0.0875924 0.0104533 -0.00650779 -0.026056 0.405361 0.913786 0.188646 0.084278 -0.909951 0.406063 0.694267 0 0 0 1 
-0.982224 -0.186399 0.0221587 -0.0138266 -0.0553627 0.400463 0.914639 0.72375 0.179361 -0.897154 0.403665 0.695413 0 0 0 1 
-0.960156 -0.277536 0.0327803 -0.0205382 -0.082233 0.39268 0.915991 1.22649 0.267093 -0.876799 0.399857 0.697233 0 0 0 1 
-0.938245 -0.343614 0.0403181 -0.0253682 -0.101564 0.384958 0.917329 1.60081 0.330727 -0.856585 0.396084 0.699038 0 0 0 1 
-0.928414 -0.369032 0.0431709 -0.0272153 -0.108956 0.381495 0.917927 1.75072 0.355214 -0.847513 0.394393 0.699849 0 0 0 1 
-0.938245 -0.343614 0.0403182 -0.0253683 -0.101564 0.384958 0.917329 1.54894 0.330728 -0.856585 0.396084 0.69904 0 0 0 1 
-0.960156 -0.277536 0.0327802 -0.0205384 -0.0822331 0.39268 0.915991 1.05945 0.267093 -0.876799 0.399857 0.697233 0 0 0 1 
-0.982224 -0.186398 0.022159 -0.013826 -0.0553622 0.400464 0.914639 0.473177 0.179361 -0.897154 0.403665 0.695413 0 0 0 1 
-0.996102 -0.0875906 0.0104537 -0.00650695 -0.0260549 0.405361 0.913785 -0.0188408 0.0842765 -0.909951 0.406063 0.694267 0 0 0 1 
-1 -1.60975e-06 -2.41749e-06 -3.49792e-06 -2.86323e-06 0.406738 0.913545 -0.225378 4.87294e-07 -0.913545 0.406738 0.693947 0 0 0 1 
-0.996102 0.0875873 -0.0104557 0.00650549 0.0260518 0.405361 0.913785 -0.0188399 -0.0842743 -0.909951 0.406063 0.694267 0 0 0 1 
-0.982225 0.186395 -0.0221609 0.0138247 0.0553592 0.400464 0.914639 0.473177 -0.179359 -0.897154 0.403664 0.695412 0 0 0 1 
-0.960157 0.277532 -0.0327824 0.0205366 0.0822294 0.39268 0.915991 1.05945 -0.26709 -0.8768 0.399856 0.697232 0 0 0 1 
-0.938247 0.34361 -0.0403202 0.0253666 0.10156 0.384958 0.917329 1.54894 -0.330725 -0.856586 0.396083 0.699038 0 0 0 1 
-0.928415 0.369028 -0.0431729 0.0272137 0.108952 0.381495 0.917927 1.75072 -0.355211 -0.847514 0.394392 0.699849 0 0 0 1 
-0.938247 0.34361 -0.0403203 0.0253665 0.10156 0.384959 0.917329 1.60081 -0.330725 -0.856586 0.396083 0.699038 0 0 0 1 
-0.960157 0.277532 -0.0327825 0.0205364 0.0822293 0.392681 0.915991 1.2265 -0.26709 -0.8768 0.399856 0.697233 0 0 0 1 
-0.982225 0.186395 -0.0221608 0.0138248 0.0553594 0.400464 0.914639 0.72375 -0.179359 -0.897154 0.403664 0.695412 0 0 0 1 
-0.996102 0.0875906 -0.0104549 0.00650693 0.0260538 0.405361 0.913786 0.188645 -0.084277 -0.909951 0.406062 0.694266 0 0 0 1 
-1 -1.60975e-06 -2.41749e-06 -3.49792e-06 -2.86323e-06 0.406738 0.913545 -0.282545 4.87295e-07 -0.913545 0.406738 0.693947 0 0 0 1 
-1 -1.0788e-06 -3.42969e-06 -3.17459e-06 -3.5347e-06 0.469472 0.882947 -0.258013 -6.57627e-07 -0.882947 0.469472 0.528676 0 0 0 1 
-0.996102 -0.0869057 0.0151313 -0.0176817 -0.0260567 0.453748 0.890749 0.206282 0.0842769 -0.886882 0.454244 0.567647 0 0 0 1 
-0.982224 -0.185503 0.0287012 -0.0294064 -0.0553634 0.432391 0.899985 0.734139 0.17936 -0.882399 0.434975 0.613299 0 0 0 1 
-0.960156 -0.276905 0.0377339 -0.0323007 -0.0822336 0.408987 0.908827 1.23107 0.267092 -0.869513 0.415462 0.656356 0 0 0 1 
-0.938246 -0.343406 0.0420438 -0.0294582 -0.101565 0.389564 0.915382 1.60192 0.330727 -0.854583 0.400384 0.687779 0 0 0 1 
-0.928414 -0.369031 0.0431699 -0.027215 -0.108956 0.381495 0.917927 1.75072 0.355213 -0.847513 0.394393 0.69985 0 0 0 1 
-0.938245 -0.343311 0.042811 -0.0312772 -0.101564 0.391608 0.91451 1.55057 0.330727 -0.853687 0.402292 0.682778 0 0 0 1 
-0.960156 -0.276646 0.0395889 -0.0367217 -0.0822337 0.415069 0.906066 1.06593 0.267092 -0.866709 0.42128 0.641053 0 0 0 1 
-0.982225 -0.185205 0.0305648 -0.0338737 -0.0553629 0.441417 0.895593 0.487073 0.17936 -0.877981 0.443824 0.589915 0 0 0 1 
-0.996102 -0.0867651 0.0159076 -0.0195518 -0.0260556 0.46169 0.886658 0.00239503 0.0842754 -0.882788 0.462151 0.546645 0 0 0 1 
-1 -1.0788e-06 -3.42969e-06 -3.17459e-06 -3.5347e-06 0.469473 0.882947 -0.200846 -6.57628e-07 -0.882947 0.469472 0.528676 0 0 0 1 
-0.996102 0.0867631 -0.0159115 0.0195508 0.0260511 0.46169 0.886659 0.00239599 -0.0842754 -0.882788 0.462151 0.546645 0 0 0 1 
-0.982225 0.185203 -0.0305686 0.0338726 0.0553585 0.441417 0.895593 0.487073 -0.17936 -0.877981 0.443823 0.589914 0 0 0 1 
-0.960157 0.276644 -0.0395928 0.0367198 0.0822288 0.415069 0.906066 1.06593 -0.267091 -0.86671 0.421279 0.641052 0 0 0 1 
-0.938247 0.343309 -0.0428146 0.0312755 0.10156 0.391608 0.91451 1.55057 -0.330726 -0.853688 0.402291 0.682776 0 0 0 1 
-0.928415 0.369029 -0.0431736 0.0272134 0.108952 0.381495 0.917928 1.75072 -0.355212 -0.847514 0.394392 0.69985 0 0 0 1 
-0.938246 0.343403 -0.0420477 0.0294564 0.10156 0.389564 0.915383 1.60192 -0.330726 -0.854584 0.400383 0.687778 0 0 0 1 
-0.960157 0.276903 -0.0377379 0.0322991 0.0822287 0.408987 0.908828 1.23107 -0.267091 -0.869514 0.415461 0.656356 0 0 0 1 
-0.982225 0.185501 -0.0287051 0.0294049 0.0553588 0.432391 0.899985 0.734139 -0.17936 -0.882399 0.434974 0.613298 0 0 0 1 
-0.996102 0.0869051 -0.015135 0.0176814 0.0260531 0.453748 0.890749 0.206282 -0.0842781 -0.886882 0.454243 0.567647 0 0 0 1 
-1 -1.0788e-06 -3.42969e-06 -3.17459e-06 -3.5347e-06 0.469472 0.882947 -0.258013 -6.57627e-07 -0.882947 0.469472 0.528676 0 0 0 1 
-0.970748 0.127893 -0.203203 0.306808 -0.142542 0.374059 0.916385 -0.204377 -0.193209 -0.918544 0.344887 0.904589 0 0 0 1 
-0.981706 0.00869377 -0.190205 0.314232 -0.173064 0.375765 0.910412 0.279191 -0.0793872 -0.926674 0.367386 0.852335 0 0 0 1 
-0.976828 -0.127014 -0.172265 0.313079 -0.207914 0.372149 0.904587 0.828677 0.0507874 -0.919442 0.389934 0.792772 0 0 0 1 
-0.955475 -0.252405 -0.152838 0.3028 -0.239996 0.363417 0.900183 1.34475 0.171667 -0.896783 0.407812 0.737994 0 0 0 1 
-0.92932 -0.342876 -0.137118 0.289587 -0.262939 0.353688 0.897646 1.72857 0.259284 -0.870253 0.418845 0.698824 0 0 0 1 
-0.916746 -0.377478 -0.130717 0.283164 -0.271643 0.349151 0.89683 1.88206 0.292894 -0.857674 0.422622 0.683957 0 0 0 1 
-0.929652 -0.341854 -0.137417 0.289939 -0.262786 0.353799 0.897647 1.67658 0.258246 -0.870611 0.418744 0.699656 0 0 0 1 
-0.956165 -0.249245 -0.153705 0.303609 -0.239509 0.363672 0.90021 1.17732 0.168475 -0.897563 0.407427 0.74057 0 0 0 1 
-0.977232 -0.122155 -0.17348 0.313781 -0.207146 0.372372 0.904671 0.577488 0.0459109 -0.92001 0.389198 0.796755 0 0 0 1 
-0.981467 0.0130474 -0.191186 0.314364 -0.172371 0.37581 0.910525 0.0711348 -0.0837295 -0.926605 0.366596 0.855925 0 0 0 1 
-0.970748 0.127893 -0.203203 0.306808 -0.142542 0.374059 0.916385 -0.147209 -0.193209 -0.918544 0.344887 0.904589 0 0 0 1 
-0.948976 0.234154 -0.211225 0.293414 -0.114454 0.368393 0.922598 0.0490369 -0.293844 -0.899699 0.322797 0.946432 0 0 0 1 
-0.912336 0.34752 -0.216501 0.272594 -0.0844271 0.357735 0.929999 0.530901 -0.400643 -0.86675 0.297035 0.988561 0 0 0 1 
-0.867198 0.447649 -0.218126 0.248324 -0.0581866 0.343941 0.937186 1.10907 -0.494553 -0.825418 0.272218 1.02404 0 0 0 1 
-0.827504 0.517705 -0.217298 0.227725 -0.0401184 0.331514 0.942597 1.59349 -0.560025 -0.78872 0.25356 1.04785 0 0 0 1 
-0.810649 0.544035 -0.216505 0.219142 -0.0334078 0.326181 0.944717 1.79353 -0.584579 -0.773067 0.246243 1.05654 0 0 0 1 
-0.828113 0.516777 -0.217189 0.228158 -0.0402358 0.331651 0.942544 1.64547 -0.559116 -0.789271 0.253852 1.04706 0 0 0 1 
-0.868797 0.444734 -0.217725 0.249424 -0.0585838 0.344291 0.937033 1.27647 -0.491692 -0.826846 0.273065 1.02157 0 0 0 1 
-0.914245 0.342932 -0.215762 0.273825 -0.0850973 0.358126 0.929787 0.782056 -0.396123 -0.868415 0.298233 0.984701 0 0 0 1 
-0.950183 0.229927 -0.210443 0.294091 -0.115101 0.368606 0.922432 0.257073 -0.289663 -0.900702 0.323778 0.942903 0 0 0 1 
-0.970748 0.127893 -0.203203 0.306808 -0.142542 0.374059 0.916385 -0.204377 -0.193209 -0.918544 0.344887 0.904589 0 0 0 1 
-0.978107 -0.194933 -0.0728602 0.287798 -0.083574 0.047302 0.995378 -0.26414 0.190585 -0.979675 0.0625577 0.665985 0 0 0 1 
-0.94416 -0.312655 -0.103964 0.279659 -0.0492723 -0.178005 0.982795 0.227698 0.325782 -0.933039 -0.15266 0.906981 0 0 0 1 
-0.885619 -0.430098 -0.175201 0.306724 0.0271422 -0.424543 0.905001 0.808187 0.463619 -0.796731 -0.387657 1.15763 0 0 0 1 
-0.818361 -0.510005 -0.264916 0.355089 0.129943 -0.613227 0.779145 1.35511 0.559822 -0.603198 -0.568113 1.36078 0 0 0 1 
-0.768642 -0.547552 -0.330721 0.395486 0.2155 -0.708441 0.672065 1.7438 0.602287 -0.445307 -0.662535 1.49625 0 0 0 1 
-0.760788 -0.558889 -0.329917 0.394222 0.237944 -0.713148 0.659396 1.85872 0.603809 -0.423159 -0.675539 1.56023 0 0 0 1 
-0.814409 -0.533588 -0.228084 0.315866 0.169776 -0.594948 0.785629 1.54519 0.5549 -0.6011 -0.575122 1.52823 0 0 0 1 
-0.906114 -0.417019 -0.0710871 0.173273 0.0657632 -0.304856 0.950125 0.888698 0.417891 -0.856247 -0.303659 1.34331 0 0 0 1 
-0.97973 -0.196361 0.0396349 0.0334303 0.0185644 0.108005 0.993977 0.167149 0.199459 -0.974565 0.10217 0.980376 0 0 0 1 
-0.997806 0.045894 0.0477056 -0.0346138 0.0639264 0.480897 0.874443 -0.357407 -0.0171903 -0.875575 0.482776 0.532905 0 0 0 1 
-0.978107 0.208101 -0.00117316 -0.0268686 0.145845 0.689495 0.709455 -0.51917 -0.148447 -0.693752 0.70475 0.163166 0 0 0 1 
-0.955972 0.290685 -0.0402633 0.0182456 0.211234 0.776848 0.593202 -0.252764 -0.203713 -0.558579 0.804046 -0.120809 0 0 0 1 
-0.93852 0.339307 -0.0636415 0.0928261 0.260809 0.817659 0.513237 0.299602 -0.226182 -0.465085 0.855884 -0.380457 0 0 0 1 
-0.929825 0.361427 -0.0692562 0.180723 0.287782 0.831435 0.475286 0.930714 -0.229364 -0.422003 0.877101 -0.580503 0 0 0 1 
-0.930868 0.360358 -0.0602316 0.25811 0.289699 0.828457 0.479306 1.44177 -0.222621 -0.428722 0.875579 -0.691702 0 0 0 1 
-0.940755 0.336284 -0.0435215 0.299791 0.265541 0.810432 0.522196 1.64265 -0.210877 -0.479702 0.851714 -0.689846 0 0 0 1 
-0.960768 0.276688 -0.0192148 0.292118 0.20658 0.760108 0.616085 1.47235 -0.185069 -0.587946 0.787445 -0.544013 0 0 0 1 
-0.984486 0.175418 0.00414024 0.261302 0.119262 0.651644 0.749091 1.08079 -0.128706 -0.737963 0.662455 -0.27346 0 0 0 1 
-0.998859 0.047313 0.00642573 0.242184 0.0283584 0.479581 0.877039 0.593654 -0.0384137 -0.876221 0.480376 0.0626419 0 0 0 1 
-0.996215 -0.0842107 -0.0215815 0.25228 -0.0431985 0.264107 0.963526 0.117572 0.0754392 -0.96081 0.266744 0.396463 0 0 0 1 
-0.978107 -0.194933 -0.0728602 0.287798 -0.083574 0.047302 0.995378 -0.26414 0.190585 -0.979675 0.0625577 0.665985 0 0 0 1 
-0.951637 -0.276673 -0.133568 0.24259 -0.0969874 -0.141981 0.985107 -0.0735907 0.291516 -0.950418 -0.10828 0.24587 0 0 0 1 
-0.877169 -0.416334 -0.23925 0.0902643 -0.0233144 -0.460735 0.887232 0.330566 0.479616 -0.78383 -0.394436 0.190642 0 0 0 1 
-0.757667 -0.506229 -0.411915 -0.143591 0.136093 -0.739825 0.658892 0.606738 0.638295 -0.443161 -0.629435 0.210432 0 0 0 1 
-0.631791 -0.503668 -0.589201 -0.386793 0.33319 -0.86278 0.380258 0.733262 0.699874 -0.0439275 -0.712914 0.400926 0 0 0 1 
-0.544802 -0.454651 -0.704616 -0.556584 0.482311 -0.85726 0.180226 0.797562 0.685979 0.241657 -0.68632 0.666338 0 0 0 1 
-0.521867 -0.446738 -0.726691 -0.631432 0.520586 -0.841654 0.143558 0.835168 0.675755 0.303388 -0.671797 0.747967 0 0 0 1 
-0.589131 -0.519894 -0.618575 -0.584329 0.403391 -0.852539 0.332344 0.809177 0.700143 0.0537334 -0.711978 0.478426 0 0 0 1 
-0.74309 -0.551305 -0.379316 -0.373377 0.178351 -0.709483 0.68178 0.737802 0.644987 -0.438973 -0.625536 0.142668 0 0 0 1 
-0.908706 -0.399693 -0.12041 -0.0994875 -0.00111018 -0.286137 0.958188 0.531303 0.417435 -0.870845 -0.259571 0.0436196 0 0 0 1 
-0.992791 -0.119481 0.00954204 0.0657351 -0.0182763 0.229578 0.973119 0.15006 0.118459 -0.965929 0.230107 0.0625063 0 0 0 1 
-0.994467 0.104674 0.00896458 0.112936 0.0665048 0.561182 0.825016 -0.112399 -0.0813267 -0.821047 0.565038 -0.00957739 0 0 0 1 
-0.973425 0.228047 -0.0209632 0.132732 0.152229 0.712737 0.684713 0.0269933 -0.171088 -0.663325 0.728511 -0.173622 0 0 0 1 
-0.950979 0.305521 -0.0479212 0.166609 0.224925 0.78965 0.570843 0.461757 -0.212245 -0.532081 0.81966 -0.386848 0 0 0 1 
-0.936078 0.346462 -0.0610111 0.216308 0.271103 0.820964 0.502515 1.00423 -0.22419 -0.453853 0.862413 -0.577802 0 0 0 1 
-0.932504 0.35646 -0.0580703 0.267409 0.285404 0.825848 0.486334 1.46064 -0.221316 -0.436935 0.871842 -0.690891 0 0 0 1 
-0.940755 0.336284 -0.0435215 0.299792 0.265541 0.810432 0.522196 1.64264 -0.210877 -0.479702 0.851714 -0.689847 0 0 0 1 
-0.962785 0.269738 -0.0169325 0.305141 0.2001 0.753533 0.626218 1.50273 -0.181674 -0.599525 0.779464 -0.549014 0 0 0 1 
-0.988821 0.148944 0.00699337 0.297673 0.0987682 0.619131 0.779052 1.1854 -0.111705 -0.771034 0.62692 -0.31661 0 0 0 1 
-0.999986 -0.00525331 -0.000959702 0.284832 -0.00297277 0.398335 0.917235 0.776505 0.0044363 -0.917225 0.398344 -0.0768954 0 0 0 1 
-0.986008 -0.158203 -0.0525446 0.265712 -0.0725473 0.123443 0.989696 0.335765 0.150086 -0.97966 0.133193 0.115172 0 0 0 1 
-0.951637 -0.276673 -0.133568 0.24259 -0.0969874 -0.141981 0.985107 -0.0735907 0.291516 -0.950418 -0.10828 0.24587 0 0 0 1 
-0.951637 -0.276673 -0.133568 0.24259 -0.0969874 -0.141981 0.985107 -0.073591 0.291516 -0.950418 -0.10828 0.24587 0 0 0 1 
-0.877169 -0.416334 -0.23925 0.0902643 -0.0233145 -0.460735 0.887232 0.330567 0.479616 -0.78383 -0.394436 0.190641 0 0 0 1 
-0.757667 -0.506229 -0.411915 -0.143591 0.136093 -0.739825 0.658892 0.606739 0.638295 -0.443161 -0.629435 0.210431 0 0 0 1 
-0.631791 -0.503668 -0.589201 -0.386792 0.33319 -0.862779 0.380258 0.733261 0.699874 -0.0439275 -0.712914 0.400927 0 0 0 1 
-0.544802 -0.454651 -0.704616 -0.556584 0.482312 -0.85726 0.180226 0.797563 0.685978 0.241657 -0.68632 0.666338 0 0 0 1 
-0.521867 -0.446738 -0.726691 -0.631433 0.520586 -0.841654 0.143558 0.835169 0.675755 0.303388 -0.671797 0.747967 0 0 0 1 
-0.589131 -0.519894 -0.618575 -0.584329 0.403391 -0.852539 0.332344 0.809177 0.700143 0.0537334 -0.711978 0.478426 0 0 0 1 
-0.74309 -0.551304 -0.379316 -0.373377 0.178351 -0.709483 0.68178 0.737802 0.644986 -0.438973 -0.625536 0.142668 0 0 0 1 
-0.908706 -0.399693 -0.12041 -0.0994875 -0.00111017 -0.286137 0.958188 0.531303 0.417435 -0.870845 -0.259571 0.0436198 0 0 0 1 
-0.992791 -0.119481 0.00954205 0.0657351 -0.0182762 0.229578 0.973118 0.150059 0.118459 -0.965929 0.230107 0.0625064 0 0 0 1 
-0.994466 0.104674 0.0089646 0.112936 0.0665049 0.561182 0.825016 -0.112397 -0.0813267 -0.821047 0.565038 -0.00957704 0 0 0 1 
-0.973424 0.228047 -0.0209632 0.132732 0.152229 0.712737 0.684713 0.0269936 -0.171088 -0.663325 0.728511 -0.173621 0 0 0 1 
-0.950979 0.305521 -0.0479212 0.166609 0.224925 0.78965 0.570843 0.461757 -0.212245 -0.53208 0.81966 -0.386847 0 0 0 1 
-0.936078 0.346462 -0.0610111 0.216307 0.271103 0.820964 0.502515 1.00423 -0.22419 -0.453853 0.862413 -0.577801 0 0 0 1 
-0.932504 0.356461 -0.0580702 0.267409 0.285404 0.825848 0.486334 1.46064 -0.221316 -0.436934 0.871842 -0.69089 0 0 0 1 
-0.940755 0.336284 -0.0435215 0.299792 0.265541 0.810432 0.522196 1.64265 -0.210877 -0.479702 0.851714 -0.689846 0 0 0 1 
-0.962785 0.269738 -0.0169325 0.305141 0.2001 0.753533 0.626218 1.50273 -0.181674 -0.599525 0.779464 -0.549013 0 0 0 1 
-0.988821 0.148944 0.00699338 0.297673 0.0987681 0.619131 0.779052 1.1854 -0.111705 -0.771034 0.62692 -0.31661 0 0 0 1 
-0.999986 -0.00525325 -0.000959665 0.284832 -0.00297272 0.398335 0.917235 0.776505 0.00443627 -0.917225 0.398344 -0.076895 0 0 0 1 
-0.986008 -0.158203 -0.0525446 0.265712 -0.0725472 0.123443 0.989696 0.335765 0.150086 -0.97966 0.133193 0.115172 0 0 0 1 
-0.951637 -0.276673 -0.133568 0.24259 -0.0969874 -0.141981 0.985107 -0.073591 0.291516 -0.950418 -0.10828 0.24587 0 0 0 1 
-0.970749 -0.127893 0.203199 -0.306816 0.142539 0.37406 0.916385 -0.204377 0.193207 -0.918544 0.344888 0.904587 0 0 0 1 
-0.950183 -0.229926 0.210443 -0.294093 0.115101 0.368607 0.922432 0.257074 0.289661 -0.900702 0.323779 0.942902 0 0 0 1 
-0.914246 -0.342932 0.215761 -0.273826 0.0850965 0.358127 0.929787 0.782055 0.396123 -0.868415 0.298233 0.984702 0 0 0 1 
-0.868796 -0.444735 0.217724 -0.249426 0.0585826 0.344291 0.937033 1.27647 0.491692 -0.826846 0.273065 1.02157 0 0 0 1 
-0.828113 -0.516778 0.217188 -0.22816 0.0402346 0.331652 0.942544 1.64547 0.559116 -0.789271 0.253853 1.04706 0 0 0 1 
-0.810649 -0.544035 0.216504 -0.219144 0.033407 0.326181 0.944717 1.79353 0.584579 -0.773067 0.246243 1.05654 0 0 0 1 
-0.827504 -0.517706 0.217298 -0.227728 0.0401174 0.331515 0.942597 1.59349 0.560025 -0.78872 0.253561 1.04785 0 0 0 1 
-0.867198 -0.44765 0.218125 -0.248327 0.0581854 0.343942 0.937186 1.10907 0.494553 -0.825418 0.272219 1.02404 0 0 0 1 
-0.912336 -0.34752 0.216501 -0.272597 0.0844267 0.357736 0.929998 0.530901 0.400643 -0.86675 0.297036 0.988561 0 0 0 1 
-0.948976 -0.234154 0.211224 -0.293415 0.114454 0.368394 0.922598 0.0490358 0.293844 -0.899699 0.322797 0.946432 0 0 0 1 
-0.970749 -0.127892 0.203199 -0.306816 0.142539 0.37406 0.916385 -0.14721 0.193207 -0.918544 0.344888 0.904587 0 0 0 1 
-0.981468 -0.0130471 0.191185 -0.314366 0.17237 0.37581 0.910525 0.071136 0.0837291 -0.926605 0.366597 0.855924 0 0 0 1 
-0.977232 0.122156 0.173479 -0.313782 0.207145 0.372372 0.904671 0.577488 -0.0459115 -0.920009 0.389198 0.796754 0 0 0 1 
-0.956166 0.249245 0.153704 -0.303611 0.239508 0.363672 0.90021 1.17732 -0.168475 -0.897563 0.407427 0.740569 0 0 0 1 
-0.929652 0.341854 0.137417 -0.28994 0.262785 0.353799 0.897647 1.67658 -0.258246 -0.870611 0.418744 0.699653 0 0 0 1 
-0.916746 0.377478 0.130716 -0.283166 0.271642 0.349152 0.89683 1.88207 -0.292894 -0.857674 0.422622 0.683956 0 0 0 1 
-0.92932 0.342876 0.137117 -0.289589 0.262938 0.353689 0.897646 1.72857 -0.259284 -0.870254 0.418845 0.698823 0 0 0 1 
-0.955476 0.252404 0.152837 -0.302802 0.239995 0.363418 0.900183 1.34475 -0.171666 -0.896783 0.407812 0.737994 0 0 0 1 
-0.976828 0.127015 0.172264 -0.313081 0.207914 0.372149 0.904587 0.828677 -0.0507877 -0.919441 0.389934 0.79277 0 0 0 1 
-0.981706 -0.0086921 0.190204 -0.314234 0.173064 0.375766 0.910411 0.279191 0.0793857 -0.926674 0.367387 0.852334 0 0 0 1 
-0.970749 -0.127893 0.203199 -0.306816 0.142539 0.37406 0.916385 -0.204377 0.193207 -0.918544 0.344888 0.904587 0 0 0 1 
-0.978107 -0.208101 0.00116876 0.0268642 -0.145849 0.689494 0.709455 -0.576337 0.148444 -0.693752 0.70475 0.163165 0 0 0 1 
-0.969354 -0.245474 0.00978879 -0.0170283 -0.178071 0.729518 0.660374 -0.0633252 0.169246 -0.638393 0.750873 -0.0570459 0 0 0 1 
-0.956111 -0.291968 0.0246165 -0.0864222 -0.221104 0.774068 0.593238 0.522682 0.192262 -0.561759 0.804651 -0.309744 0 0 0 1 
-0.94256 -0.331483 0.0412236 -0.174028 -0.26055 0.806807 0.53026 1.07616 0.209032 -0.489062 0.846832 -0.534031 0 0 0 1 
-0.935192 -0.350496 0.0506941 -0.255585 -0.280591 0.820666 0.497771 1.4861 0.21607 -0.451287 0.865826 -0.676275 0 0 0 1 
-0.940754 -0.336285 0.0435192 -0.299789 -0.265542 0.810431 0.522196 1.64264 0.210876 -0.479703 0.851714 -0.689847 0 0 0 1 
-0.96097 -0.27571 0.0228336 -0.299453 -0.203414 0.760099 0.617149 1.42474 0.187509 -0.588417 0.786515 -0.538946 0 0 0 1 
-0.984821 -0.173429 0.00701587 -0.282522 -0.10922 0.650611 0.751515 0.929268 0.134899 -0.739343 0.659678 -0.260573 0 0 0 1 
-0.998879 -0.0461532 0.0105407 -0.27198 -0.0127346 0.476397 0.879138 0.370685 0.0455966 -0.878018 0.476451 0.0772443 0 0 0 1 
-0.995837 0.0835109 0.0365238 -0.276365 0.0571582 0.260021 0.96391 -0.0622681 -0.071 -0.961985 0.263712 0.404682 0 0 0 1 
-0.978107 0.194934 0.072858 -0.287805 0.0835719 0.0473028 0.995378 -0.206974 -0.190587 -0.979675 0.062558 0.665982 0 0 0 1 
-0.943761 0.308503 0.118918 -0.30077 0.0634435 -0.184012 0.980874 0.0528332 -0.324485 -0.933255 -0.154091 0.906151 0 0 0 1 
-0.885639 0.422848 0.191944 -0.329027 -0.0110545 -0.43242 0.901604 0.597047 -0.464243 -0.796374 -0.387642 1.15001 0 0 0 1 
-0.818765 0.503616 0.275672 -0.368708 -0.119408 -0.619032 0.776235 1.21525 -0.561574 -0.602636 -0.566978 1.35138 0 0 0 1 
-0.768898 0.545088 0.334179 -0.399746 -0.212062 -0.710499 0.670986 1.70107 -0.60318 -0.445053 -0.661893 1.49213 0 0 0 1 
-0.760788 0.558888 0.329918 -0.394225 -0.237942 -0.713149 0.659396 1.85872 -0.603809 -0.423159 -0.675538 1.56023 0 0 0 1 
-0.807918 0.538698 0.238902 -0.323251 -0.178634 -0.610205 0.771841 1.60942 -0.561568 -0.580908 -0.589226 1.52854 0 0 0 1 
-0.890089 0.445587 0.0958915 -0.196473 -0.0830164 -0.365358 0.927158 1.08944 -0.448164 -0.817292 -0.362192 1.36124 0 0 0 1 
-0.966678 0.254876 -0.0239231 -0.0628185 -0.0226212 0.00803864 0.999712 0.451753 -0.254995 -0.96694 0.00200506 1.03356 0 0 0 1 
-0.998395 0.00887567 -0.055937 0.0193145 -0.0476263 0.402921 0.913995 -0.141227 -0.0306504 -0.915192 0.401851 0.594265 0 0 0 1 
-0.978107 -0.208101 0.00116876 0.0268642 -0.145849 0.689494 0.709455 -0.576337 0.148444 -0.693752 0.70475 0.163165 0 0 0 1 
-0.994466 -0.104674 -0.00896846 -0.11294 -0.0665082 0.561182 0.825016 -0.169566 0.0813245 -0.821047 0.565038 -0.00957888 0 0 0 1 
-0.98582 -0.167725 -0.00510291 -0.138596 -0.113214 0.642361 0.757994 0.256306 0.123857 -0.747824 0.652241 -0.156895 0 0 0 1 
-0.969958 -0.243098 0.00915678 -0.176655 -0.175962 0.727084 0.663616 0.735212 0.167982 -0.642069 0.748017 -0.347336 0 0 0 1 
-0.950885 -0.307999 0.0308797 -0.223993 -0.236766 0.787956 0.56839 1.18384 0.199395 -0.533163 0.82218 -0.540067 0 0 0 1 
-0.937721 -0.344139 0.0474126 -0.270201 -0.273807 0.816179 0.508804 1.51616 0.213796 -0.464135 0.859575 -0.675923 0 0 0 1 
-0.940754 -0.336285 0.0435192 -0.299789 -0.265543 0.810431 0.522196 1.64264 0.210876 -0.479703 0.851714 -0.689847 0 0 0 1 
-0.962238 -0.271367 0.0213938 -0.307621 -0.199329 0.755957 0.623537 1.44389 0.18538 -0.595727 0.781501 -0.542048 0 0 0 1 
-0.987807 -0.155605 0.00497913 -0.307271 -0.0950664 0.628206 0.772217 1.00148 0.123289 -0.762328 0.635339 -0.289752 0 0 0 1 
-0.999849 -0.00722562 0.0157716 -0.304103 0.0113628 0.414215 0.910108 0.511096 0.0131089 -0.910151 0.414071 -0.0277907 0 0 0 1 
-0.987354 0.145738 0.0623888 -0.288059 0.0827717 0.138273 0.986929 0.127418 -0.135207 -0.979613 0.148588 0.163761 0 0 0 1 
-0.951636 0.276674 0.133567 -0.242595 0.0969861 -0.14198 0.985107 -0.016423 -0.291517 -0.950417 -0.10828 0.245868 0 0 0 1 
-0.88238 0.403058 0.242797 -0.126914 0.0395944 -0.450567 0.891864 0.152278 -0.468869 -0.796576 -0.381613 0.23626 0 0 0 1 
-0.766633 0.492548 0.41191 0.0906092 -0.114555 -0.736149 0.667054 0.408739 -0.631783 -0.4642 -0.62078 0.246552 0 0 0 1 
-0.639416 0.496335 0.587196 0.34533 -0.318198 -0.866076 0.385566 0.609192 -0.699927 -0.0596919 -0.711716 0.410111 0 0 0 1 
-0.54767 0.452747 0.703618 0.541594 -0.477467 -0.859693 0.181532 0.760665 -0.687083 0.236535 -0.687 0.665297 0 0 0 1 
-0.521867 0.446736 0.726693 0.631431 -0.520584 -0.841655 0.143557 0.835167 -0.675757 0.303387 -0.671796 0.747969 0 0 0 1 
-0.580071 0.514003 0.631917 0.595092 -0.418512 -0.853611 0.310154 0.838351 -0.698831 0.0845539 -0.710271 0.502552 0 0 0 1 
-0.714722 0.557943 0.421749 0.41489 -0.217436 -0.750381 0.624219 0.838021 -0.664751 -0.35444 -0.657631 0.169013 0 0 0 1 
-0.876791 0.450687 0.167686 0.150109 -0.0284892 -0.396785 0.917469 0.722725 -0.480027 -0.799652 -0.360737 0.0227231 0 0 0 1 
-0.98278 0.184761 0.00258334 -0.0467856 0.0257074 0.122871 0.992089 0.352067 -0.182982 -0.975072 0.125505 0.035798 0 0 0 1 
-0.994466 -0.104674 -0.00896846 -0.11294 -0.0665082 0.561182 0.825016 -0.169566 0.0813245 -0.821047 0.565038 -0.00957888 0 0 0 1 
-0.994466 -0.104674 -0.00896853 -0.11294 -0.0665083 0.561182 0.825016 -0.169566 0.0813245 -0.821047 0.565038 -0.00957894 0 0 0 1 
-0.985821 -0.167726 -0.0051029 -0.138596 -0.113214 0.642361 0.757994 0.256306 0.123857 -0.747824 0.652241 -0.156895 0 0 0 1 
-0.969958 -0.243098 0.00915679 -0.176654 -0.175962 0.727084 0.663616 0.735212 0.167982 -0.642069 0.748017 -0.347336 0 0 0 1 
-0.950885 -0.307999 0.0308797 -0.223992 -0.236766 0.787956 0.56839 1.18384 0.199395 -0.533162 0.82218 -0.540067 0 0 0 1 
-0.937721 -0.344139 0.0474125 -0.270201 -0.273807 0.816179 0.508805 1.51616 0.213796 -0.464135 0.859575 -0.675924 0 0 0 1 
-0.940754 -0.336285 0.0435191 -0.299789 -0.265543 0.810431 0.522196 1.64264 0.210876 -0.479703 0.851714 -0.689847 0 0 0 1 
-0.962238 -0.271368 0.0213937 -0.307622 -0.199329 0.755957 0.623537 1.44389 0.18538 -0.595727 0.781502 -0.542048 0 0 0 1 
-0.987807 -0.155606 0.00497901 -0.307271 -0.0950665 0.628206 0.772217 1.00148 0.123289 -0.762328 0.635339 -0.289752 0 0 0 1 
-0.99985 -0.00722563 0.0157716 -0.304103 0.0113628 0.414215 0.910108 0.511096 0.0131089 -0.910151 0.414071 -0.0277905 0 0 0 1 
-0.987354 0.145738 0.0623888 -0.288058 0.0827717 0.138273 0.986929 0.127417 -0.135207 -0.979612 0.148588 0.163761 0 0 0 1 
-0.951636 0.276674 0.133567 -0.242595 0.0969861 -0.14198 0.985107 -0.0164232 -0.291517 -0.950417 -0.10828 0.245868 0 0 0 1 
-0.88238 0.403058 0.242797 -0.126914 0.0395943 -0.450567 0.891864 0.152278 -0.468869 -0.796576 -0.381613 0.23626 0 0 0 1 
-0.766633 0.492548 0.41191 0.0906086 -0.114555 -0.736149 0.667054 0.408738 -0.631783 -0.4642 -0.62078 0.246552 0 0 0 1 
-0.639416 0.496335 0.587196 0.345329 -0.318198 -0.866076 0.385566 0.609193 -0.699927 -0.0596919 -0.711716 0.410111 0 0 0 1 
-0.54767 0.452748 0.703618 0.541593 -0.477468 -0.859693 0.181532 0.760665 -0.687083 0.236535 -0.687 0.665298 0 0 0 1 
-0.521867 0.446736 0.726693 0.63143 -0.520584 -0.841655 0.143557 0.835168 -0.675757 0.303387 -0.671796 0.74797 0 0 0 1 
-0.580071 0.514003 0.631917 0.595091 -0.418512 -0.853611 0.310154 0.83835 -0.698831 0.0845539 -0.710271 0.502552 0 0 0 1 
-0.714722 0.557943 0.421748 0.41489 -0.217437 -0.750381 0.624219 0.838021 -0.664751 -0.35444 -0.657631 0.169014 0 0 0 1 
-0.876791 0.450687 0.167686 0.15011 -0.0284894 -0.396785 0.917469 0.722725 -0.480027 -0.799651 -0.360737 0.0227228 0 0 0 1 
-0.98278 0.184761 0.00258327 -0.0467849 0.0257073 0.122871 0.992089 0.352067 -0.182982 -0.975072 0.125505 0.0357984 0 0 0 1 
-0.994466 -0.104674 -0.00896853 -0.11294 -0.0665083 0.561182 0.825016 -0.169566 0.0813245 -0.821047 0.565038 -0.00957894 0 0 0 1 
-1 -9.80134e-07 -2.95034e-06 -4.32359e-06 -3.10881e-06 0.309018 0.951056 -0.386754 2.04548e-08 -0.951056 0.309018 1.16254 0 0 0 1 
-0.998809 -0.0477292 -0.0101698 0.0452816 -0.022355 0.262254 0.96474 0.0791535 0.0433792 -0.963818 0.263008 1.31997 0 0 0 1 
-0.994562 -0.101222 -0.024492 0.101547 -0.0451422 0.207082 0.977282 0.620048 0.09385 -0.973073 0.210525 1.49656 0 0 0 1 
-0.987793 -0.150405 -0.0405412 0.158564 -0.0638641 0.153642 0.986061 1.13947 0.142079 -0.976613 0.161372 1.65956 0 0 0 1 
-0.981051 -0.186066 -0.0540217 0.203238 -0.0760124 0.113157 0.990665 1.53302 0.178216 -0.976 0.125156 1.77845 0 0 0 1 
-0.978019 -0.199801 -0.059651 0.221233 -0.0803521 0.0971511 0.992021 1.69202 0.192411 -0.975009 0.11107 1.82445 0 0 0 1 
-0.981036 -0.186317 -0.0534171 0.202267 -0.0766393 0.11975 0.989842 1.47811 0.178028 -0.975165 0.131759 1.75642 0 0 0 1 
-0.987767 -0.150965 -0.0390696 0.156143 -0.0653579 0.173318 0.982695 0.966452 0.141581 -0.973227 0.181064 1.59338 0 0 0 1 
-0.994546 -0.10173 -0.0230018 0.0990355 -0.0466171 0.236294 0.970563 0.366484 0.0933002 -0.966342 0.239748 1.39739 0 0 0 1 
-0.998805 -0.0479237 -0.00954492 0.0442103 -0.0229613 0.287867 0.957395 -0.125994 0.0431342 -0.956471 0.288624 1.23217 0 0 0 1 
-1 -9.80134e-07 -2.95034e-06 -4.3236e-06 -3.10881e-06 0.309018 0.951056 -0.329587 2.04545e-08 -0.951056 0.309018 1.16254 0 0 0 1 
-0.998806 0.0479213 0.00954192 -0.0442133 0.0229578 0.287867 0.957395 -0.125993 -0.0431328 -0.956471 0.288623 1.23217 0 0 0 1 
-0.994546 0.101728 0.0229991 -0.0990387 0.0466139 0.236294 0.970563 0.366485 -0.0932986 -0.966342 0.239747 1.39738 0 0 0 1 
-0.987768 0.150962 0.0390665 -0.156147 0.0653542 0.173318 0.982695 0.96645 -0.141578 -0.973227 0.181064 1.59338 0 0 0 1 
-0.981037 0.186314 0.0534142 -0.20227 0.0766361 0.119751 0.989842 1.47811 -0.178025 -0.975165 0.131758 1.75642 0 0 0 1 
-0.97802 0.199798 0.0596483 -0.221237 0.0803491 0.0971514 0.992021 1.69202 -0.192409 -0.975009 0.111069 1.82445 0 0 0 1 
-0.981052 0.186063 0.0540187 -0.203242 0.076009 0.113157 0.990666 1.53302 -0.178213 -0.976 0.125155 1.77844 0 0 0 1 
-0.987794 0.150401 0.0405381 -0.158567 0.0638605 0.153642 0.986061 1.13947 -0.142077 -0.976613 0.161371 1.65956 0 0 0 1 
-0.994563 0.101219 0.0244891 -0.10155 0.0451387 0.207082 0.977282 0.620048 -0.0938481 -0.973073 0.210525 1.49656 0 0 0 1 
-0.998809 0.0477282 0.0101674 -0.0452851 0.0223525 0.262254 0.96474 0.0791521 -0.0433788 -0.963818 0.263008 1.31997 0 0 0 1 
-1 -9.80134e-07 -2.95034e-06 -4.32359e-06 -3.10881e-06 0.309018 0.951056 -0.386754 2.04548e-08 -0.951056 0.309018 1.16254 0 0 0 1 
-0.999943 0.00131904 -0.0105525 -0.0205076 -0.00938589 0.357081 0.934026 -0.22902 -0.00500013 -0.934072 0.357049 0.605175 0 0 0 1 
-0.999997 -0.000264034 0.00255453 0.0109507 0.00218062 0.438122 0.898913 0.185847 0.00135654 -0.898916 0.43812 0.622543 0 0 0 1 
-0.99982 -0.000692561 0.0189644 0.0638493 0.0156948 0.531593 0.846854 0.631789 0.0106678 -0.847 0.531487 0.642485 0 0 0 1 
-0.999431 0.000469044 0.0337221 0.125861 0.026965 0.611656 0.790664 1.0374 0.0202555 -0.791124 0.611321 0.647137 0 0 0 1 
-0.999117 0.00197704 0.0419719 0.175136 0.0328931 0.658353 0.75199 1.34805 0.0261455 -0.752707 0.657837 0.63006 0 0 0 1 
-0.999233 0.00204436 0.0390971 0.184896 0.030884 0.654903 0.755082 1.51447 0.0240611 -0.755711 0.654463 0.588767 0 0 0 1 
-0.999789 0.000872284 0.0205072 0.134589 0.0172 0.580832 0.813842 1.43937 0.0112012 -0.814024 0.580724 0.502977 0 0 0 1 
-0.99994 0.00273992 -0.0106143 0.0408065 -0.00833539 0.438834 0.898529 1.13197 -0.00711986 -0.898564 0.438785 0.353838 0 0 0 1 
-0.998859 0.0114989 -0.0463589 -0.0639988 -0.0419677 0.252129 0.966783 0.699271 -0.0228053 -0.967625 0.251359 0.149974 0 0 0 1 
-0.996555 0.0265749 -0.0785551 -0.151122 -0.0768925 0.0586701 0.995311 0.282194 -0.0310591 -0.997924 0.0564245 -0.0681813 0 0 0 1 
-0.993978 0.0424763 -0.10101 -0.204408 -0.104731 -0.0971291 0.989746 0.0770712 -0.0322297 -0.994365 -0.100993 -0.241036 0 0 0 1 
-0.991493 0.0576064 -0.116714 -0.232465 -0.126835 -0.226358 0.965751 0.241108 -0.0292144 -0.972339 -0.231739 -0.368463 0 0 0 1 
-0.988838 0.0738865 -0.129381 -0.239509 -0.147227 -0.351293 0.924617 0.652587 -0.0228661 -0.933345 -0.35825 -0.475798 0 0 0 1 
-0.986616 0.0878119 -0.137397 -0.224286 -0.162341 -0.4499 0.8782 1.14443 -0.0153017 -0.888751 -0.458134 -0.544632 0 0 0 1 
-0.985484 0.095399 -0.140428 -0.198058 -0.169483 -0.504969 0.846334 1.56455 -0.00982751 -0.857849 -0.513808 -0.562022 0 0 0 1 
-0.986018 0.0929611 -0.1383 -0.177997 -0.166362 -0.501269 0.849148 1.76046 -0.00961225 -0.860283 -0.509726 -0.516542 0 0 0 1 
-0.988627 0.0777147 -0.128756 -0.170819 -0.149582 -0.419358 0.895413 1.68222 -0.0155917 -0.904489 -0.426213 -0.38391 0 0 0 1 
-0.99252 0.0539205 -0.109531 -0.161621 -0.119937 -0.263141 0.957273 1.4024 -0.0227947 -0.96325 -0.26764 -0.164735 0 0 0 1 
-0.996308 0.029507 -0.0806196 -0.134085 -0.0821886 -0.0565157 0.995013 0.943785 -0.0248035 -0.997966 -0.0587322 0.106886 0 0 0 1 
-0.998906 0.0110448 -0.0454367 -0.0835464 -0.043016 0.163924 0.985535 0.363115 -0.0183331 -0.986411 0.163269 0.379992 0 0 0 1 
-0.999944 0.00131908 -0.0105525 -0.0205075 -0.0093859 0.357081 0.934026 -0.22902 -0.0050001 -0.934072 0.357048 0.605175 0 0 0 1 
-0.999819 -0.000558913 0.0190477 0.117083 0.0161151 0.508664 0.860814 -0.637137 0.01017 -0.860965 0.508562 1.27128 0 0 0 1 
-0.999285 0.000702679 0.0377931 0.173272 0.0304272 0.608177 0.793218 -0.380834 0.0224275 -0.793801 0.607764 1.35763 0 0 0 1 
-0.998385 0.00417924 0.0566582 0.23571 0.0433425 0.700785 0.712055 -0.0689313 0.0367294 -0.71336 0.699834 1.35842 0 0 0 1 
-0.997154 0.00984426 0.0747483 0.311036 0.0542693 0.781945 0.620981 0.175043 0.052336 -0.62327 0.780254 1.34998 0 0 0 1 
-0.995676 0.01725 0.0912743 0.395817 0.0628422 0.848702 0.525124 0.212317 0.0684062 -0.52859 0.846116 1.39631 0 0 0 1 
-0.994073 0.0256008 0.105662 0.481489 0.0689382 0.89994 0.430529 -0.0977199 0.0840671 -0.435262 0.89637 1.55827 0 0 0 1 
-0.99168 0.0380719 0.122965 0.590677 0.0741685 0.949751 0.304092 -1.08542 0.105209 -0.310682 0.944673 1.9518 0 0 0 1 
-0.988232 0.0560116 0.142339 0.722719 0.0763173 0.986997 0.141464 -2.61789 0.132565 -0.150662 0.979657 2.50701 0 0 0 1 
-0.984922 0.0730681 0.156815 0.846056 0.0740674 0.997253 0.000530064 -4.10773 0.156346 -0.012137 0.987628 3.1099 0 0 0 1 
-0.983428 0.0802137 0.162591 0.937986 0.0715041 0.995709 -0.0587387 -5.0189 0.166605 0.0461394 0.984943 3.73888 0 0 0 1 
-0.985456 0.0685533 0.155491 0.968345 0.072588 0.997153 0.0204135 -4.90528 0.153649 -0.0314035 0.987626 4.34295 0 0 0 1 
-0.992424 0.0317111 0.118694 0.866836 0.0688308 0.943767 0.323367 -3.26605 0.101765 -0.329087 0.9388 4.74145 0 0 0 1 
-0.999176 0.00016436 0.0405876 0.579599 0.0300773 0.67445 0.737707 -0.6841 0.0272531 -0.73832 0.673899 4.20173 0 0 0 1 
-0.99858 0.0122203 -0.0518609 0.205688 -0.0486355 0.188441 0.980879 1.32414 -0.0217594 -0.982008 0.187579 2.48097 0 0 0 1 
-0.991563 0.0586223 -0.115615 -0.0664705 -0.127361 -0.274509 0.953113 1.95141 -0.0241365 -0.959796 -0.279659 0.566563 0 0 0 1 
-0.985932 0.093476 -0.138568 -0.179473 -0.166887 -0.504104 0.847365 1.75353 -0.00935552 -0.858569 -0.512613 -0.530668 0 0 0 1 
-0.98653 0.0903149 -0.136386 -0.211873 -0.163284 -0.493755 0.854134 1.52588 -0.00979991 -0.864898 -0.501851 -0.751556 0 0 0 1 
-0.991159 0.062331 -0.117125 -0.200581 -0.131113 -0.324959 0.936596 1.33541 -0.0203181 -0.943672 -0.330258 -0.463008 0 0 0 1 
-0.99649 0.0283127 -0.0787832 -0.125051 -0.0799813 -0.0440204 0.995824 0.941763 -0.0247264 -0.998629 -0.0461305 0.1654 0 0 0 1 
-0.999597 0.0055764 -0.027853 0.000196934 -0.0253625 0.266349 0.963543 0.214269 -0.0127917 -0.963861 0.2661 0.844563 0 0 0 1 
-0.999819 -0.000558913 0.0190479 0.117085 0.0161153 0.508665 0.860814 -0.63714 0.0101702 -0.860964 0.508563 1.27129 0 0 0 1 
-1 1.76719e-06 -4.34161e-08 -3.09944e-06 3.84016e-07 0.241924 0.970295 0.22556 -1.72585e-06 -0.970295 0.241924 -0.283238 0 0 0 1 
-1 -7.05026e-07 7.22133e-07 -0.0573608 2.0916e-07 0.542794 0.839866 -0.00731277 9.64583e-07 -0.839866 0.542794 1.02131 0 0 0 1 
-1 7.23834e-07 3.00986e-07 -0.107281 7.51766e-07 0.806672 0.591 -0.81223 -1.81665e-07 -0.591 0.806672 1.99471 0 0 0 1 
-1 5.49104e-07 1.50786e-07 -0.137685 5.5016e-07 0.959599 0.28137 -1.9387 1.4052e-08 -0.28137 0.959599 2.31915 0 0 0 1 
-1 -6.74401e-08 2.61576e-07 -0.147569 -5.88106e-08 0.999961 0.00879609 -2.95752 2.07247e-07 -0.00879619 0.999961 2.12287 0 0 0 1 
-1 4.43024e-07 -4.8767e-07 -0.14265 5.1119e-07 0.989651 -0.143493 -3.57445 -3.90637e-07 0.143493 0.989651 1.90006 0 0 0 1 
-1 6.98581e-08 2.44439e-07 -0.12836 4.28538e-08 0.989656 -0.143458 -3.74636 2.28843e-07 0.143458 0.989656 2.1065 0 0 0 1 
-1 -7.56425e-09 8.12164e-08 -0.0989349 2.12591e-08 0.999651 -0.0264214 -3.54072 6.54647e-08 0.0264213 0.999651 2.72192 0 0 0 1 
