a
21
35
1 1.18358e-07 4.56947e-07 8.83041e-07 -4.65582e-07 0.406737 0.913545 -0.248828 7.77322e-08 0.913546 -0.406737 -0.693945 0 0 0 1 
0.999998 0.00178664 -0.000794987 -0.00135627 -4.3578e-07 0.406737 0.913545 0.210133 -0.00195553 0.913544 -0.406736 -0.693943 0 0 0 1 
0.999974 0.00663445 -0.00295337 -0.00503874 -4.3578e-07 0.406737 0.913545 0.732398 -0.00726211 0.913521 -0.406726 -0.693926 0 0 0 1 
0.999886 0.0137776 -0.00613369 -0.0104648 -4.3578e-07 0.406737 0.913545 1.22301 -0.0150812 0.913442 -0.40669 -0.693866 0 0 0 1 
0.999698 0.0224489 -0.00999437 -0.0170516 -4.65582e-07 0.406737 0.913545 1.58701 -0.0245731 0.91327 -0.406614 -0.693735 0 0 0 1 
0.999391 0.0318824 -0.0141944 -0.0242175 -4.65582e-07 0.406737 0.913545 1.72945 -0.0348994 0.912989 -0.406489 -0.693522 0 0 0 1 
0.998977 0.0413125 -0.018393 -0.0313808 -4.65582e-07 0.406737 0.913545 1.52371 -0.045222 0.912611 -0.406321 -0.693235 0 0 0 1 
0.998503 0.0499747 -0.0222497 -0.0379608 -4.3578e-07 0.406737 0.913545 1.0331 -0.0547039 0.912178 -0.406128 -0.692905 0 0 0 1 
0.998044 0.0571058 -0.0254246 -0.0433776 -4.3578e-07 0.406737 0.913545 0.447525 -0.0625098 0.911759 -0.405941 -0.692587 0 0 0 1 
0.997699 0.0619435 -0.0275785 -0.0470524 -4.65582e-07 0.406737 0.913545 -0.0430874 -0.0678055 0.911443 -0.405801 -0.692348 0 0 0 1 
0.997564 0.0637258 -0.0283721 -0.0484063 -4.65582e-07 0.406737 0.913545 -0.248828 -0.0697564 0.91132 -0.405746 -0.692254 0 0 0 1 
0.997564 0.0637258 -0.0283721 -0.0484063 -4.65582e-07 0.406737 0.913545 -0.0430874 -0.0697564 0.91132 -0.405746 -0.692254 0 0 0 1 
0.997564 0.0637258 -0.0283721 -0.0484063 -4.3578e-07 0.406737 0.913545 0.447525 -0.0697564 0.91132 -0.405746 -0.692254 0 0 0 1 
0.997564 0.0637258 -0.0283721 -0.0484064 -4.3578e-07 0.406737 0.913545 1.03309 -0.0697564 0.91132 -0.405746 -0.692254 0 0 0 1 
0.997564 0.0637258 -0.0283721 -0.0484063 -4.65582e-07 0.406737 0.913545 1.52371 -0.0697564 0.91132 -0.405746 -0.692254 0 0 0 1 
0.997564 0.0637258 -0.0283721 -0.0484063 -4.65582e-07 0.406737 0.913545 1.72945 -0.0697564 0.91132 -0.405746 -0.692254 0 0 0 1 
0.997564 0.0637258 -0.0283721 -0.0484063 -4.65582e-07 0.406737 0.913545 1.58701 -0.0697564 0.91132 -0.405746 -0.692254 0 0 0 1 
0.997564 0.0637258 -0.0283721 -0.0484064 -4.3578e-07 0.406737 0.913545 1.22301 -0.0697564 0.91132 -0.405746 -0.692254 0 0 0 1 
0.997564 0.0637258 -0.0283721 -0.0484063 -4.3578e-07 0.406737 0.913545 0.732397 -0.0697564 0.91132 -0.405746 -0.692254 0 0 0 1 
0.997564 0.0637258 -0.0283721 -0.0484063 -4.65582e-07 0.406737 0.913545 0.210132 -0.0697564 0.91132 -0.405746 -0.692254 0 0 0 1 
0.997564 0.0637258 -0.0283721 -0.0484063 -4.65582e-07 0.406737 0.913545 -0.248828 -0.0697564 0.91132 -0.405746 -0.692254 0 0 0 1 
1 -1.78021e-07 1.81079e-06 3.50329e-06 -1.58183e-06 0.406738 0.913545 -0.248829 8.99146e-07 0.913545 -0.406738 -0.693947 0 0 0 1 
0.996108 -0.0865534 0.0166903 0.032485 0.0193478 0.39941 0.916568 0.215984 0.0859984 0.912678 -0.39953 -0.679996 0 0 0 1 
0.982809 -0.181545 0.0335816 0.0656719 0.0404103 0.389009 0.920347 0.745562 0.180148 0.903169 -0.389658 -0.660892 0 0 0 1 
0.962579 -0.266822 0.0474083 0.0931615 0.0590769 0.377332 0.924192 1.24362 0.264484 0.886807 -0.378975 -0.640224 0 0 0 1 
0.943864 -0.325614 0.0556565 0.11001 0.0721197 0.36754 0.927207 1.61345 0.322367 0.871143 -0.370391 -0.623629 0 0 0 1 
0.937802 -0.342574 0.0563125 0.112243 0.0770204 0.363459 0.928421 1.75824 0.33852 0.866338 -0.367238 -0.617555 0 0 0 1 
0.95032 -0.307533 0.0481261 0.0973617 0.072294 0.36844 0.926836 1.54943 0.302764 0.877312 -0.372368 -0.627523 0 0 0 1 
0.9723 -0.231449 0.0326208 0.0682367 0.0594953 0.380033 0.923058 1.05151 0.226038 0.895548 -0.383276 -0.648678 0 0 0 1 
0.991256 -0.131392 0.0121631 0.0293704 0.0408286 0.393057 0.918607 0.457322 0.125479 0.910078 -0.394985 -0.671382 0 0 0 1 
0.999606 -0.0263386 -0.00972689 -0.012502 0.0195221 0.402995 0.914994 -0.0402834 0.0201798 0.914823 -0.40335 -0.687604 0 0 0 1 
0.997564 0.0637255 -0.0283708 -0.0484038 -1.58183e-06 0.406738 0.913545 -0.248829 -0.0697556 0.91132 -0.405747 -0.692257 0 0 0 1 
0.987379 0.151636 -0.0457187 -0.0819792 -0.0195226 0.402995 0.914994 -0.0402836 -0.15717 0.902553 -0.400869 -0.682815 0 0 0 1 
0.966025 0.250353 -0.0641852 -0.11772 -0.0408291 0.393057 0.918607 0.457322 -0.255204 0.884777 -0.389925 -0.661634 0 0 0 1 
0.93669 0.340904 -0.0799788 -0.148287 -0.0594965 0.380033 0.923057 1.0515 -0.345069 0.85986 -0.376255 -0.635178 0 0 0 1 
0.90928 0.406213 -0.0905539 -0.168754 -0.0722951 0.36844 0.926836 1.54943 -0.409857 0.836208 -0.364382 -0.612198 0 0 0 1 
0.89728 0.431254 -0.0943902 -0.176179 -0.0770212 0.363459 0.928421 1.75824 -0.434692 0.825783 -0.35934 -0.60244 0 0 0 1 
0.909279 0.406269 -0.0903167 -0.168295 -0.0721209 0.36754 0.927207 1.61345 -0.409891 0.836576 -0.363497 -0.610485 0 0 0 1 
0.936686 0.341057 -0.0793711 -0.147111 -0.059078 0.377332 0.924192 1.24362 -0.345151 0.860988 -0.373591 -0.63002 0 0 0 1 
0.96602 0.250549 -0.0634845 -0.116364 -0.0404112 0.389009 0.920347 0.745561 -0.255288 0.886508 -0.385915 -0.653874 0 0 0 1 
0.987377 0.151774 -0.045296 -0.0811612 -0.0193475 0.39941 0.916568 0.215982 -0.157203 0.904122 -0.397304 -0.675916 0 0 0 1 
0.997564 0.0637255 -0.0283708 -0.0484038 -1.58183e-06 0.406738 0.913545 -0.248829 -0.0697556 0.91132 -0.405747 -0.692257 0 0 0 1 
1 1.25775e-06 2.95683e-06 3.63588e-06 -3.21277e-06 0.406738 0.913545 -0.248829 5.36458e-08 0.913545 -0.406738 -0.693947 0 0 0 1 
0.998731 0.0503585 -0.000793317 0.000954684 -0.0197588 0.406256 0.913545 0.21011 -0.0463271 0.91237 -0.406736 -0.693999 0 0 0 1 
0.993895 0.110293 -0.00295217 -0.000108818 -0.0421788 0.404544 0.913545 0.732293 -0.101952 0.907843 -0.406726 -0.694196 0 0 0 1 
0.985633 0.168788 -0.00613257 -0.00309288 -0.0631248 0.401809 0.913545 1.22278 -0.156659 0.900034 -0.406691 -0.694503 0 0 0 1 
0.976539 0.215108 -0.00999312 -0.00788893 -0.0785588 0.399078 0.913545 1.58665 -0.200499 0.891328 -0.406614 -0.694779 0 0 0 1 
0.970923 0.238971 -0.0141936 -0.0143694 -0.0845669 0.397849 0.913545 1.72903 -0.223958 0.885782 -0.406489 -0.694816 0 0 0 1 
0.972188 0.233477 -0.0183919 -0.0222418 -0.0785587 0.399078 0.913545 1.52334 -0.220632 0.886693 -0.406321 -0.694468 0 0 0 1 
0.978649 0.204332 -0.0222485 -0.0306197 -0.0631249 0.401809 0.913545 1.03286 -0.195606 0.892636 -0.406128 -0.693835 0 0 0 1 
0.986742 0.160291 -0.0254237 -0.0384705 -0.0421783 0.404544 0.913545 0.447421 -0.156718 0.900362 -0.405942 -0.69313 0 0 0 1 
0.993512 0.110331 -0.0275774 -0.0447511 -0.0197577 0.406257 0.913545 -0.0431105 -0.111996 0.907074 -0.405801 -0.692556 0 0 0 1 
0.997564 0.0637269 -0.0283697 -0.0484037 -3.21277e-06 0.406738 0.913545 -0.248829 -0.0697564 0.911319 -0.405747 -0.692257 0 0 0 1 
0.999482 0.0151991 -0.0283711 -0.0507144 0.0197538 0.406257 0.913545 -0.0431107 -0.025411 0.913633 -0.405746 -0.692144 0 0 0 1 
0.998795 -0.0400587 -0.028371 -0.0533421 0.0421745 0.404544 0.913545 0.447422 0.0251181 0.913641 -0.405746 -0.692144 0 0 0 1 
0.995368 -0.0918597 -0.0283709 -0.0558054 0.0631205 0.401809 0.913545 1.03286 0.0725183 0.911104 -0.405746 -0.692264 0 0 0 1 
0.99109 -0.13014 -0.0283709 -0.0576261 0.0785543 0.399079 0.913546 1.52334 0.107567 0.907634 -0.405746 -0.69243 0 0 0 1 
0.989015 -0.14507 -0.0283707 -0.0583357 0.0845628 0.397849 0.913545 1.72903 0.121241 0.905909 -0.405746 -0.692512 0 0 0 1 
0.99109 -0.13014 -0.0283709 -0.0576259 0.0785543 0.399079 0.913546 1.58665 0.107567 0.907634 -0.405746 -0.692429 0 0 0 1 
0.995368 -0.0918595 -0.0283708 -0.0558053 0.0631203 0.401809 0.913546 1.22278 0.0725182 0.911105 -0.405746 -0.692265 0 0 0 1 
0.998795 -0.0400591 -0.028371 -0.0533422 0.0421747 0.404544 0.913546 0.732293 0.0251184 0.913641 -0.405746 -0.692144 0 0 0 1 
0.999482 0.0151958 -0.0283719 -0.0507158 0.0197558 0.406257 0.913546 0.210109 -0.0254083 0.913633 -0.405746 -0.692144 0 0 0 1 
0.997564 0.0637269 -0.0283697 -0.0484037 -3.21277e-06 0.406738 0.913545 -0.248829 -0.0697564 0.911319 -0.405747 -0.692257 0 0 0 1 
1 1.60975e-06 2.41749e-06 3.49792e-06 -2.86323e-06 0.406738 0.913545 -0.248829 -4.87295e-07 0.913545 -0.406738 -0.693947 0 0 0 1 
0.995935 0.0893718 -0.0112473 0.00515006 -0.026056 0.405361 0.913786 0.210014 -0.0862258 0.909778 -0.406041 -0.694278 0 0 0 1 
0.980896 0.192909 -0.0250897 0.00877577 -0.0553628 0.400463 0.914639 0.731855 -0.18649 0.895777 -0.403493 -0.695495 0 0 0 1 
0.956019 0.290728 -0.0388069 0.0100206 -0.082233 0.39268 0.915991 1.2218 -0.281543 0.872513 -0.399317 -0.697463 0 0 0 1 
0.929835 0.364559 -0.050039 0.00818309 -0.101564 0.384958 0.917329 1.58513 -0.353683 0.847882 -0.394973 -0.699451 0 0 0 1 
0.915452 0.398385 -0.0569088 0.00277406 -0.108956 0.381495 0.917927 1.72727 -0.387398 0.834117 -0.392646 -0.700372 0 0 0 1 
0.922329 0.381999 -0.0581887 -0.00626974 -0.101564 0.384958 0.917329 1.52183 -0.372819 0.840169 -0.393855 -0.699471 0 0 0 1 
0.944107 0.325085 -0.0546049 -0.0176338 -0.0822331 0.39268 0.915991 1.03188 -0.319217 0.860303 -0.397465 -0.697312 0 0 0 1 
0.969092 0.242115 -0.0473487 -0.0296712 -0.0553623 0.400464 0.914639 0.446983 -0.240409 0.883748 -0.40149 -0.694918 0 0 0 1 
0.988095 0.149089 -0.037963 -0.0405832 -0.0260549 0.405361 0.913785 -0.0432057 -0.151624 0.901918 -0.404419 -0.693111 0 0 0 1 
0.997564 0.0637273 -0.0283702 -0.0484038 -2.86323e-06 0.406738 0.913545 -0.248829 -0.069757 0.911319 -0.405747 -0.692257 0 0 0 1 
0.999554 -0.023899 -0.0178953 -0.0549192 0.0260518 0.405361 0.913786 -0.0432058 0.0145845 0.913844 -0.405803 -0.692122 0 0 0 1 
0.992344 -0.123358 -0.00605131 -0.0623005 0.0553592 0.400464 0.914639 0.446984 0.110405 0.907971 -0.404227 -0.692754 0 0 0 1 
0.976449 -0.215694 0.00480994 -0.069123 0.0822295 0.392681 0.915991 1.03188 0.199462 0.894024 -0.401169 -0.694101 0 0 0 1 
0.959031 -0.28302 0.0125927 -0.0740674 0.10156 0.384958 0.917329 1.52183 0.264471 0.878468 -0.397931 -0.695566 0 0 0 1 
0.950932 -0.30901 0.0155563 -0.0759663 0.108952 0.381495 0.917927 1.72727 0.289583 0.871192 -0.396443 -0.696245 0 0 0 1 
0.959031 -0.28302 0.0125927 -0.0740672 0.10156 0.384959 0.917329 1.58513 0.264471 0.878468 -0.397931 -0.695566 0 0 0 1 
0.976449 -0.215694 0.00481002 -0.0691229 0.0822293 0.392681 0.915991 1.22179 0.199462 0.894024 -0.401169 -0.694101 0 0 0 1 
0.992344 -0.123359 -0.00605139 -0.0623006 0.0553594 0.400464 0.914639 0.731855 0.110405 0.907971 -0.404227 -0.692753 0 0 0 1 
0.999554 -0.0239022 -0.017896 -0.0549206 0.0260538 0.405361 0.913786 0.210013 0.0145872 0.913844 -0.405803 -0.692121 0 0 0 1 
0.997564 0.0637273 -0.0283702 -0.0484038 -2.86323e-06 0.406738 0.913545 -0.248829 -0.069757 0.911319 -0.405747 -0.692257 0 0 0 1 
1 1.0788e-06 3.42969e-06 3.17459e-06 -3.5347e-06 0.469472 0.882947 -0.224297 6.57627e-07 0.882947 -0.469472 -0.528676 0 0 0 1 
0.995935 0.0886399 -0.0160196 0.0165716 -0.0260567 0.453748 0.890749 0.22765 -0.0862247 0.886711 -0.454213 -0.56768 0 0 0 1 
0.980896 0.191907 -0.0318594 0.0249516 -0.0553634 0.432391 0.899985 0.742244 -0.186489 0.881028 -0.434755 -0.613497 0 0 0 1 
0.956019 0.289987 -0.0439954 0.0223984 -0.0822336 0.408987 0.908827 1.22637 -0.281542 0.865238 -0.414846 -0.656769 0 0 0 1 
0.929835 0.364302 -0.0518699 0.0125486 -0.101565 0.389564 0.915382 1.58625 -0.353682 0.845887 -0.39923 -0.688295 0 0 0 1 
0.915452 0.398384 -0.0569078 0.00277379 -0.108956 0.381495 0.917927 1.72727 -0.387397 0.834118 -0.392646 -0.700373 0 0 0 1 
0.92233 0.381566 -0.0609597 0.000368625 -0.101564 0.391608 0.91451 1.52346 -0.372818 0.837288 -0.399945 -0.683493 0 0 0 1 
0.944107 0.323645 -0.0625753 0.00159834 -0.0822337 0.415069 0.906066 1.03836 -0.319216 0.850278 -0.418484 -0.642102 0 0 0 1 
0.969092 0.239725 -0.0582484 -0.003068 -0.0553629 0.441417 0.895593 0.460878 -0.240408 0.864687 -0.441045 -0.590878 0 0 0 1 
0.988095 0.146423 -0.0472074 -0.0175588 -0.0260556 0.46169 0.886659 -0.0219691 -0.151623 0.874873 -0.460009 -0.546713 0 0 0 1 
0.997564 0.0615924 -0.0327453 -0.0368754 -3.5347e-06 0.469472 0.882947 -0.224297 -0.0697558 0.880796 -0.468329 -0.527388 0 0 0 1 
0.999554 -0.0249716 -0.0163652 -0.0576352 0.0260511 0.46169 0.886659 -0.0219698 0.0145856 0.88669 -0.462135 -0.543949 0 0 0 1 
0.992344 -0.123507 -0.000465423 -0.0749405 0.0553585 0.441417 0.895593 0.46088 0.110406 0.888762 -0.444874 -0.586114 0 0 0 1 
0.976449 -0.215511 0.0101094 -0.081348 0.0822288 0.415069 0.906066 1.03836 0.199463 0.883896 -0.423015 -0.636929 0 0 0 1 
0.959031 -0.282922 0.0146479 -0.0788275 0.10156 0.391608 0.91451 1.52346 0.264471 0.875556 -0.404298 -0.678931 0 0 0 1 
0.950932 -0.30901 0.0155571 -0.0759663 0.108952 0.381495 0.917928 1.72727 0.289584 0.871192 -0.396443 -0.696247 0 0 0 1 
0.959031 -0.282954 0.0140159 -0.0773615 0.10156 0.389564 0.915383 1.58625 0.264471 0.876457 -0.402341 -0.684048 0 0 0 1 
0.976449 -0.215574 0.00866485 -0.0780056 0.0822287 0.408987 0.908828 1.22637 0.199463 0.886712 -0.417082 -0.652504 0 0 0 1 
0.992344 -0.123496 -0.00170711 -0.0721147 0.0553587 0.432391 0.899985 0.742243 0.110406 0.893189 -0.435917 -0.609753 0 0 0 1 
0.999554 -0.0248276 -0.0165883 -0.0572354 0.0260531 0.453748 0.890749 0.227648 0.0145883 0.890784 -0.454193 -0.56503 0 0 0 1 
0.997564 0.0615924 -0.0327453 -0.0368754 -3.5347e-06 0.469472 0.882947 -0.224296 -0.0697558 0.880796 -0.468329 -0.527388 0 0 0 1 
0.970748 -0.127893 0.203203 -0.306808 -0.142542 0.374059 0.916385 -0.170662 0.193209 0.918544 -0.344887 -0.904589 0 0 0 1 
0.981859 -0.00688151 0.189486 -0.315898 -0.173064 0.375765 0.910412 0.300558 0.0774672 0.92669 -0.367758 -0.851718 0 0 0 1 
0.976433 0.133689 0.169428 -0.318828 -0.207914 0.372149 0.904587 0.836783 -0.0578802 0.918495 -0.391174 -0.790478 0 0 0 1 
0.952777 0.265901 0.14667 -0.313896 -0.239996 0.363417 0.900183 1.34005 -0.186057 0.892875 -0.410071 -0.733344 0 0 0 1 
0.922668 0.364158 0.126784 -0.306672 -0.262939 0.353689 0.897646 1.71289 -0.282042 0.861565 -0.422088 -0.691497 0 0 0 1 
0.905966 0.407181 0.115888 -0.306862 -0.271643 0.349151 0.89683 1.85862 -0.324709 0.843978 -0.426927 -0.673659 0 0 0 1 
0.917022 0.380875 0.11834 -0.321281 -0.262786 0.353799 0.897647 1.64947 -0.300023 0.854261 -0.42453 -0.685826 0 0 0 1 
0.945517 0.297972 0.131187 -0.343666 -0.239509 0.363672 0.90021 1.14975 -0.220529 0.882585 -0.415225 -0.722853 0 0 0 1 
0.972451 0.179426 0.148812 -0.362972 -0.207146 0.372372 0.904671 0.551294 -0.106908 0.910574 -0.399281 -0.775583 0 0 0 1 
0.984886 0.0498116 0.165889 -0.371677 -0.172371 0.37581 0.910525 0.0467705 0.016988 0.925357 -0.378716 -0.83264 0 0 0 1 
0.981861 -0.0635071 0.178649 -0.369162 -0.142542 0.374059 0.916385 -0.170662 0.125022 0.925228 -0.358222 -0.880984 0 0 0 1 
0.967162 -0.170824 0.188193 -0.358719 -0.114454 0.368393 0.922598 0.0246708 0.226931 0.913841 -0.336744 -0.923659 0 0 0 1 
0.938061 -0.286212 0.195254 -0.340889 -0.0844271 0.357735 0.929999 0.504707 0.336026 0.88888 -0.311414 -0.967137 0 0 0 1 
0.899583 -0.38898 0.198605 -0.319153 -0.0581865 0.343942 0.937186 1.0815 0.432856 0.854633 -0.286771 -1.00422 0 0 0 1 
0.864554 -0.461426 0.199082 -0.300265 -0.0401185 0.331514 0.942597 1.56638 0.500937 0.822912 -0.2681 -1.02941 0 0 0 1 
0.849452 -0.488784 0.1988 -0.292308 -0.033408 0.32618 0.944717 1.77008 0.526607 0.809134 -0.260745 -1.03868 0 0 0 1 
0.865097 -0.460462 0.198952 -0.300641 -0.0402357 0.331651 0.942544 1.62979 0.499988 0.823397 -0.268384 -1.02859 0 0 0 1 
0.900979 -0.385973 0.198146 -0.320078 -0.0585838 0.344291 0.937033 1.27177 0.42989 0.855855 -0.287587 -1.00168 0 0 0 1 
0.939651 -0.281519 0.194433 -0.341847 -0.0850973 0.358126 0.929787 0.790161 0.331384 0.890221 -0.312557 -0.963202 0 0 0 1 
0.968074 -0.166537 0.187345 -0.359148 -0.115101 0.368606 0.922432 0.27844 0.222676 0.914547 -0.337669 -0.92009 0 0 0 1 
0.981861 -0.0635071 0.178649 -0.369161 -0.142542 0.374059 0.916385 -0.170661 0.125022 0.925228 -0.358222 -0.880983 0 0 0 1 
1 -1.37836e-07 1.89734e-06 -0.117551 -1.55391e-06 0.406738 0.913545 -0.442135 8.54023e-07 0.913545 -0.406738 -0.457186 0 0 0 1 
0.984311 0.17642 0.00273104 -0.131175 -0.0245035 0.121353 0.992307 0.0365764 -0.174732 0.976806 -0.123772 -0.788571 0 0 0 1 
0.92962 0.362001 0.0690097 -0.198366 0.0108166 -0.213984 0.976777 0.629577 -0.368361 0.907286 0.20284 -1.12028 0 0 0 1 
0.848284 0.495732 0.186187 -0.301353 0.100598 -0.496057 0.862443 1.21765 -0.519899 0.712866 0.470666 -1.36872 0 0 0 1 
0.773965 0.557477 0.30033 -0.398144 0.195744 -0.661682 0.723783 1.66178 -0.602214 0.501395 0.621242 -1.5059 0 0 0 1 
0.739252 0.573317 0.353292 -0.448433 0.237944 -0.713148 0.659396 1.83528 -0.629992 0.403396 0.663613 -1.54552 0 0 0 1 
0.764974 0.564914 0.309335 -0.428359 0.188892 -0.65595 0.730787 1.5976 -0.61574 0.500602 0.608492 -1.49604 0 0 0 1 
0.837072 0.510975 0.195485 -0.352879 0.0830506 -0.471857 0.877755 1.02473 -0.540752 0.718509 0.437415 -1.34856 0 0 0 1 
0.919741 0.385735 0.0727038 -0.257367 -0.00713228 -0.168766 0.98563 0.341818 -0.392462 0.907043 0.15247 -1.0906 0 0 0 1 
0.976889 0.213702 -0.00450841 -0.182818 -0.0312202 0.163518 0.986046 -0.215626 -0.211457 0.963117 -0.166411 -0.758356 0 0 0 1 
0.997564 0.0637255 -0.0283708 -0.149156 -1.58371e-06 0.406738 0.913545 -0.442135 -0.0697556 0.91132 -0.405747 -0.447872 0 0 0 1 
0.998261 -0.0484287 -0.033602 -0.14184 0.0550713 0.563049 0.824586 -0.2345 0.0210141 0.825003 -0.564737 -0.158613 0 0 0 1 
0.988302 -0.149112 -0.0319984 -0.158053 0.12616 0.681482 0.720878 0.273214 0.0856854 0.716483 -0.692322 0.153015 0 0 0 1 
0.972935 -0.229671 -0.0254851 -0.194465 0.195243 0.758042 0.622297 0.886168 0.123604 0.61043 -0.782366 0.433444 0 0 0 1 
0.959002 -0.282783 -0.0186931 -0.233373 0.246084 0.7982 0.549836 1.40256 0.140563 0.531894 -0.835064 0.633217 0 0 0 1 
0.953173 -0.302003 -0.015997 -0.25094 0.265541 0.810431 0.522196 1.61919 0.14474 0.501992 -0.852675 0.709077 0 0 0 1 
0.960477 -0.277293 -0.0243417 -0.229395 0.243174 0.793298 0.558161 1.46093 0.135464 0.542021 -0.829375 0.627604 0 0 0 1 
0.976436 -0.211965 -0.0405562 -0.184596 0.187487 0.740105 0.645828 1.06328 0.106877 0.638213 -0.762405 0.415941 0 0 0 1 
0.991428 -0.120527 -0.0504418 -0.147323 0.117094 0.648348 0.752286 0.543173 0.0579671 0.751743 -0.656903 0.12616 0 0 0 1 
0.998724 -0.0217384 -0.0455955 -0.136024 0.0501945 0.528238 0.847612 0.0097369 -0.00565955 0.848819 -0.528654 -0.182175 0 0 0 1 
0.997564 0.0637255 -0.0283709 -0.149155 -1.61584e-06 0.406738 0.913545 -0.442133 -0.0697556 0.91132 -0.405747 -0.447872 0 0 0 1 
1 -1.19209e-07 1.81794e-06 -0.117551 -1.50502e-06 0.406738 0.913545 -0.442135 8.19564e-07 0.913545 -0.406738 -0.457186 0 0 0 1 
0.964638 0.258469 0.0516381 -0.113053 -0.0439794 -0.0353295 0.998408 0.227394 -0.259882 0.965373 0.0227132 -0.443768 0 0 0 1 
0.843954 0.480022 0.23942 0.0544081 0.0491736 -0.513685 0.856569 0.695778 -0.534158 0.711131 0.457131 -0.322556 0 0 0 1 
0.679139 0.546324 0.490205 0.330303 0.253005 -0.801152 0.54235 0.837072 -0.689028 0.244307 0.682316 -0.359881 0 0 0 1 
0.54933 0.486352 0.679484 0.541243 0.444005 -0.858761 0.255715 0.823915 -0.707881 -0.161222 0.687686 -0.606837 0 0 0 1 
0.497965 0.435878 0.749694 0.604944 0.520586 -0.841654 0.143558 0.811719 -0.693556 -0.318794 0.646027 -0.769549 0 0 0 1 
0.542468 0.488063 0.683757 0.506775 0.430991 -0.860332 0.272169 0.7894 -0.721094 -0.14705 0.677053 -0.609088 0 0 0 1 
0.676017 0.555391 0.484295 0.251298 0.217228 -0.778214 0.589233 0.717106 -0.70414 0.293128 0.646732 -0.39379 0 0 0 1 
0.844411 0.487447 0.222183 -0.0335931 0.0147736 -0.435789 0.899928 0.449284 -0.535492 0.756627 0.375186 -0.416075 0 0 0 1 
0.96111 0.274094 0.0337534 -0.164351 -0.0493521 0.0502133 0.997519 -0.06164 -0.271719 0.960391 -0.0617876 -0.518234 0 0 0 1 
0.997564 0.0637256 -0.0283708 -0.149156 -1.50874e-06 0.406738 0.913545 -0.442135 -0.0697557 0.91132 -0.405747 -0.447872 0 0 0 1 
0.996619 -0.0741857 -0.0353187 -0.116633 0.0727041 0.595993 0.799691 -0.32812 0.038276 0.799555 -0.599372 -0.208335 0 0 0 1 
0.983678 -0.177587 -0.028997 -0.119086 0.148674 0.711358 0.686925 0.162536 0.101362 0.680024 -0.72615 0.117559 0 0 0 1 
0.968496 -0.248142 -0.0210279 -0.163501 0.211213 0.773755 0.597237 0.811639 0.131929 0.582863 -0.801789 0.42058 0 0 0 1 
0.957243 -0.288803 -0.0166962 -0.222047 0.251547 0.802477 0.541069 1.37787 0.142864 0.522134 -0.840813 0.631217 0 0 0 1 
0.953173 -0.302003 -0.015997 -0.25094 0.265541 0.810431 0.522196 1.61919 0.14474 0.501992 -0.852675 0.709077 0 0 0 1 
0.960477 -0.277293 -0.0243419 -0.229395 0.243174 0.793298 0.558161 1.46093 0.135464 0.542021 -0.829375 0.627605 0 0 0 1 
0.976436 -0.211965 -0.0405564 -0.184596 0.187486 0.740105 0.645828 1.06329 0.106877 0.638214 -0.762405 0.415941 0 0 0 1 
0.991428 -0.120527 -0.050442 -0.147322 0.117094 0.648348 0.752286 0.543173 0.0579671 0.751743 -0.656903 0.12616 0 0 0 1 
0.998724 -0.0217385 -0.0455956 -0.136024 0.0501945 0.528238 0.847612 0.00973636 -0.00565954 0.848818 -0.528655 -0.182174 0 0 0 1 
0.997564 0.0637255 -0.0283709 -0.149155 -1.54972e-06 0.406738 0.913545 -0.442134 -0.0697556 0.91132 -0.405747 -0.447872 0 0 0 1 
1 -1.04308e-07 1.81794e-06 -0.117551 -1.43051e-06 0.406738 0.913545 -0.442135 8.49366e-07 0.913545 -0.406738 -0.457186 0 0 0 1 
0.964638 0.258469 0.051638 -0.113054 -0.0439794 -0.0353295 0.998408 0.227394 -0.259882 0.965373 0.0227132 -0.443767 0 0 0 1 
0.843953 0.480022 0.23942 0.0544083 0.0491738 -0.513685 0.856569 0.695777 -0.534158 0.711131 0.457131 -0.322555 0 0 0 1 
0.679139 0.546324 0.490205 0.330304 0.253005 -0.801152 0.54235 0.837072 -0.689028 0.244307 0.682316 -0.359881 0 0 0 1 
0.549331 0.486352 0.679484 0.541242 0.444005 -0.858761 0.255715 0.823915 -0.707881 -0.161222 0.687686 -0.606836 0 0 0 1 
0.497965 0.435878 0.749694 0.604944 0.520586 -0.841654 0.143558 0.811719 -0.693556 -0.318794 0.646027 -0.769549 0 0 0 1 
0.542468 0.488063 0.683757 0.506775 0.430991 -0.860332 0.272169 0.7894 -0.721094 -0.14705 0.677053 -0.609088 0 0 0 1 
0.676017 0.555391 0.484295 0.251298 0.217228 -0.778213 0.589233 0.717107 -0.70414 0.293128 0.646732 -0.39379 0 0 0 1 
0.844411 0.487447 0.222184 -0.0335933 0.0147736 -0.435789 0.899928 0.449284 -0.535492 0.756627 0.375186 -0.416074 0 0 0 1 
0.96111 0.274094 0.0337534 -0.164351 -0.0493522 0.0502133 0.997519 -0.0616391 -0.271719 0.960391 -0.0617876 -0.518234 0 0 0 1 
0.997564 0.0637255 -0.0283709 -0.149156 -1.37091e-06 0.406738 0.913545 -0.442135 -0.0697556 0.91132 -0.405747 -0.447872 0 0 0 1 
0.996619 -0.0741857 -0.0353188 -0.116633 0.0727042 0.595993 0.799691 -0.32812 0.038276 0.799555 -0.599372 -0.208335 0 0 0 1 
0.983678 -0.177587 -0.0289971 -0.119086 0.148674 0.711358 0.686925 0.162537 0.101362 0.680024 -0.72615 0.117559 0 0 0 1 
0.968496 -0.248142 -0.0210279 -0.1635 0.211214 0.773755 0.597237 0.811639 0.131929 0.582863 -0.801789 0.420579 0 0 0 1 
0.957243 -0.288803 -0.0166963 -0.222047 0.251547 0.802477 0.541069 1.37787 0.142864 0.522134 -0.840813 0.631216 0 0 0 1 
0.953173 -0.302003 -0.015997 -0.25094 0.265541 0.810431 0.522197 1.61919 0.14474 0.501992 -0.852675 0.709076 0 0 0 1 
0.960477 -0.277293 -0.0243419 -0.229395 0.243174 0.793298 0.558161 1.46093 0.135464 0.542021 -0.829375 0.627604 0 0 0 1 
0.976436 -0.211965 -0.0405564 -0.184597 0.187487 0.740105 0.645828 1.06329 0.106877 0.638213 -0.762405 0.415941 0 0 0 1 
0.991428 -0.120527 -0.0504419 -0.147323 0.117094 0.648348 0.752286 0.543173 0.0579671 0.751743 -0.656903 0.126161 0 0 0 1 
0.998724 -0.0217385 -0.0455957 -0.136023 0.0501948 0.528238 0.847612 0.00973558 -0.00565955 0.848818 -0.528655 -0.182174 0 0 0 1 
0.997564 0.0637255 -0.028371 -0.149156 -1.43051e-06 0.406738 0.913545 -0.442133 -0.0697556 0.91132 -0.405747 -0.447872 0 0 0 1 
0.970749 0.127893 -0.203199 0.306816 0.142539 0.37406 0.916385 -0.170662 -0.193207 0.918544 -0.344888 -0.904587 0 0 0 1 
0.949615 0.231687 -0.211076 0.292248 0.115101 0.368607 0.922432 0.278442 -0.291519 0.90025 -0.323367 -0.943474 0 0 0 1 
0.911345 0.349229 -0.217921 0.266668 0.0850965 0.358127 0.929787 0.790161 -0.402752 0.865901 -0.296659 -0.986666 0 0 0 1 
0.861282 0.457154 -0.221818 0.233991 0.0585826 0.344292 0.937033 1.27177 -0.504739 0.820045 -0.269751 -1.02522 0 0 0 1 
0.814123 0.536017 -0.22336 0.202362 0.0402347 0.331652 0.942544 1.6298 -0.579297 0.776333 -0.248439 -1.05235 0 0 0 1 
0.789754 0.570684 -0.224966 0.182138 0.0334071 0.326181 0.944717 1.77008 -0.612514 0.753609 -0.238538 -1.06354 0 0 0 1 
0.801332 0.552844 -0.228542 0.180109 0.0401174 0.331515 0.942597 1.56639 -0.596874 0.764501 -0.243475 -1.05708 0 0 0 1 
0.838845 0.492133 -0.23269 0.191936 0.0581855 0.343942 0.937186 1.0815 -0.541252 0.799693 -0.259879 -1.03609 0 0 0 1 
0.885508 0.40102 -0.234645 0.210269 0.0844267 0.357736 0.929998 0.504707 -0.456889 0.843332 -0.282921 -1.00367 0 0 0 1 
0.926868 0.29462 -0.232625 0.228567 0.114454 0.368394 0.922598 0.0246714 -0.357513 0.881751 -0.307732 -0.96415 0 0 0 1 
0.954907 0.191655 -0.226762 0.242968 0.142539 0.37406 0.916385 -0.170662 -0.260453 0.907385 -0.329874 -0.923786 0 0 0 1 
0.973236 0.077652 -0.216292 0.253894 0.17237 0.37581 0.910525 0.0467694 -0.151989 0.923438 -0.352367 -0.875767 0 0 0 1 
0.978054 -0.0576814 -0.200206 0.257439 0.207145 0.372372 0.904671 0.551295 -0.0223685 0.926289 -0.376149 -0.816701 0 0 0 1 
0.965589 -0.186027 -0.18175 0.251211 0.239508 0.363672 0.90021 1.14975 0.101366 0.912763 -0.395712 -0.759944 0 0 0 1 
0.945402 -0.28029 -0.166292 0.240428 0.262785 0.353799 0.897647 1.64947 0.192768 0.892336 -0.408138 -0.718174 0 0 0 1 
0.934944 -0.31673 -0.159878 0.234765 0.271642 0.349152 0.89683 1.85862 0.228231 0.881916 -0.412475 -0.702043 0 0 0 1 
0.945143 -0.281335 -0.166 0.240136 0.262938 0.353689 0.897646 1.71289 0.193826 0.892051 -0.40826 -0.71732 0 0 0 1 
0.965123 -0.189233 -0.180912 0.250584 0.239995 0.363418 0.900183 1.34005 0.104598 0.912205 -0.396158 -0.757318 0 0 0 1 
0.977991 -0.0625681 -0.199045 0.257017 0.207914 0.372149 0.904587 0.836783 -0.0174762 0.926062 -0.376967 -0.812679 0 0 0 1 
0.973777 0.0733124 -0.215369 0.254012 0.173064 0.375766 0.910412 0.300556 -0.147673 0.92381 -0.353224 -0.872176 0 0 0 1 
0.954907 0.191655 -0.226762 0.242968 0.142539 0.37406 0.916385 -0.170662 -0.260453 0.907385 -0.329874 -0.923785 0 0 0 1 
1 -2.12342e-07 1.81352e-06 0.117556 -1.4063e-06 0.406738 0.913545 -0.442134 8.75443e-07 0.913545 -0.406738 -0.457184 0 0 0 1 
0.996558 0.0825472 0.007571 0.12261 -0.0501945 0.528238 0.847611 0.00973821 -0.0659687 0.845074 -0.530563 -0.191459 0 0 0 1 
0.984021 0.178054 -0.00028727 0.1566 -0.117096 0.648348 0.752286 0.543172 -0.134134 0.740231 -0.658837 0.114441 0 0 0 1 
0.963856 0.265319 -0.0242347 0.2192 -0.187488 0.740104 0.645828 1.06329 -0.189286 0.617942 -0.763098 0.39879 0 0 0 1 
0.943434 0.327145 -0.0539324 0.287525 -0.243176 0.793298 0.558161 1.46093 -0.225384 0.513474 -0.827978 0.60319 0 0 0 1 
0.932822 0.352821 -0.0732172 0.323682 -0.265542 0.810431 0.522196 1.61919 -0.24358 0.467674 -0.849677 0.678964 0 0 0 1 
0.936526 0.341974 -0.0772915 0.304521 -0.246086 0.7982 0.549836 1.40256 -0.249724 0.495915 -0.831689 0.602242 0 0 0 1 
0.950044 0.303722 -0.071898 0.246802 -0.195245 0.758041 0.622297 0.886167 -0.243507 0.577172 -0.779472 0.405929 0 0 0 1 
0.968349 0.242368 -0.0596511 0.176864 -0.126161 0.681482 0.720878 0.273216 -0.215369 0.690536 -0.69049 0.130816 0 0 0 1 
0.985932 0.161191 -0.0442169 0.11873 -0.0550724 0.563049 0.824586 -0.234498 -0.157812 0.810551 -0.564005 -0.176579 0 0 0 1 
0.997564 0.0637255 -0.0283708 0.0853783 -1.4063e-06 0.406738 0.913545 -0.442134 -0.0697556 0.91132 -0.405747 -0.464271 0 0 0 1 
0.996665 -0.0795054 -0.0183718 0.0770158 0.0312201 0.163518 0.986046 -0.215626 0.0753918 0.983332 -0.165455 -0.776268 0 0 0 1 
0.963491 -0.262651 -0.051946 0.111183 0.00713298 -0.168767 0.98563 0.341818 0.267644 0.950017 0.160732 -1.11502 0 0 0 1 
0.897763 -0.417761 -0.139634 0.182626 -0.0830498 -0.471857 0.877754 1.02473 0.432579 0.776419 0.458311 -1.38195 0 0 0 1 
0.830602 -0.50371 -0.237438 0.253789 -0.18889 -0.655951 0.730787 1.5976 0.523852 0.562143 0.63998 -1.53532 0 0 0 1 
0.801054 -0.528008 -0.281992 0.284429 -0.237942 -0.713149 0.659396 1.83527 0.549268 0.461114 0.696906 -1.58393 0 0 0 1 
0.827279 -0.507738 -0.240443 0.254446 -0.195742 -0.661683 0.723782 1.66177 0.526588 0.551704 0.646782 -1.53672 0 0 0 1 
0.889313 -0.433499 -0.145607 0.184213 -0.100597 -0.496057 0.862443 1.21765 0.446098 0.752334 0.484759 -1.38934 0 0 0 1 
0.955224 -0.291065 -0.0531871 0.111519 -0.0108159 -0.213985 0.976777 0.629576 0.295687 0.932465 0.207551 -1.13223 0 0 0 1 
0.994307 -0.105923 -0.0116002 0.0742928 0.0245046 0.121353 0.992307 0.0365735 0.103701 0.986942 -0.123257 -0.795946 0 0 0 1 
0.997564 0.0637254 -0.0283709 0.0853784 -1.46776e-06 0.406738 0.913545 -0.442134 -0.0697555 0.91132 -0.405748 -0.46427 0 0 0 1 
1 -2.5332e-07 1.85519e-06 0.117556 -1.48267e-06 0.406738 0.913545 -0.442134 9.08971e-07 0.913545 -0.406738 -0.457184 0 0 0 1 
0.996558 0.0825472 0.00757105 0.12261 -0.0501946 0.528238 0.847611 0.00973791 -0.0659686 0.845074 -0.530563 -0.191458 0 0 0 1 
0.984021 0.178054 -0.000287151 0.156599 -0.117096 0.648347 0.752286 0.543172 -0.134133 0.740231 -0.658837 0.114441 0 0 0 1 
0.963856 0.265319 -0.0242347 0.2192 -0.187489 0.740104 0.645828 1.06329 -0.189286 0.617942 -0.763098 0.39879 0 0 0 1 
0.943434 0.327145 -0.0539323 0.287525 -0.243176 0.793298 0.558161 1.46093 -0.225384 0.513474 -0.827978 0.60319 0 0 0 1 
0.932822 0.352821 -0.0732172 0.323682 -0.265542 0.810431 0.522196 1.61919 -0.243579 0.467674 -0.849677 0.678964 0 0 0 1 
0.934514 0.346835 -0.0799354 0.293041 -0.251549 0.802477 0.541068 1.37787 -0.251807 0.485528 -0.837171 0.601555 0 0 0 1 
0.944605 0.318625 -0.0787336 0.214479 -0.211216 0.773754 0.597237 0.811638 -0.251215 0.547523 -0.798191 0.397011 0 0 0 1 
0.961696 0.265782 -0.0670906 0.133559 -0.148675 0.711358 0.686924 0.162537 -0.230297 0.650638 -0.723625 0.100813 0 0 0 1 
0.981937 0.183212 -0.0472695 0.0869386 -0.0727053 0.595993 0.799691 -0.328117 -0.174685 0.781809 -0.598548 -0.222372 0 0 0 1 
0.997564 0.0637254 -0.0283707 0.0853779 -1.48267e-06 0.406738 0.913545 -0.442134 -0.0697556 0.91132 -0.405747 -0.464271 0 0 0 1 
0.989307 -0.1397 -0.0419139 0.091676 0.0493523 0.0502133 0.997518 -0.06164 0.137249 0.98892 -0.0565707 -0.535884 0 0 0 1 
0.907698 -0.383324 -0.170725 -0.0216141 -0.0147721 -0.435789 0.899927 0.449284 0.419364 0.81434 0.401228 -0.416868 0 0 0 1 
0.758251 -0.514675 -0.400207 -0.298269 -0.217227 -0.778215 0.589232 0.717105 0.614709 0.35985 0.701883 -0.359522 0 0 0 1 
0.621662 -0.501715 -0.601515 -0.573346 -0.430989 -0.860334 0.272168 0.789398 0.654054 -0.0900495 0.751069 -0.546885 0 0 0 1 
0.567734 -0.46681 -0.67806 -0.682068 -0.520584 -0.841655 0.143557 0.811718 0.637707 -0.271485 0.72085 -0.702101 0 0 0 1 
0.613603 -0.499379 -0.611647 -0.596025 -0.444003 -0.858762 0.255714 0.823913 0.652957 -0.114666 0.748664 -0.553123 0 0 0 1 
0.735118 -0.523639 -0.430585 -0.359629 -0.253003 -0.801153 0.54235 0.837071 0.62896 0.289752 0.721424 -0.330578 0 0 0 1 
0.882578 -0.423839 -0.203512 -0.079082 -0.049172 -0.513686 0.856568 0.695778 0.467588 0.745981 0.474209 -0.317406 0 0 0 1 
0.98079 -0.188581 -0.0498779 0.0809419 0.0439808 -0.0353301 0.998407 0.227391 0.190043 0.981422 0.0263578 -0.450731 0 0 0 1 
0.997564 0.0637254 -0.0283708 0.0853777 -1.52364e-06 0.406738 0.913545 -0.442134 -0.0697555 0.91132 -0.405747 -0.46427 0 0 0 1 
1 -2.38419e-07 1.93715e-06 0.117556 -1.46031e-06 0.406738 0.913545 -0.442134 9.08971e-07 0.913545 -0.406738 -0.457184 0 0 0 1 
0.996558 0.0825472 0.00757107 0.12261 -0.0501946 0.528238 0.847611 0.00973797 -0.0659687 0.845074 -0.530563 -0.191459 0 0 0 1 
0.984021 0.178054 -0.000287235 0.1566 -0.117096 0.648347 0.752286 0.543172 -0.134133 0.740231 -0.658837 0.114442 0 0 0 1 
0.963856 0.265319 -0.0242347 0.2192 -0.187489 0.740104 0.645828 1.06328 -0.189286 0.617941 -0.763098 0.39879 0 0 0 1 
0.943434 0.327145 -0.0539323 0.287525 -0.243176 0.793298 0.558161 1.46093 -0.225384 0.513474 -0.827978 0.603191 0 0 0 1 
0.932822 0.352821 -0.0732172 0.323682 -0.265542 0.810431 0.522196 1.61919 -0.243579 0.467674 -0.849677 0.678964 0 0 0 1 
0.934514 0.346835 -0.0799354 0.29304 -0.251549 0.802477 0.541068 1.37787 -0.251807 0.485528 -0.837171 0.601555 0 0 0 1 
0.944605 0.318626 -0.0787335 0.214479 -0.211216 0.773754 0.597237 0.811638 -0.251215 0.547523 -0.798191 0.397012 0 0 0 1 
0.961696 0.265782 -0.0670905 0.133559 -0.148675 0.711358 0.686924 0.162538 -0.230297 0.650638 -0.723625 0.100813 0 0 0 1 
0.981937 0.183212 -0.0472695 0.0869383 -0.0727054 0.595993 0.799691 -0.328117 -0.174685 0.78181 -0.598548 -0.222372 0 0 0 1 
0.997564 0.0637254 -0.0283707 0.0853777 -1.46031e-06 0.406738 0.913545 -0.442134 -0.0697556 0.91132 -0.405747 -0.464271 0 0 0 1 
0.989307 -0.1397 -0.0419139 0.0916756 0.0493523 0.0502133 0.997518 -0.061641 0.137249 0.98892 -0.0565707 -0.535884 0 0 0 1 
0.907698 -0.383324 -0.170725 -0.0216134 -0.0147721 -0.435789 0.899927 0.449284 0.419364 0.81434 0.401228 -0.416868 0 0 0 1 
0.758251 -0.514674 -0.400207 -0.298268 -0.217227 -0.778214 0.589232 0.717106 0.614709 0.35985 0.701883 -0.359523 0 0 0 1 
0.621662 -0.501715 -0.601515 -0.573346 -0.430989 -0.860334 0.272168 0.789398 0.654054 -0.0900495 0.751069 -0.546886 0 0 0 1 
0.567734 -0.46681 -0.67806 -0.682067 -0.520584 -0.841655 0.143557 0.811719 0.637707 -0.271485 0.72085 -0.702102 0 0 0 1 
0.613603 -0.499379 -0.611647 -0.596024 -0.444002 -0.858762 0.255714 0.823913 0.652957 -0.114666 0.748664 -0.553123 0 0 0 1 
0.735118 -0.523639 -0.430585 -0.359629 -0.253003 -0.801153 0.54235 0.83707 0.62896 0.289752 0.721424 -0.330579 0 0 0 1 
0.882578 -0.423839 -0.203512 -0.0790819 -0.0491722 -0.513686 0.856568 0.695777 0.467588 0.745981 0.474209 -0.317406 0 0 0 1 
0.98079 -0.188581 -0.0498779 0.0809419 0.0439808 -0.0353301 0.998407 0.227391 0.190043 0.981422 0.0263578 -0.450731 0 0 0 1 
0.997564 0.0637254 -0.0283707 0.0853784 -1.51992e-06 0.406738 0.913545 -0.442134 -0.0697555 0.91132 -0.405747 -0.46427 0 0 0 1 
1 9.80134e-07 2.95034e-06 4.32359e-06 -3.10881e-06 0.309018 0.951056 -0.353039 -2.04547e-08 0.951056 -0.309018 -1.16254 0 0 0 1 
0.998722 0.0496139 0.00965548 -0.0478628 -0.022355 0.262254 0.96474 0.100521 -0.0453323 0.963723 -0.263028 -1.31987 0 0 0 1 
0.993855 0.108286 0.0229624 -0.112413 -0.0451422 0.207082 0.977282 0.628154 -0.10107 0.972313 -0.210698 -1.49579 0 0 0 1 
0.985538 0.165116 0.0381029 -0.183574 -0.0638641 0.153642 0.986061 1.13477 -0.15696 0.974234 -0.161965 -1.65698 0 0 0 1 
0.976375 0.209993 0.0509299 -0.246879 -0.0760124 0.113157 0.990665 1.51734 -0.20227 0.971133 -0.126446 -1.77292 0 0 0 1 
0.970708 0.233706 0.0557384 -0.284771 -0.080352 0.0971511 0.992021 1.66857 -0.226427 0.967442 -0.113084 -1.81562 0 0 0 1 
0.971982 0.230226 0.047404 -0.281489 -0.0766393 0.11975 0.989842 1.451 -0.22221 0.965741 -0.134039 -1.74548 0 0 0 1 
0.978543 0.203978 0.0291062 -0.243074 -0.0653579 0.173318 0.982695 0.938884 -0.195404 0.963511 -0.18293 -1.58245 0 0 0 1 
0.986769 0.161937 0.00797024 -0.186192 -0.0466171 0.236294 0.970563 0.340289 -0.155287 0.958093 -0.240717 -1.38846 0 0 0 1 
0.993582 0.112667 -0.0100473 -0.127656 -0.0229613 0.287867 0.957395 -0.150359 -0.110759 0.95102 -0.288606 -1.22634 0 0 0 1 
0.997564 0.0663433 -0.0215531 -0.0810903 -3.10881e-06 0.309018 0.951056 -0.353039 -0.0697565 0.948739 -0.308266 -1.15971 0 0 0 1 
0.999381 0.0189154 -0.029652 -0.0418462 0.0229578 0.287867 0.957395 -0.15036 -0.0266454 0.957484 -0.287255 -1.23225 0 0 0 1 
0.998632 -0.0340713 -0.039667 0.0013207 0.0466139 0.236294 0.970563 0.340292 0.0236953 0.971084 -0.237559 -1.40089 0 0 0 1 
0.995237 -0.082705 -0.0516017 0.044618 0.0653543 0.173318 0.982695 0.938885 0.0723302 0.981387 -0.177898 -1.60039 0 0 0 1 
0.991066 -0.117836 -0.0624751 0.0792558 0.0766361 0.119751 0.989842 1.451 0.109158 0.985786 -0.127711 -1.76625 0 0 0 1 
0.989059 -0.131298 -0.0672508 0.093431 0.0803491 0.0971514 0.992021 1.66857 0.123717 0.986571 -0.106638 -1.83544 0 0 0 1 
0.991094 -0.117527 -0.0626175 0.0786892 0.076009 0.113157 0.990665 1.51734 0.109345 0.986602 -0.121082 -1.78829 0 0 0 1 
0.995298 -0.08191 -0.051696 0.0424158 0.0638605 0.153642 0.986061 1.13477 0.0728256 0.984726 -0.15815 -1.66658 0 0 0 1 
0.998686 -0.0330942 -0.0391149 -0.00309166 0.0451387 0.207082 0.977282 0.628153 0.0242423 0.977764 -0.208304 -1.5 0 0 0 1 
0.999402 0.0196206 -0.0284892 -0.0469013 0.0223525 0.262254 0.96474 0.100519 -0.0264002 0.9648 -0.261658 -1.31991 0 0 0 1 
0.997564 0.0663433 -0.0215531 -0.0810902 -3.10881e-06 0.309018 0.951056 -0.35304 -0.0697565 0.948739 -0.308266 -1.15971 0 0 0 1 
1 -1.04308e-07 1.81049e-06 3.45707e-06 -1.62423e-06 0.406738 0.913545 -0.24883 8.04663e-07 0.913545 -0.406738 -0.693947 0 0 0 1 
0.999927 0.00242279 -0.0118155 -0.028338 0.00924149 0.475601 0.879612 0.159413 -0.00775054 0.879658 -0.475544 -0.688396 0 0 0 1 
0.999562 0.00651406 -0.0288755 -0.0799978 0.0203681 0.556486 0.830607 0.601534 -0.0214794 0.830831 -0.55611 -0.684699 0 0 0 1 
0.998854 0.0108924 -0.0466104 -0.14248 0.0295609 0.625504 0.77966 1.00756 -0.0376474 0.780145 -0.624465 -0.668289 0 0 0 1 
0.998087 0.0161672 -0.0596836 -0.193455 0.0339227 0.663835 0.747109 1.32141 -0.0516986 0.747704 -0.662016 -0.634542 0 0 0 1 
0.997785 0.0243308 -0.0619137 -0.205332 0.030884 0.654903 0.755082 1.49102 -0.0589192 0.755322 -0.6527 -0.581955 0 0 0 1 
0.998293 0.0360673 -0.0459443 -0.15569 0.016664 0.578028 0.815847 1.41694 -0.0559825 0.815219 -0.57644 -0.491651 0 0 0 1 
0.998844 0.0464304 -0.0124581 -0.058287 -0.00900919 0.435355 0.900214 1.10866 -0.0472209 0.899061 -0.43527 -0.344969 0 0 0 1 
0.998316 0.0489009 0.0311946 0.0557566 -0.0424568 0.249636 0.967409 0.675011 -0.0395198 0.967104 -0.251292 -0.149129 0 0 0 1 
0.996356 0.0410758 0.0747543 0.155814 -0.0770622 0.0578152 0.995349 0.258152 -0.0365629 0.997482 -0.0607699 0.059393 0 0 0 1 
0.993805 0.0269905 0.107809 0.220724 -0.104731 -0.0971291 0.989746 0.0536203 -0.0371852 0.994906 0.0937008 0.22619 0 0 0 1 
0.991093 0.0102301 0.132777 0.257988 -0.127007 -0.227185 0.965534 0.216578 -0.0400423 0.973798 0.223862 0.352988 0 0 0 1 
0.987944 -0.00905403 0.154546 0.273184 -0.147727 -0.353667 0.923632 0.625226 -0.0462953 0.935328 0.35074 0.462742 0 0 0 1 
0.985147 -0.0263501 0.16968 0.263206 -0.163061 -0.453277 0.876328 1.11431 -0.0538207 0.89098 0.450841 0.534643 0 0 0 1 
0.983646 -0.0360203 0.176474 0.23802 -0.170104 -0.507861 0.844477 1.53476 -0.0592061 0.860686 0.505683 0.552886 0 0 0 1 
0.984287 -0.0327244 0.17352 0.213596 -0.166362 -0.501269 0.849148 1.73701 -0.0591924 0.864672 0.498837 0.502868 0 0 0 1 
0.987535 -0.0130889 0.156854 0.194289 -0.14821 -0.41283 0.898668 1.67081 -0.0529916 0.910714 0.409625 0.357729 0 0 0 1 
0.992124 0.0160661 0.124227 0.164907 -0.116489 -0.246277 0.962174 1.40208 -0.0460526 0.969066 0.242466 0.119732 0 0 0 1 
0.996057 0.043266 0.0774532 0.111966 -0.0763304 -0.0270275 0.996716 0.946518 -0.0452173 0.998698 0.0236184 -0.172095 0 0 0 1 
0.997937 0.0598779 0.0231636 0.0357112 -0.0350187 0.205262 0.97808 0.358223 -0.0538107 0.976874 -0.206935 -0.460461 0 0 0 1 
0.997564 0.0637256 -0.0283708 -0.0484037 -1.62423e-06 0.406738 0.913545 -0.24883 -0.0697557 0.91132 -0.405747 -0.692257 0 0 0 1 
1 -5.96046e-08 1.79932e-06 3.33786e-06 -1.62423e-06 0.406738 0.913545 -0.24883 7.59959e-07 0.913545 -0.406738 -0.693947 0 0 0 1 
0.999711 0.00225124 -0.0239482 -0.0842998 0.019039 0.534406 0.845014 -0.0275369 -0.0147003 0.845225 -0.534208 -0.943476 0 0 0 1 
0.998687 0.00347768 -0.0511167 -0.18133 0.0363859 0.654256 0.755397 0.20902 -0.0360705 0.756265 -0.65327 -1.09908 0 0 0 1 
0.996773 0.00198805 -0.0802516 -0.293761 0.0508437 0.757986 0.650286 0.348842 -0.0621224 0.652268 -0.755438 -1.21425 0 0 0 1 
0.993982 -0.00284261 -0.109511 -0.414838 0.0617281 0.840386 0.538462 0.276191 -0.0905009 0.541981 -0.835503 -1.34095 0 0 0 1 
0.990533 -0.0103948 -0.13688 -0.535579 0.0689382 0.89994 0.430529 -0.121172 -0.118709 0.43589 -0.892137 -1.54051 0 0 0 1 
0.985706 -0.0250298 -0.166603 -0.68482 0.0743753 0.95197 0.297022 -1.15209 -0.151166 0.305167 -0.940224 -1.93661 0 0 0 1 
0.979232 -0.0490984 -0.196707 -0.865255 0.0763038 0.988146 0.133207 -2.68926 -0.187835 0.14545 -0.971371 -2.47347 0 0 0 1 
