a
25
16
20
0
0
-0.694658 -0.697972 -0.174024 -0.33681 -2.21212e-08 -0.241922 0.970296 -0.162801 0.71934 -0.674024 -0.168053 -0.418515 0 0 0 1 
-0.694155 -0.707003 -0.135262 -0.231556 0.00603183 -0.193615 0.981059 -0.473194 0.7198 -0.680191 -0.138664 -0.361634 0 0 0 1 
-0.693412 -0.714103 -0.0961033 -0.125537 0.0120223 -0.144824 0.989384 -0.788303 0.720441 -0.684896 -0.109008 -0.304238 0 0 0 1 
-0.692602 -0.718573 -0.0628925 -0.0358023 0.017024 -0.103451 0.994489 -1.05735 0.721119 -0.687715 -0.0838831 -0.255611 0 0 0 1 
-0.692602 -0.718573 -0.0628925 -0.0358023 0.017024 -0.103451 0.994489 -1.05735 0.721119 -0.687715 -0.0838831 -0.255611 0 0 0 1 
-0.692602 -0.660052 -0.290919 -0.418142 0.0170244 -0.41816 0.908214 0.675099 0.721119 -0.624078 -0.300856 -0.18361 0 0 0 1 
-0.692602 -0.660052 -0.290919 -0.418142 0.0170244 -0.41816 0.908214 0.675099 0.721119 -0.624078 -0.300856 -0.18361 0 0 0 1 
-0.699948 -0.632616 -0.331467 -0.49662 0.273233 -0.666001 0.694108 0.260715 0.659861 -0.395272 -0.639017 -0.838095 0 0 0 1 
-0.699948 -0.632616 -0.331467 -0.49662 0.273233 -0.666001 0.694108 0.260715 0.659861 -0.395272 -0.639017 -0.838095 0 0 0 1 
-0.879982 -0.462011 -0.110348 -0.0686614 0.19199 -0.558431 0.807028 -0.172203 0.434478 -0.688985 -0.580111 -0.724086 0 0 0 1 
-0.878447 -0.370957 -0.301201 -0.438043 0.167775 -0.82965 0.532478 -0.903975 0.447418 -0.417219 -0.79104 -1.13232 0 0 0 1 
-0.847413 -0.246268 -0.470365 -0.765446 0.178377 -0.96648 0.184654 -1.82739 0.500073 -0.0725761 -0.862937 -1.27147 0 0 0 1 
-0.838592 -0.184663 -0.512507 -0.847008 0.181045 -0.981792 0.0575167 -2.59336 0.513796 0.0445536 -0.856755 -1.25951 0 0 0 1 
-0.832595 -0.151756 -0.532688 -0.886066 0.182714 -0.983151 -0.00549529 -3.31076 0.522878 0.101905 -0.846294 -1.23926 0 0 0 1 
-0.827728 -0.13126 -0.545561 -0.910981 0.183729 -0.982059 -0.0424742 -4.00798 0.530198 0.135393 -0.836994 -1.22126 0 0 0 1 
-0.822128 -0.10332 -0.559848 -0.938634 0.185805 -0.97824 -0.0923176 -4.715 0.538128 0.17992 -0.823436 -1.19502 0 0 0 1 
-0.829015 -0.543285 -0.132576 -0.25659 0.00362744 -0.242289 0.970197 -0.162991 0.559215 -0.803827 -0.202832 -0.485827 0 0 0 1 
-0.626418 -0.777483 -0.0558577 -0.0778765 0.0841363 -0.138681 0.986757 -0.462166 0.774933 -0.613423 -0.152287 -0.388001 0 0 0 1 
-0.36106 -0.932168 0.0264373 0.11163 0.115154 -0.0164344 0.993212 -0.780896 0.925406 -0.361654 -0.113277 -0.3125 0 0 0 1 
-0.109869 -0.989243 0.0965737 0.272832 0.100945 0.085554 0.991207 -1.0637 0.988807 -0.118652 -0.0904599 -0.26834 0 0 0 1 
-0.109869 -0.989243 0.0965737 0.272832 0.100945 0.085554 0.991207 -1.0637 0.988807 -0.118652 -0.0904599 -0.26834 0 0 0 1 
-0.916909 -0.393902 -0.0641742 0.0207041 -0.0810043 0.0262312 0.996369 0.845715 0.390788 -0.918778 0.0559594 0.506977 0 0 0 1 
-0.916909 -0.393902 -0.0641742 0.0207041 -0.0810043 0.0262312 0.996369 0.845715 0.390788 -0.918778 0.0559594 0.506977 0 0 0 1 
-0.915857 -0.3853 -0.112916 -0.0736318 0.0394155 -0.366154 0.929719 0.716721 0.399565 -0.847039 -0.350531 -0.279753 0 0 0 1 
-0.937251 -0.282151 -0.204823 -0.251511 0.0184434 -0.626763 0.778992 0.425 0.348169 -0.726333 -0.592638 -0.748331 0 0 0 1 
-0.999733 0.0231091 -0.000592411 0.143762 -0.0163894 -0.69049 0.723156 -0.33453 -0.0163024 -0.722973 -0.690684 -0.938092 0 0 0 1 
-0.973552 0.147105 -0.174808 -0.193418 -0.20185 -0.912235 0.35649 -1.24459 0.107024 -0.382346 -0.9178 -1.37766 0 0 0 1 
-0.902282 0.294042 -0.31532 -0.465368 -0.289345 -0.955166 -0.0627551 -2.30623 0.319635 -0.0346134 -0.946908 -1.43399 0 0 0 1 
-0.869317 0.360512 -0.338112 -0.50948 -0.295853 -0.927544 -0.228328 -3.14659 0.395928 0.0984577 -0.912988 -1.36834 0 0 0 1 
-0.851466 0.393317 -0.346855 -0.526402 -0.287045 -0.903092 -0.31942 -3.91834 0.438876 0.172412 -0.881852 -1.30808 0 0 0 1 
-0.840128 0.414343 -0.350007 -0.532502 -0.274722 -0.881479 -0.384087 -4.66915 0.467668 0.226527 -0.854384 -1.25492 0 0 0 1 
-0.824918 0.447569 -0.345242 -0.52328 -0.26302 -0.844556 -0.466418 -5.43904 0.50033 0.293951 -0.814409 -1.17755 0 0 0 1 
-0.694658 -0.719231 0.012553 -0.0940735 -2.93169e-06 0.0174535 0.999848 -0.111858 0.719341 -0.694552 0.0121263 -0.184103 0 0 0 1 
-0.64906 -0.751311 0.119386 0.099012 0.0214586 0.138791 0.990089 -0.445588 0.760434 -0.645189 0.0739615 -0.0821944 0 0 0 1 
-0.599048 -0.768076 0.226273 0.293053 0.0323016 0.259179 0.965289 -0.800568 0.800061 -0.585564 0.13045 0.0133162 0 0 0 1 
-0.554502 -0.770252 0.315023 0.455454 0.0329878 0.357908 0.933174 -1.11551 0.831528 -0.527839 0.173052 0.0876545 0 0 0 1 
-0.554502 -0.770252 0.315023 0.455454 0.0329878 0.357908 0.933174 -1.11551 0.831528 -0.527839 0.173052 0.0876545 0 0 0 1 
-0.969245 -0.245827 0.0115029 -0.00335381 -0.0928315 0.408504 0.908023 0.714165 0.227916 -0.87903 0.418761 0.744381 0 0 0 1 
-0.969245 -0.245827 0.0115029 -0.00335381 -0.0928315 0.408504 0.908023 0.714165 0.227916 -0.87903 0.418761 0.744381 0 0 0 1 
-0.965892 -0.256324 -0.0367613 -0.0937161 -0.0396985 0.0062923 0.999192 0.691252 0.255886 -0.96657 0.0162534 -0.00921144 0 0 0 1 
-0.960767 -0.251075 -0.117851 -0.199402 0.00938969 -0.454105 0.890899 0.527881 0.277199 -0.854839 -0.438646 -0.598184 0 0 0 1 
-0.997671 -0.00432203 0.0680706 0.186195 0.0552653 -0.63613 0.7696 -0.224795 -0.0399755 -0.77157 -0.634888 -0.799574 0 0 0 1 
-0.990768 0.0809831 -0.108724 -0.165093 -0.120123 -0.896177 0.427126 -1.04477 0.0628455 -0.436243 -0.897632 -1.27248 0 0 0 1 
-0.942947 0.202894 -0.263978 -0.474457 -0.219444 -0.975016 0.034469 -2.024 0.250389 -0.0904308 -0.963913 -1.40424 0 0 0 1 
-0.919162 0.252954 -0.30192 -0.551081 -0.2326 -0.967188 -0.102201 -2.80133 0.317865 0.0237125 -0.947839 -1.37949 0 0 0 1 
-0.905639 0.270133 -0.326875 -0.597125 -0.228888 -0.960305 -0.159448 -3.5108 0.356972 0.0695847 -0.93152 -1.35214 0 0 0 1 
-0.897015 0.275113 -0.345943 -0.63087 -0.219634 -0.956647 -0.191276 -4.20117 0.383568 0.0955968 -0.918551 -1.3297 0 0 0 1 
-0.886531 0.29231 -0.358633 -0.656947 -0.209964 -0.944905 -0.251137 -4.9209 0.412284 0.147341 -0.899062 -1.29537 0 0 0 1 
-0.694658 -0.691475 0.198276 -0.13433 -3.16954e-06 0.275639 0.961262 -0.0909407 0.719341 -0.667747 0.191477 -0.222978 0 0 0 1 
-0.745188 -0.6259 0.230095 0.0801928 -0.0678737 0.414442 0.907541 -0.413999 0.663391 -0.660671 0.351319 -0.145021 0 0 0 1 
-0.802028 -0.540768 0.253614 0.297743 -0.107259 0.548106 0.829503 -0.756429 0.587576 -0.638082 0.497599 -0.0713731 0 0 0 1 
-0.850948 -0.454006 0.264133 0.481887 -0.115399 0.65218 0.749229 -1.06034 0.512417 -0.607074 0.607363 -0.0133407 0 0 0 1 
-0.850948 -0.454006 0.264133 0.481887 -0.115399 0.65218 0.749229 -1.06034 0.512417 -0.607074 0.607363 -0.0133407 0 0 0 1 
-0.978167 -0.199653 -0.0576937 0.0143328 -0.207822 0.93975 0.27144 0.881937 -2.38177e-05 -0.277503 0.960725 0.651662 0 0 0 1 
-0.978167 -0.199653 -0.0576937 0.0143328 -0.207822 0.93975 0.27144 0.881937 -2.38177e-05 -0.277503 0.960725 0.651662 0 0 0 1 
-0.966904 -0.242079 -0.0805856 -0.0832275 -0.237231 0.736768 0.633162 0.807932 0.0939024 -0.631324 0.769813 -0.161963 0 0 0 1 
-0.941105 -0.308199 -0.13905 -0.197373 -0.113088 -0.100648 0.988474 0.522847 0.318642 -0.945983 -0.0598666 -0.687314 0 0 0 1 
-0.996769 -0.0703177 0.0388208 0.189604 0.0746637 -0.632955 0.77058 -0.224863 0.0296137 -0.770989 -0.63616 -0.799262 0 0 0 1 
-0.993431 0.0146269 -0.113492 -0.167181 -0.0538642 -0.934821 0.35101 -1.02957 0.100961 -0.354818 -0.929468 -1.26148 0 0 0 1 
-0.956394 0.157476 -0.245994 -0.480643 -0.142798 -0.986789 -0.0765245 -1.99972 0.254795 0.0380603 -0.966246 -1.39761 0 0 0 1 
-0.935035 0.215579 -0.281489 -0.557432 -0.159551 -0.964828 -0.208927 -2.77732 0.316629 0.150442 -0.936543 -1.376 0 0 0 1 
-0.918691 0.236154 -0.316604 -0.60104 -0.160354 -0.955542 -0.247439 -3.49088 0.360962 0.176551 -0.915716 -1.35059 0 0 0 1 
-0.905834 0.24252 -0.347345 -0.632106 -0.154988 -0.952798 -0.261064 -4.18537 0.394263 0.182646 -0.900665 -1.32957 0 0 0 1 
-0.894178 0.263141 -0.36222 -0.657531 -0.147213 -0.936865 -0.317194 -4.90573 0.422818 0.230304 -0.876462 -1.29649 0 0 0 1 
-0.694658 -0.710484 -0.112531 0.588737 -2.84414e-06 -0.156433 0.987689 0.160745 0.719341 -0.686106 -0.108666 0.475282 0 0 0 1 
-0.748899 -0.662616 -0.00948101 0.653479 -0.0422304 0.0334418 0.998548 -0.346578 0.661337 -0.748212 0.0530271 0.598973 0 0 0 1 
-0.804778 -0.586505 0.0913477 0.701102 -0.0554761 0.22754 0.972187 -0.850589 0.590978 -0.777328 0.215656 0.672645 0 0 0 1 
-0.84933 -0.499895 0.16954 0.730907 -0.0428802 0.385459 0.921728 -1.26142 0.526118 -0.775582 0.348817 0.698407 0 0 0 1 
-0.84933 -0.499895 0.16954 0.730907 -0.0428802 0.385459 0.921728 -1.26142 0.526118 -0.775582 0.348817 0.698407 0 0 0 1 
-0.985431 -0.151283 -0.077714 0.0250942 -0.165017 0.739848 0.652223 0.157244 0.0411738 -0.655545 0.754033 1.39637 0 0 0 1 
-0.985431 -0.151283 -0.077714 0.0250942 -0.165017 0.739848 0.652223 0.157244 0.0411738 -0.655545 0.754033 1.39637 0 0 0 1 
-0.976653 -0.180225 -0.116908 -0.0449969 -0.181842 0.403821 0.896584 0.447159 0.114377 -0.89691 0.427166 0.811829 0 0 0 1 
-0.949509 -0.214262 -0.229184 -0.0594979 -0.0575569 -0.59913 0.79858 1.31619 0.308416 -0.77145 -0.556547 0.320207 0 0 0 1 
-0.991749 -0.122308 0.0383996 0.228106 0.128189 -0.948848 0.288542 1.10338 -0.00114445 -0.291084 -0.956697 -0.414255 0 0 0 1 
-0.998452 0.0296304 -0.0470836 -0.329578 -0.0237448 -0.99237 -0.120985 0.0892025 0.0503092 0.11968 -0.991537 -1.46246 0 0 0 1 
-0.969377 0.208832 -0.129216 -0.784244 -0.140356 -0.902906 -0.406278 -1.30771 0.201514 0.3757 -0.904567 -1.78218 0 0 0 1 
-0.948135 0.258836 -0.184511 -0.810001 -0.169977 -0.903348 -0.393789 -2.39981 0.268604 0.342003 -0.900492 -1.5966 0 0 0 1 
-0.930904 0.256996 -0.259558 -0.746287 -0.179842 -0.940989 -0.2867 -3.41178 0.317922 0.220211 -0.922189 -1.36735 0 0 0 1 
-0.916903 0.223957 -0.330352 -0.657485 -0.182793 -0.971451 -0.15123 -4.42257 0.35479 0.0782766 -0.931664 -1.18346 0 0 0 1 
-0.903434 0.195388 -0.381616 -0.564339 -0.18421 -0.980668 -0.0660064 -5.44737 0.387136 -0.0106652 -0.921961 -1.01864 0 0 0 1 
-0.694659 -0.691474 0.198276 -0.13433 -2.20235e-06 0.275639 0.961262 -0.0909412 0.71934 -0.667748 0.191476 -0.222979 0 0 0 1 
-0.696942 -0.650528 0.301803 -0.0647647 -0.00267044 0.423201 0.906032 -0.447219 0.717122 -0.630646 0.296684 -0.0841432 0 0 0 1 
-0.699964 -0.592338 0.398982 0.00230365 -6.52783e-05 0.558712 0.829362 -0.813939 0.714178 -0.580497 0.391117 0.0365644 0 0 0 1 
-0.702571 -0.530903 0.473852 0.0559627 0.00650812 0.661062 0.750303 -1.12685 0.711584 -0.530225 0.460988 0.123162 0 0 0 1 
-0.702571 -0.530903 0.473852 0.0559627 0.00650812 0.661062 0.750303 -1.12685 0.711584 -0.530225 0.460988 0.123162 0 0 0 1 
-0.811893 -0.58264 0.0368979 -0.1065 -0.544792 0.778838 0.310827 1.03702 0.209838 -0.232257 0.94975 0.549814 0 0 0 1 
-0.811893 -0.58264 0.0368979 -0.1065 -0.544792 0.778838 0.310827 1.03702 0.209838 -0.232257 0.94975 0.549814 0 0 0 1 
-0.786661 -0.617267 0.012095 -0.210381 -0.452266 0.589494 0.669292 0.902622 0.420262 -0.521036 0.742901 -0.316522 0 0 0 1 
-0.730733 -0.679279 -0.0678946 -0.30237 0.0192394 -0.119908 0.992599 0.455383 0.682393 -0.724018 -0.10069 -0.874589 0 0 0 1 
-0.862865 -0.493886 0.107426 0.146067 0.394076 -0.524296 0.754863 -0.395521 0.316494 -0.693679 -0.647025 -0.95133 0 0 0 1 
-0.907434 -0.418973 -0.0320422 -0.206204 0.384546 -0.858765 0.338597 -1.25484 0.169379 -0.294932 -0.940386 -1.29719 0 0 0 1 
-0.949639 -0.275732 -0.148855 -0.508102 0.289854 -0.953465 -0.0830065 -2.21788 0.11904 0.121972 -0.985369 -1.32392 0 0 0 1 
-0.962863 -0.212638 -0.166374 -0.601578 0.245782 -0.945368 -0.214177 -2.97909 0.111742 0.247114 -0.962522 -1.25953 0 0 0 1 
-0.965599 -0.185136 -0.182603 -0.672005 0.228162 -0.94007 -0.2534 -3.68149 0.124746 0.286346 -0.949971 -1.20799 0 0 0 1 
-0.965673 -0.172017 -0.194641 -0.732602 0.221164 -0.937476 -0.268748 -4.36659 0.136242 0.302571 -0.943339 -1.16433 0 0 0 1 
-0.970419 -0.146635 -0.191797 -0.783339 0.203879 -0.923226 -0.32571 -5.07223 0.129312 0.355178 -0.925812 -1.10304 0 0 0 1 
-0.982894 -0.149942 -0.106949 0.575011 -0.00957783 -0.53829 0.842706 0.52222 0.183926 -0.829314 -0.527646 1.92209 0 0 0 1 
-0.817044 -0.569835 0.0879067 0.436276 0.174138 -0.0985358 0.979779 -0.613516 0.54965 -0.81583 -0.179738 1.03662 0 0 0 1 
-0.507119 -0.762564 0.401656 -0.265204 0.128995 0.393622 0.910177 -1.08651 0.852168 -0.513379 0.101246 0.190556 0 0 0 1 
-0.224662 -0.701512 0.676319 -1.0321 -0.0764984 0.704617 0.705452 -0.93032 0.971429 -0.106751 0.211966 -0.188402 0 0 0 1 
-0.224662 -0.701512 0.676319 -1.0321 -0.0764984 0.704617 0.705452 -0.93032 0.971429 -0.106751 0.211966 -0.188402 0 0 0 1 
-0.163236 -0.977577 0.133034 -1.22913 0.116187 0.114856 0.986564 -0.848439 0.979722 -0.176499 -0.0948333 0.704415 0 0 0 1 
-0.163236 -0.977577 0.133034 -1.22913 0.116187 0.114856 0.986564 -0.848439 0.979722 -0.176499 -0.0948333 0.704415 0 0 0 1 
-0.178674 -0.980137 0.0860661 -1.24191 0.493892 -0.0136903 0.869415 -0.811756 0.850968 -0.197849 -0.486528 0.597805 0 0 0 1 
-0.277506 -0.951779 -0.130792 -0.891495 0.814385 -0.305269 0.493546 -0.13903 0.509674 -0.0304473 -0.859829 0.234667 0 0 0 1 
-0.477108 -0.870846 0.118302 -0.378779 0.85719 -0.431418 0.281258 -0.567284 0.193895 -0.235598 -0.952313 -0.500267 0 0 0 1 
-0.684151 -0.726549 0.0637544 -0.599869 0.728918 -0.684114 0.0258384 -1.49626 -0.0248426 -0.0641491 -0.997631 -0.975478 0 0 0 1 
-0.841298 -0.540114 -0.0222467 -0.761621 0.536919 -0.83013 -0.150342 -2.62797 -0.0627345 0.138427 -0.988384 -0.997394 0 0 0 1 
-0.895401 -0.439839 -0.069275 -0.755109 0.443597 -0.89463 -0.0534724 -3.608 0.0384561 0.0786092 -0.996164 -0.989219 0 0 0 1 
-0.913533 -0.38397 -0.134254 -0.73821 0.368892 -0.921123 0.124303 -4.51911 0.171393 -0.0640299 -0.98312 -1.06341 0 0 0 1 
-0.912026 -0.355541 -0.204447 -0.721414 0.282294 -0.905811 0.315939 -5.37959 0.297519 -0.230431 -0.92649 -1.21045 0 0 0 1 
-0.902033 -0.3299 -0.278395 -0.682745 0.178505 -0.872274 0.455273 -6.23522 0.393031 -0.360976 -0.845708 -1.33752 0 0 0 1 
-0.728555 -0.353443 -0.586759 -0.282198 0.503662 -0.856976 -0.109164 -1.27441 0.464255 0.37506 -0.80237 -0.0608653 0 0 0 1 
-0.26978 -0.458412 -0.846804 -1.80734 0.499767 -0.81835 0.28379 -1.37727 0.823075 0.346643 -0.449874 -0.888605 0 0 0 1 
0.226179 -0.506805 -0.83186 -3.34887 0.213037 -0.80758 0.549936 -0.545768 0.950504 0.301601 0.0746896 -0.790252 0 0 0 1 
0.542961 -0.549014 -0.635434 -4.17638 -0.152256 -0.808506 0.56845 0.468573 0.82584 0.211898 0.522578 0.155384 0 0 0 1 
0.542961 -0.549014 -0.635434 -4.17638 -0.152256 -0.808506 0.56845 0.468573 0.82584 0.211898 0.522578 0.155384 0 0 0 1 
0.216505 -0.83605 -0.50413 -2.83261 0.125158 -0.488348 0.863627 -0.445568 0.968226 0.250075 0.00109163 0.439872 0 0 0 1 
0.216505 -0.83605 -0.50413 -2.83261 0.125158 -0.488348 0.863627 -0.445568 0.968226 0.250075 0.00109163 0.439872 0 0 0 1 
0.200284 -0.813932 -0.545344 -2.86023 0.515833 -0.385622 0.764991 -0.628196 0.832948 0.434522 -0.34262 0.209499 0 0 0 1 
-0.0242111 -0.833761 -0.551594 -1.97822 0.872085 -0.287366 0.39609 -0.380059 0.488754 0.471448 -0.734069 -0.0473652 0 0 0 1 
-0.329327 -0.932167 -0.150362 -0.918214 0.914484 -0.354534 0.195 -0.849568 0.235081 0.0732853 -0.969209 -0.887477 0 0 0 1 
-0.566682 -0.80907 -0.155811 -1.00411 0.823897 -0.554577 -0.116783 -1.96572 -0.00807692 0.194551 -0.980859 -1.22972 0 0 0 1 
-0.747482 -0.632713 -0.20235 -1.06507 0.659807 -0.671864 -0.336531 -3.2286 -0.0769764 0.385063 -0.919675 -1.12033 0 0 0 1 
-0.808496 -0.538084 -0.238328 -1.02715 0.587748 -0.758776 -0.280735 -4.27637 0.0297789 0.36705 -0.929725 -1.16452 0 0 0 1 
-0.82584 -0.475296 -0.303452 -1.01839 0.533415 -0.832986 -0.146978 -5.23331 0.182913 0.283246 -0.941443 -1.36128 0 0 0 1 
-0.820452 -0.429514 -0.377327 -1.02954 0.46117 -0.887282 0.00724182 -6.09992 0.337906 0.16807 -0.926052 -1.65962 0 0 0 1 
-0.809863 -0.378866 -0.447865 -1.0114 0.364711 -0.923167 0.121443 -6.93408 0.459465 0.0649893 -0.885815 -1.90958 0 0 0 1 
-0.648352 -0.366768 -0.667175 -0.733259 0.569475 -0.815244 -0.105242 -1.53335 0.505311 0.448173 -0.73743 -0.12302 0 0 0 1 
-0.111003 -0.403924 -0.908033 -2.54754 0.539352 -0.791904 0.286333 -1.53324 0.834732 0.457965 -0.305761 -0.704619 0 0 0 1 
0.428821 -0.371564 -0.82344 -4.1561 0.223582 -0.839492 0.495241 -0.676565 0.875285 0.396476 0.276917 -0.159888 0 0 0 1 
0.741215 -0.368776 -0.560896 -4.85982 -0.130166 -0.898679 0.418847 0.137547 0.658526 0.237446 0.714116 1.14285 0 0 0 1 
0.741215 -0.368776 -0.560896 -4.85982 -0.130166 -0.898679 0.418847 0.137547 0.658526 0.237446 0.714116 1.14285 0 0 0 1 
0.358187 -0.749262 -0.557053 -3.50627 0.0465282 -0.581574 0.812162 -0.207086 0.93249 0.316824 0.17345 0.876084 0 0 0 1 
0.358187 -0.749262 -0.557053 -3.50627 0.0465282 -0.581574 0.812162 -0.207086 0.93249 0.316824 0.17345 0.876084 0 0 0 1 
0.345966 -0.723419 -0.597472 -3.54907 0.436431 -0.439629 0.785019 -0.266791 0.830564 0.532344 -0.163626 0.519108 0 0 0 1 
0.137357 -0.750902 -0.645972 -2.80464 0.8319 -0.266537 0.486724 -0.0637547 0.537657 0.604239 -0.588065 -0.0096314 0 0 0 1 
-0.210065 -0.928638 -0.305784 -1.66763 0.906136 -0.302372 0.295787 -0.647526 0.367139 0.214947 -0.90499 -1.32413 0 0 0 1 
-0.473485 -0.824309 -0.310365 -1.64537 0.870316 -0.492051 -0.020877 -1.98427 0.135506 0.28 -0.950388 -1.75029 0 0 0 1 
-0.67311 -0.649682 -0.353321 -1.62765 0.736418 -0.632696 -0.239552 -3.34903 0.0679122 0.421437 -0.904312 -1.65362 0 0 0 1 
-0.745212 -0.547796 -0.380234 -1.53362 0.636273 -0.754767 -0.159638 -4.22943 0.199539 0.360897 -0.911009 -1.76699 0 0 0 1 
-0.762529 -0.478972 -0.434896 -1.50753 0.52862 -0.848821 0.00798646 -4.91166 0.372974 0.223805 -0.900445 -1.97477 0 0 0 1 
-0.75086 -0.434332 -0.497559 -1.52044 0.391558 -0.89942 0.194233 -5.47381 0.531876 0.0489814 -0.845405 -2.18625 0 0 0 1 
-0.729396 -0.392666 -0.560174 -1.52431 0.236301 -0.913073 0.332354 -6.04974 0.641984 -0.110048 -0.758779 -2.28005 0 0 0 1 
-0.694659 -0.691474 0.198276 -0.13433 -2.12924e-06 0.275638 0.961262 -0.0909415 0.71934 -0.667748 0.191476 -0.222978 0 0 0 1 
-0.680891 -0.695937 0.228163 0.140516 -0.118824 0.412379 0.90323 -0.431212 0.722681 -0.58789 0.36348 -0.162392 0 0 0 1 
-0.68319 -0.685751 0.250993 0.412936 -0.23239 0.530014 0.815524 -0.788054 0.692277 -0.498829 0.521462 -0.11009 0 0 0 1 
-0.696763 -0.668096 0.261095 0.639743 -0.31746 0.613622 0.722971 -1.10151 0.643227 -0.420852 0.639642 -0.0704234 0 0 0 1 
-0.696763 -0.668096 0.261095 0.639743 -0.31746 0.613622 0.722971 -1.10151 0.643227 -0.420852 0.639642 -0.0704234 0 0 0 1 
-0.976771 -0.0926841 -0.193205 0.22193 -0.138073 0.961726 0.236685 0.972085 -0.163873 -0.257863 0.952183 0.577563 0 0 0 1 
-0.976771 -0.0926841 -0.193205 0.22193 -0.138073 0.961726 0.236685 0.972085 -0.163873 -0.257863 0.952183 0.577563 0 0 0 1 
-0.967213 -0.136506 -0.21416 0.120507 -0.239614 0.769956 0.591399 0.870413 -0.0841642 -0.623325 0.77742 -0.268274 0 0 0 1 
-0.941186 -0.186033 -0.282066 0.0177057 -0.274698 -0.0648064 0.959344 0.481328 0.196749 -0.980404 -0.00989185 -0.826846 0 0 0 1 
-0.98721 0.0872577 -0.133426 0.449875 -0.158675 -0.618906 0.769272 -0.345097 0.0154532 -0.780604 -0.624835 -0.823458 0 0 0 1 
-0.933736 0.193602 -0.301091 0.138582 -0.291376 -0.899665 0.325121 -1.11497 0.207937 -0.391307 -0.89646 -1.25428 0 0 0 1 
-0.828114 0.348339 -0.439188 -0.134345 -0.329688 -0.936307 -0.12098 -2.03147 0.453357 -0.0446096 -0.890212 -1.40564 0 0 0 1 
-0.766241 0.423029 -0.483654 -0.180318 -0.333697 -0.905224 -0.263088 -2.78834 0.549109 0.0401947 -0.834784 -1.40367 0 0 0 1 
-0.713943 0.460393 -0.527564 -0.195793 -0.342294 -0.886759 -0.310634 -3.49275 0.610837 0.0411929 -0.790685 -1.40267 0 0 0 1 
-0.667211 0.48342 -0.566687 -0.200477 -0.35116 -0.87508 -0.333048 -4.18169 0.656899 0.0232152 -0.753621 -1.40648 0 0 0 1 
-0.619767 0.51933 -0.588375 -0.200901 -0.340152 -0.853407 -0.39496 -4.89201 0.707238 0.044646 -0.705564 -1.39625 0 0 0 1 
-0.885961 -0.310718 -0.344279 0.145178 -0.203642 -0.406313 0.890753 -0.0055654 0.416658 -0.859282 -0.296702 0.0643368 0 0 0 1 
-0.747005 -0.664399 0.0236224 0.314074 0.0531681 -0.0242849 0.99829 -0.0393507 0.662689 -0.746983 -0.0534658 0.441519 0 0 0 1 
-0.451735 -0.774613 0.442617 0.588761 0.150051 0.423088 0.893578 -0.156535 0.879443 -0.470076 0.0748923 0.891859 0 0 0 1 
-0.154129 -0.652573 0.741885 0.889725 0.0816952 0.739869 0.667772 -0.356978 0.984667 -0.163532 0.0607232 1.29554 0 0 0 1 
-0.154129 -0.652573 0.741885 0.889725 0.0816952 0.739869 0.667772 -0.356978 0.984667 -0.163532 0.0607232 1.29554 0 0 0 1 
-0.494639 0.803313 -0.331696 0.849871 -0.291032 0.20652 0.934157 0.0236652 -0.818922 -0.558604 -0.131637 1.18259 0 0 0 1 
-0.494639 0.803313 -0.331696 0.849871 -0.291032 0.20652 0.934157 0.0236652 -0.818922 -0.558604 -0.131637 1.18259 0 0 0 1 
-0.47157 0.798036 -0.37518 0.787422 -0.62054 0.00197658 0.784172 0.278733 -0.626539 -0.602606 -0.494281 0.661781 0 0 0 1 
-0.273034 0.856883 -0.437268 0.933932 -0.822974 0.0273262 0.567421 0.0314276 -0.498163 -0.514786 -0.697732 -1.28595 0 0 0 1 
0.0417603 0.987037 -0.154967 1.8926 -0.889728 0.107305 0.4437 -1.55191 -0.454577 -0.119349 -0.882676 -1.62525 0 0 0 1 
0.28373 0.928929 -0.237884 1.8796 -0.956046 0.254899 -0.144927 -2.20129 0.0739906 -0.268548 -0.96042 -1.46361 0 0 0 1 
0.533198 0.821604 -0.201657 1.73803 -0.68661 0.281016 -0.67052 -2.47013 0.494233 -0.49598 -0.713959 -1.36756 0 0 0 1 
0.630727 0.772734 -0.0711698 1.55502 -0.411056 0.254904 -0.875247 -2.5948 0.658192 -0.581297 -0.478412 -1.42749 0 0 0 1 
0.663246 0.745644 0.0641891 1.26498 -0.151486 0.217747 -0.964177 -2.72068 0.73291 -0.629763 -0.257374 -1.64562 0 0 0 1 
0.653896 0.730292 0.197721 0.916455 0.0961354 0.179016 -0.979138 -2.92898 0.750452 -0.659263 -0.0468509 -1.95814 0 0 0 1 
0.610002 0.715132 0.341298 0.525788 0.354678 0.138746 -0.924637 -3.33407 0.70859 -0.685081 0.169006 -2.34551 0 0 0 1 
-0.707274 0.691763 0.145699 0.122859 -0.702331 -0.711074 -0.0332631 -1.75482 -0.0805922 0.125855 -0.98877 -2.61652 0 0 0 1 
-0.93396 0.334909 -0.124713 -1.15087 -0.350306 -0.927002 0.133987 -0.977832 0.0707363 -0.168826 -0.983104 -2.31785 0 0 0 1 
-0.944412 -0.129878 -0.302023 -1.82668 0.00044243 -0.91916 0.393882 0.227583 0.328764 -0.371854 -0.868124 -1.35567 0 0 0 1 
-0.78832 -0.513144 -0.339463 -1.71777 0.212731 -0.745031 0.632199 1.23984 0.577319 -0.426161 -0.696484 -0.123372 0 0 0 1 
-0.78832 -0.513144 -0.339463 -1.71777 0.212731 -0.745031 0.632199 1.23984 0.577319 -0.426161 -0.696484 -0.123372 0 0 0 1 
-0.362307 0.928741 -0.0785735 1.28167 -0.248772 -0.0151145 0.968444 0.351717 -0.898246 -0.370421 -0.236521 0.732373 0 0 0 1 
-0.362307 0.928741 -0.0785735 1.28167 -0.248772 -0.0151145 0.968444 0.351717 -0.898246 -0.370421 -0.236521 0.732373 0 0 0 1 
-0.340636 0.932121 -0.122956 1.20741 -0.60756 -0.118426 0.785395 0.417517 -0.717522 -0.342238 -0.606659 0.113044 0 0 0 1 
-0.142381 0.971604 -0.188979 1.36688 -0.805402 -0.00273927 0.592723 0.122717 -0.575375 -0.236596 -0.782922 -1.79322 0 0 0 1 
0.18561 0.978084 0.0943412 2.46756 -0.861027 0.115627 0.495242 -1.44453 -0.47348 0.173152 -0.863618 -1.91249 0 0 0 1 
0.416948 0.908885 -0.00909163 2.42061 -0.908544 0.416458 -0.0333376 -2.13097 0.0265139 -0.0221604 -0.999403 -1.83026 0 0 0 1 
0.64976 0.760083 -0.00929587 2.24336 -0.640859 0.541182 -0.544446 -2.47839 0.408793 -0.359716 -0.838745 -1.80421 0 0 0 1 
0.741811 0.662652 0.103 2.07398 -0.372568 0.534942 -0.758307 -2.64619 0.557593 -0.524146 -0.643709 -1.86656 0 0 0 1 
0.772866 0.592161 0.228087 1.80971 -0.121247 0.490616 -0.862899 -2.79946 0.622878 -0.639251 -0.450978 -2.07354 0 0 0 1 
0.764151 0.538017 0.355825 1.49187 0.117997 0.425732 -0.897123 -3.02186 0.634153 -0.727523 -0.261839 -2.36812 0 0 0 1 
0.721028 0.485738 0.494144 1.13122 0.367553 0.336428 -0.867019 -3.42684 0.587387 -0.806768 -0.0640393 -2.73606 0 0 0 1 
-0.642196 0.726917 0.243263 0.540247 -0.750171 -0.661229 -0.00451466 -1.90186 -0.15757 0.185388 -0.96995 -2.89677 0 0 0 1 
-0.87083 0.47868 0.111895 -0.521376 -0.459059 -0.873285 0.163209 -1.35562 -0.175841 -0.0907609 -0.980225 -3.27695 0 0 0 1 
-0.990296 0.125337 0.0600403 -1.41655 -0.0989347 -0.939199 0.328811 -0.263596 -0.097602 -0.31968 -0.942485 -3.13032 0 0 0 1 
-0.977 -0.203397 0.064042 -1.79092 0.210568 -0.872807 0.440307 0.919265 0.0336606 -0.443664 -0.89556 -2.54967 0 0 0 1 
-0.977 -0.203397 0.064042 -1.79092 0.210568 -0.872807 0.440307 0.919265 0.0336606 -0.443664 -0.89556 -2.54967 0 0 0 1 
-0.196213 0.956963 -0.21383 1.63763 -0.307597 0.146992 0.940094 0.00550795 -0.931066 -0.250233 -0.265517 0.501168 0 0 0 1 
-0.196213 0.956963 -0.21383 1.63763 -0.307597 0.146992 0.940094 0.00550795 -0.931066 -0.250233 -0.265517 0.501168 0 0 0 1 
-0.171563 0.951229 -0.256378 1.58206 -0.666511 0.079569 0.741237 0.0251057 -0.725486 -0.298047 -0.620353 0.0377204 0 0 0 1 
0.0747645 0.937206 -0.340668 1.9111 -0.838105 0.244175 0.487811 -0.307996 -0.540362 -0.249044 -0.803733 -1.69552 0 0 0 1 
0.345106 0.938512 -0.00990887 2.88718 -0.875255 0.325621 0.357632 -1.8522 -0.338868 0.114748 -0.93381 -1.5135 0 0 0 1 
0.455969 0.889972 -0.00658043 2.5809 -0.880493 0.45001 -0.149079 -2.26114 0.129715 -0.0737694 -0.988804 -1.39809 0 0 0 1 
0.562461 0.821993 0.0892456 2.07578 -0.650109 0.506356 -0.566535 -2.54061 0.510878 -0.260634 -0.819191 -1.42401 0 0 0 1 
0.533754 0.800702 0.272 1.55258 -0.478349 0.551125 -0.683698 -2.90969 0.697344 -0.234815 -0.67718 -1.52762 0 0 0 1 
0.462073 0.760794 0.455721 0.999517 -0.350168 0.628633 -0.694408 -3.40059 0.814783 -0.161288 -0.55688 -1.75764 0 0 0 1 
0.381848 0.679047 0.626966 0.506887 -0.251159 0.729081 -0.636679 -4.04761 0.889444 -0.0856464 -0.448948 -2.03899 0 0 0 1 
0.321476 0.538473 0.77891 0.145233 -0.144636 0.840845 -0.521594 -4.9165 0.935807 -0.055022 -0.348194 -2.28846 0 0 0 1 
-0.992879 -0.118965 0.00627678 -0.281546 -0.0160253 0.185584 0.982498 -0.0738132 0.118048 -0.975401 0.186169 -0.382345 0 0 0 1 
-0.98715 -0.140829 0.0755028 -0.0421528 0.0227409 0.343882 0.938737 -0.359145 0.158166 -0.928392 0.33626 -0.297323 0 0 0 1 
-0.978522 -0.147283 0.144234 0.183355 0.0533714 0.494812 0.867359 -0.667493 0.199115 -0.856428 0.476324 -0.216505 0 0 0 1 
-0.969684 -0.141153 0.199469 0.35626 0.0727716 0.612445 0.787157 -0.940329 0.233273 -0.777809 0.583606 -0.153612 0 0 0 1 
-0.969684 -0.141153 0.199469 0.35626 0.0727716 0.612445 0.787157 -0.940329 0.233273 -0.777809 0.583606 -0.153612 0 0 0 1 
-0.954328 -0.176548 0.241017 -1.11505 -0.135033 0.974508 0.179166 1.70335 0.266504 -0.138438 0.95384 0.286726 0 0 0 1 
-0.954328 -0.176548 0.241017 -1.11505 -0.135033 0.974508 0.179166 1.70335 0.266505 -0.138438 0.95384 0.286727 0 0 0 1 
-0.949343 -0.222107 0.222298 -1.24728 -0.0619451 0.825801 0.56055 1.35626 0.308076 -0.518384 0.797727 -0.815973 0 0 0 1 
-0.93047 -0.311105 -0.193492 -0.11751 -0.0711359 -0.36467 0.928415 0.670392 0.359396 -0.877627 -0.317184 -0.471412 0 0 0 1 
-0.994825 0.099121 -0.0223338 0.28485 -0.10099 -0.940433 0.324634 0.965916 -0.0111747 -0.32521 -0.945576 -0.429402 0 0 0 1 
-0.916964 0.397683 -0.0320319 -0.657026 -0.394239 -0.915492 -0.080313 -0.115645 0.0612641 0.0610159 -0.996255 -1.40184 0 0 0 1 
-0.739585 0.6687 -0.076518 -1.3166 -0.62188 -0.722398 -0.302337 -1.81938 0.257449 0.176019 -0.950125 -1.46858 0 0 0 1 
-0.597914 0.78726 -0.150735 -1.32436 -0.760345 -0.616576 -0.204231 -3.30152 0.253723 0.00750218 -0.967248 -1.10602 0 0 0 1 
-0.490535 0.821972 -0.289376 -1.05651 -0.856682 -0.515691 -0.012617 -4.72346 0.159599 -0.241714 -0.957132 -0.898016 0 0 0 1 
-0.416595 0.795579 -0.439889 -0.682781 -0.908892 -0.374643 0.183188 -6.08071 0.0190604 -0.476128 -0.87917 -0.963513 0 0 0 1 
-0.34505 0.749537 -0.564921 -0.308479 -0.932572 -0.205766 0.296599 -7.33997 -0.10607 -0.62917 -0.769996 -1.11286 0 0 0 1 
-0.766091 -0.642447 0.0191451 -0.0560551 0.252449 -0.273375 0.92819 -0.612474 0.591079 -0.715911 -0.371615 -0.859642 0 0 0 1 
-0.751326 -0.656949 0.0626592 0.336329 0.261411 -0.209088 0.942309 -0.810504 0.605948 -0.724361 -0.328827 -0.479634 0 0 0 1 
-0.724298 -0.672036 0.154145 0.896279 0.307898 -0.115221 0.944416 -1.16054 0.616921 -0.7315 -0.290373 -0.198792 0 0 0 1 
-0.682776 -0.684564 0.25532 1.4278 0.370771 -0.0235299 0.928426 -1.58447 0.62956 -0.728573 -0.269882 -0.0840189 0 0 0 1 
-0.682776 -0.684564 0.255321 1.4278 0.370771 -0.0235292 0.928426 -1.58447 0.62956 -0.728573 -0.269882 -0.0840187 0 0 0 1 
-0.84549 -0.528515 -0.0762721 -0.108389 0.379421 -0.695101 0.610635 -0.582129 0.375746 -0.487347 -0.788231 -1.10463 0 0 0 1 
-0.84549 -0.528515 -0.0762721 -0.108389 0.379421 -0.695101 0.610635 -0.582129 0.375746 -0.487347 -0.788231 -1.10463 0 0 0 1 
-0.866668 -0.489227 -0.0976929 -0.116954 0.457419 -0.857411 0.235827 -1.24477 0.199136 -0.159697 -0.966872 -1.17606 0 0 0 1 
-0.964651 -0.107556 -0.240582 -0.280176 0.155332 -0.96954 -0.189377 -1.65175 0.212886 0.220053 -0.951975 -1.24362 0 0 0 1 
-0.993144 0.0663411 0.0962466 0.321436 -0.0935646 -0.944701 -0.314304 -2.22826 -0.0700729 0.321154 -0.944431 -1.34964 0 0 0 1 
-0.934673 0.312555 0.169401 0.41524 -0.354676 -0.787179 -0.504534 -2.68489 0.0243463 0.531657 -0.84661 -1.11754 0 0 0 1 
-0.832451 0.520904 0.188906 0.40719 -0.517479 -0.608976 -0.601135 -3.01066 0.198094 0.59817 -0.7765 -0.924338 0 0 0 1 
-0.793039 0.582677 0.177698 0.37596 -0.582163 -0.639022 -0.50273 -3.25403 0.179376 0.502134 -0.845982 -0.918228 0 0 0 1 
-0.787397 0.600501 0.1393 0.319709 -0.608025 -0.719326 -0.33597 -3.47541 0.101548 0.349239 -0.931515 -0.905059 0 0 0 1 
-0.796945 0.596415 0.0957503 0.266328 -0.604012 -0.785002 -0.137628 -3.7049 0.00691913 0.167516 -0.985845 -0.827585 0 0 0 1 
-0.79949 0.598525 0.0508278 0.205655 -0.597493 -0.801101 0.0352022 -3.97328 -0.0617876 0.00222529 -0.998087 -0.701281 0 0 0 1 
-0.75176 -0.585698 0.30301 1.22894 0.315494 0.0840515 0.945198 -0.698852 0.579069 -0.80616 -0.121598 0.336841 0 0 0 1 
-0.718951 -0.508602 0.473744 2.16668 0.353301 0.319558 0.879239 -1.34578 0.598572 -0.799504 0.0500573 1.30512 0 0 0 1 
-0.670631 -0.407269 0.619988 2.92584 0.411661 0.49095 0.767791 -2.2561 0.617081 -0.77013 0.16159 1.90666 0 0 0 1 
-0.610768 -0.315809 0.726104 3.4322 0.474093 0.588621 0.654799 -3.13084 0.634191 -0.744171 0.209788 2.13879 0 0 0 1 
-0.610767 -0.315808 0.726105 3.4322 0.474093 0.588621 0.654798 -3.13085 0.634191 -0.744171 0.209788 2.13879 0 0 0 1 
-0.845102 -0.534369 0.0158774 0.319954 0.396253 -0.606184 0.689583 -0.258498 0.358867 -0.58906 -0.724033 -0.761158 0 0 0 1 
-0.845102 -0.534369 0.0158774 0.319954 0.396253 -0.606184 0.689583 -0.258498 0.358867 -0.58906 -0.724033 -0.761158 0 0 0 1 
-0.866923 -0.49834 -0.0101354 0.291681 0.465998 -0.817541 0.338338 -0.789667 0.176893 -0.28859 -0.94097 -0.996936 0 0 0 1 
-0.977442 -0.205636 0.048189 1.09893 0.196455 -0.801418 0.564919 1.75478 0.0775482 -0.561643 -0.823738 -0.290566 0 0 0 1 
-0.963993 0.228872 0.135406 0.427313 0.00235006 -0.501833 0.864962 3.01444 -0.265917 -0.834135 -0.483226 1.31381 0 0 0 1 
-0.932803 0.346643 -0.0985762 -0.838283 -0.30583 -0.616706 0.725357 2.91734 -0.190647 -0.706762 -0.681279 0.21762 0 0 0 1 
-0.856454 0.426254 -0.291193 -1.76672 -0.516148 -0.697482 0.497102 2.10297 -0.00878984 -0.576044 -0.817372 -0.571269 0 0 0 1 
-0.818242 0.482134 -0.313092 -1.84462 -0.574848 -0.681045 0.453573 1.18256 -0.00545365 -0.551113 -0.834413 -0.378753 0 0 0 1 
-0.80908 0.514152 -0.284671 -1.59878 -0.585159 -0.659794 0.471445 0.226586 -0.0545705 -0.548015 -0.834687 -0.0437548 0 0 0 1 
-0.814014 0.528666 -0.240608 -1.25606 -0.568813 -0.641668 0.514504 -0.758828 -0.117611 -0.555675 -0.823039 0.258148 0 0 0 1 
-0.814248 0.538031 -0.217999 -1.00815 -0.558319 -0.622944 0.547924 -1.68722 -0.158998 -0.567859 -0.807623 0.441549 0 0 0 1 
-0.906269 -0.422515 0.0125557 -0.421103 0.00625513 0.0162953 0.999848 0.150233 0.422655 -0.90621 0.012125 1.45878 0 0 0 1 
-0.932048 -0.362013 0.0152943 -0.41572 0.0122084 0.0108104 0.999867 0.106773 0.36213 -0.93211 0.00565624 1.47507 0 0 0 1 
-0.954057 -0.298936 0.0203265 -0.39306 0.0186737 0.00838508 0.99979 0.0675921 0.299044 -0.954236 0.00241762 1.52793 0 0 0 1 
-0.969369 -0.244317 0.0251514 -0.371463 0.0242537 0.00668248 0.999683 0.0346265 0.244407 -0.969672 0.000552106 1.58757 0 0 0 1 
-0.969369 -0.244317 0.0251519 -0.371463 0.0242542 0.0066828 0.999683 0.034627 0.244408 -0.969672 0.000552376 1.58757 0 0 0 1 
-0.953504 -0.283935 -0.101047 -0.388571 -0.146724 0.144472 0.978571 1.87817 0.263252 -0.947897 0.179415 5.15705 0 0 0 1 
-0.953504 -0.283935 -0.101047 -0.388571 -0.146724 0.144472 0.978571 1.87817 0.263252 -0.947897 0.179415 5.15705 0 0 0 1 
-0.947921 -0.280896 -0.150143 -0.579924 -0.073899 -0.26457 0.961531 3.518 0.309814 -0.922551 -0.230033 3.56123 0 0 0 1 
-0.947938 -0.285709 -0.14066 -0.0563906 -0.0738987 -0.232284 0.969837 4.30079 0.309764 -0.929739 -0.199077 3.42122 0 0 0 1 
-0.996373 0.035045 -0.0775438 -0.711108 -0.0787954 -0.0358682 0.996246 3.65525 -0.032132 -0.998742 -0.0384993 3.79156 0 0 0 1 
-0.959538 -0.00524542 -0.281532 -1.70292 -0.259956 -0.367744 0.892853 3.72175 0.108215 -0.929912 -0.351501 1.92643 0 0 0 1 
-0.878577 -0.0194238 -0.477206 -2.59894 -0.345603 -0.663769 0.663302 2.84304 0.329639 -0.747686 -0.576459 0.499379 0 0 0 1 
-0.841402 0.0051333 -0.540387 -2.90939 -0.35965 -0.751673 0.552847 1.50824 0.403356 -0.659516 -0.634305 0.294708 0 0 0 1 
-0.820301 0.0245208 -0.571406 -3.03903 -0.363027 -0.79434 0.487068 0.0675378 0.441947 -0.606979 -0.6605 0.306108 0 0 0 1 
-0.806219 0.0401001 -0.590256 -3.11242 -0.363975 -0.820161 0.441428 -1.40909 0.466404 -0.570726 -0.675825 0.281707 0 0 0 1 
-0.787689 0.0596582 -0.613178 -3.17912 -0.363425 -0.848674 0.384285 -2.8493 0.497462 -0.525541 -0.690172 0.136246 0 0 0 1 
-0.906268 -0.419815 0.0493309 -0.127872 0.00625319 0.103376 0.994623 0.274046 0.422657 -0.901703 0.0910608 2.08572 0 0 0 1 
-0.931477 -0.362528 0.0304032 -0.299185 0.00102711 0.0809503 0.996718 0.231834 0.363799 -0.928451 0.075031 2.02296 0 0 0 1 
-0.970123 -0.242578 -0.0042513 -0.454496 -0.0136836 0.0372123 0.999213 0.166923 0.242228 -0.969418 0.0394199 1.87569 0 0 0 1 
-0.983381 -0.180469 -0.0198178 -0.581618 -0.0230995 0.0161004 0.999603 0.123986 0.180078 -0.983449 0.0200014 1.81193 0 0 0 1 
-0.983381 -0.18047 -0.0198178 -0.581624 -0.0230995 0.0161003 0.999604 0.123988 0.18008 -0.983449 0.0200014 1.81192 0 0 0 1 
-0.963949 -0.262741 -0.0420719 0.129492 -0.183884 0.54349 0.819027 1.43976 0.192326 -0.797237 0.57221 8.62754 0 0 0 1 
-0.963949 -0.262741 -0.0420719 0.129492 -0.183884 0.54349 0.819027 1.43976 0.192326 -0.797237 0.57221 8.62754 0 0 0 1 
-0.955828 -0.28059 -0.087529 -0.0767323 -0.136995 0.161821 0.977265 4.54412 0.260046 -0.946089 0.193112 6.90769 0 0 0 1 
-0.956613 -0.281024 -0.0769323 0.464976 -0.135301 0.194613 0.971504 5.21506 0.258043 -0.939762 0.224192 6.79718 0 0 0 1 
-0.987128 0.0385923 -0.155207 -1.32693 -0.128717 0.384279 0.9142 3.88342 -0.094924 -0.92241 0.374366 7.26627 0 0 0 1 
-0.943349 -0.0863956 -0.320359 -2.1853 -0.324838 0.0436743 0.944761 5.00566 0.0676317 -0.995303 0.0692645 5.16106 0 0 0 1 
-0.854103 -0.187323 -0.4852 -3.0165 -0.411838 -0.326164 0.850886 5.05233 0.317645 -0.926568 -0.20143 3.1174 0 0 0 1 
-0.812882 -0.196477 -0.548288 -3.39617 -0.416274 -0.462421 0.782869 3.94388 0.407356 -0.864618 -0.294105 2.56588 0 0 0 1 
-0.789898 -0.195699 -0.581174 -3.57851 -0.408629 -0.538685 0.736777 2.57706 0.457256 -0.819464 -0.345537 2.34835 0 0 0 1 
-0.774845 -0.191671 -0.602393 -3.6938 -0.400761 -0.588016 0.702586 1.13222 0.488882 -0.785812 -0.378807 2.16752 0 0 0 1 
-0.755024 -0.183323 -0.629549 -3.81685 -0.395116 -0.639024 0.659948 -0.244682 0.52328 -0.747022 -0.410044 1.87254 0 0 0 1 
-0.519605 -0.797625 -0.306277 -0.134942 -0.237321 -0.209627 0.948544 -0.561429 0.820787 -0.565553 0.0803696 0.449334 0 0 0 1 
-0.400548 -0.752645 -0.522577 -0.646955 -0.285791 -0.439253 0.851692 -1.27095 0.870566 -0.490491 0.0391572 0.124031 0 0 0 1 
-0.263326 -0.654514 -0.708711 -1.16657 -0.344102 -0.622591 0.702833 -2.02246 0.901251 -0.428943 0.0612755 -0.0104095 0 0 0 1 
-0.135568 -0.545761 -0.826901 -1.55251 -0.376123 -0.743778 0.552563 -2.61858 0.916598 -0.385927 0.10444 0.00202763 0 0 0 1 
-0.135568 -0.545761 -0.826902 -1.55251 -0.376123 -0.743778 0.552563 -2.61858 0.916598 -0.385927 0.10444 0.00202692 0 0 0 1 
-0.497164 -0.590342 -0.635865 -0.464663 0.189999 -0.789139 0.584089 0.44878 0.846598 -0.169575 -0.504496 0.0967209 0 0 0 1 
-0.497164 -0.590342 -0.635865 -0.464663 0.189999 -0.789139 0.584089 0.44878 0.846598 -0.169575 -0.504496 0.0967209 0 0 0 1 
-0.514408 -0.549672 -0.658214 -0.53499 0.491391 -0.817983 0.299063 0.16492 0.702794 0.1696 -0.690881 -0.489783 0 0 0 1 
-0.652633 -0.491489 -0.576636 -0.549978 0.43207 -0.866604 0.249625 0.0124935 0.622403 0.0862332 -0.777932 -0.701168 0 0 0 1 
-0.889562 -0.408447 -0.204574 -0.0880108 0.298621 -0.858834 0.416209 -0.462484 0.345694 -0.309154 -0.885957 -0.780381 0 0 0 1 
-0.910113 -0.233549 -0.34227 -0.42366 0.193056 -0.969891 0.148462 -1.06287 0.366638 -0.0690398 -0.927799 -1.01286 0 0 0 1 
-0.864307 -0.0758295 -0.497215 -0.761222 0.15299 -0.981364 -0.116275 -1.7553 0.479132 0.176566 -0.859801 -1.0294 0 0 0 1 
-0.814884 -0.04775 -0.577654 -0.892551 0.146545 -0.981195 -0.125621 -2.2932 0.560793 0.187019 -0.806558 -0.918406 0 0 0 1 
-0.757982 -0.0694888 -0.648563 -0.972008 0.146322 -0.987083 -0.0652492 -2.78516 0.635651 0.144357 -0.758359 -0.777904 0 0 0 1 
-0.697472 -0.114007 -0.707485 -1.01329 0.140107 -0.989905 0.0213936 -3.27055 0.702782 0.0842023 -0.706405 -0.62062 0 0 0 1 
-0.635512 -0.1535 -0.756679 -1.03932 0.130495 -0.987293 0.090683 -3.77853 0.760984 0.041113 -0.647467 -0.468762 0 0 0 1 
-0.514047 -0.857585 0.017442 1.38799 -0.309769 0.204565 0.928546 -0.844938 0.799874 -0.471913 0.370809 1.74767 0 0 0 1 
-0.383565 -0.909211 0.161905 2.58694 -0.42048 0.328023 0.84593 -1.65164 0.822237 -0.256391 0.508123 2.18217 0 0 0 1 
-0.223022 -0.960518 0.166331 3.01648 -0.500901 0.259297 0.82575 -1.86167 0.836277 -0.100845 0.538954 2.04459 0 0 0 1 
-0.0700931 -0.995882 0.0574909 2.74024 -0.526367 0.0858803 0.845909 -1.64646 0.847363 -0.0290314 0.530219 1.80402 0 0 0 1 
-0.0700931 -0.995882 0.0574909 2.74024 -0.526367 0.0858802 0.845909 -1.64646 0.847363 -0.0290314 0.530219 1.80402 0 0 0 1 
-0.484028 -0.67169 -0.560847 -0.0806158 0.173 -0.701734 0.691116 0.902805 0.857781 -0.237492 -0.455861 0.352709 0 0 0 1 
-0.484028 -0.67169 -0.560847 -0.0806158 0.173 -0.701734 0.691116 0.902805 0.857781 -0.237492 -0.455861 0.352709 0 0 0 1 
-0.500578 -0.634459 -0.588968 -0.176015 0.481015 -0.769501 0.42011 0.701669 0.719755 0.0730042 -0.69038 -0.442893 0 0 0 1 
-0.641185 -0.561336 -0.523244 -0.27113 0.423359 -0.827452 0.368904 0.545376 0.640038 -0.015015 -0.768196 -0.609475 0 0 0 1 
-0.885259 -0.436887 -0.15952 0.133218 0.281976 -0.77691 0.562939 0.177463 0.369874 -0.453367 -0.810958 -0.367409 0 0 0 1 
-0.89504 -0.322337 -0.308224 -0.225426 0.174677 -0.889259 0.422738 0.166811 0.410355 -0.324527 -0.852227 -0.545893 0 0 0 1 
-0.829262 -0.276338 -0.485758 -0.615773 0.140101 -0.944234 0.297983 0.141039 0.541013 -0.179051 -0.821733 -0.689456 0 0 0 1 
-0.76089 -0.358343 -0.540959 -0.579731 0.123607 -0.898459 0.421298 0.194855 0.636999 -0.253695 -0.727922 -0.351813 0 0 0 1 
-0.68537 -0.492695 -0.536208 -0.257745 0.102224 -0.794158 0.599052 0.194242 0.720984 -0.355759 -0.594657 0.209028 0 0 0 1 
-0.609491 -0.635282 -0.474276 0.304462 0.066679 -0.637192 0.767815 0.0144267 0.789984 -0.436352 -0.430722 0.892982 0 0 0 1 
-0.535882 -0.753575 -0.38073 0.974113 0.0267 -0.465845 0.884463 -0.35267 0.843871 -0.463802 -0.269758 1.50889 0 0 0 1 
-0.707106 -0.706997 0.0125551 0.970231 0.000304586 0.0174511 0.999848 0.181812 0.707108 -0.707002 0.0121244 -0.451068 0 0 0 1 
-0.61399 -0.789278 0.00748774 1.21272 0.00790637 0.0033361 0.999963 0.149046 0.789274 -0.614027 -0.00419195 -0.793056 0 0 0 1 
-0.507917 -0.861301 0.013457 1.58159 0.0123828 0.00832024 0.999889 0.146152 0.861317 -0.508027 -0.00643935 -1.01466 0 0 0 1 
-0.404065 -0.914375 0.0254798 1.98399 0.00954615 0.0236382 0.999675 0.153513 0.91468 -0.404177 0.000822539 -1.11243 0 0 0 1 
