a
25
21
25
0
0
-0.694658 -0.697972 -0.174024 -0.33681 -2.30525e-08 -0.241922 0.970296 -0.423575 0.71934 -0.674024 -0.168053 -0.418515 0 0 0 1 
-0.694658 -0.697972 -0.174024 -0.33681 -2.30525e-08 -0.241922 0.970296 -0.595156 0.71934 -0.674024 -0.168053 -0.418515 0 0 0 1 
-0.694658 -0.697972 -0.174024 -0.33681 -2.30525e-08 -0.241922 0.970296 -0.766738 0.71934 -0.674024 -0.168053 -0.418515 0 0 0 1 
-0.694658 -0.697972 -0.174024 -0.33681 -2.30525e-08 -0.241922 0.970296 -0.938319 0.71934 -0.674024 -0.168053 -0.418515 0 0 0 1 
-0.694658 -0.697972 -0.174024 -0.33681 -2.30525e-08 -0.241922 0.970296 -1.1099 0.71934 -0.674024 -0.168053 -0.418515 0 0 0 1 
-0.694658 -0.697972 -0.174024 -0.33681 -2.30525e-08 -0.241922 0.970296 -1.28148 0.71934 -0.674024 -0.168053 -0.418515 0 0 0 1 
-0.694658 -0.697972 -0.174024 -0.33681 -2.30525e-08 -0.241922 0.970296 -1.28148 0.71934 -0.674024 -0.168053 -0.418515 0 0 0 1 
-0.694658 -0.697972 -0.174024 -0.33681 -2.30525e-08 -0.241922 0.970296 -1.28148 0.71934 -0.674024 -0.168053 -0.418515 0 0 0 1 
-0.694658 -0.697972 -0.174024 -0.33681 -2.30525e-08 -0.241922 0.970296 -1.28148 0.71934 -0.674024 -0.168053 -0.418515 0 0 0 1 
-0.694658 -0.697972 -0.174024 -0.33681 -2.30525e-08 -0.241922 0.970296 -1.28148 0.71934 -0.674024 -0.168053 -0.418515 0 0 0 1 
-0.694658 -0.697972 -0.174024 -0.33681 -2.30525e-08 -0.241922 0.970296 -1.28148 0.71934 -0.674024 -0.168053 -0.418515 0 0 0 1 
-0.694658 -0.697972 -0.174024 -0.33681 -2.30525e-08 -0.241922 0.970296 -1.28148 0.71934 -0.674024 -0.168053 -0.418515 0 0 0 1 
-0.694658 -0.697972 -0.174024 -0.33681 -2.30525e-08 -0.241922 0.970296 -1.28148 0.71934 -0.674024 -0.168053 -0.418515 0 0 0 1 
-0.694658 -0.697972 -0.174024 -0.33681 -2.30525e-08 -0.241922 0.970296 -1.28148 0.71934 -0.674024 -0.168053 -0.418515 0 0 0 1 
-0.694658 -0.697972 -0.174024 -0.33681 -2.30525e-08 -0.241922 0.970296 -1.28148 0.71934 -0.674024 -0.168053 -0.418515 0 0 0 1 
-0.694658 -0.697972 -0.174024 -0.33681 -2.30525e-08 -0.241922 0.970296 -1.28148 0.71934 -0.674024 -0.168053 -0.418515 0 0 0 1 
-0.694658 -0.697972 -0.174024 -0.33681 -2.30525e-08 -0.241922 0.970296 -1.28148 0.71934 -0.674024 -0.168053 -0.418515 0 0 0 1 
-0.694658 -0.697972 -0.174024 -0.33681 -2.30525e-08 -0.241922 0.970296 -1.28148 0.71934 -0.674024 -0.168053 -0.418515 0 0 0 1 
-0.694658 -0.697972 -0.174024 -0.33681 -2.30525e-08 -0.241922 0.970296 -1.28148 0.71934 -0.674024 -0.168053 -0.418515 0 0 0 1 
-0.694658 -0.697972 -0.174024 -0.33681 -2.30525e-08 -0.241922 0.970296 -1.28148 0.71934 -0.674024 -0.168053 -0.418515 0 0 0 1 
-0.694658 -0.697972 -0.174024 -0.33681 -2.30525e-08 -0.241922 0.970296 -1.28148 0.71934 -0.674024 -0.168053 -0.418515 0 0 0 1 
-0.829015 -0.543285 -0.132576 -0.25659 0.00362743 -0.242289 0.970197 -0.423766 0.559215 -0.803827 -0.202832 -0.485827 0 0 0 1 
-0.829015 -0.543285 -0.132576 -0.25659 0.00362743 -0.242289 0.970197 -0.595347 0.559215 -0.803827 -0.202832 -0.485827 0 0 0 1 
-0.829015 -0.543285 -0.132576 -0.25659 0.00362743 -0.242289 0.970197 -0.766928 0.559215 -0.803827 -0.202832 -0.485827 0 0 0 1 
-0.829015 -0.543285 -0.132576 -0.25659 0.00362743 -0.242289 0.970197 -0.938509 0.559215 -0.803827 -0.202832 -0.485827 0 0 0 1 
-0.829015 -0.543285 -0.132576 -0.25659 0.00362743 -0.242289 0.970197 -1.11009 0.559215 -0.803827 -0.202832 -0.485827 0 0 0 1 
-0.829015 -0.543285 -0.132576 -0.25659 0.00362743 -0.242289 0.970197 -1.28167 0.559215 -0.803827 -0.202832 -0.485827 0 0 0 1 
-0.829015 -0.543285 -0.132576 -0.25659 0.00362743 -0.242289 0.970197 -1.28167 0.559215 -0.803827 -0.202832 -0.485827 0 0 0 1 
-0.829015 -0.543285 -0.132576 -0.25659 0.00362743 -0.242289 0.970197 -1.28167 0.559215 -0.803827 -0.202832 -0.485827 0 0 0 1 
-0.829015 -0.543285 -0.132576 -0.25659 0.00362743 -0.242289 0.970197 -1.28167 0.559215 -0.803827 -0.202832 -0.485827 0 0 0 1 
-0.829015 -0.543285 -0.132576 -0.25659 0.00362743 -0.242289 0.970197 -1.28167 0.559215 -0.803827 -0.202832 -0.485827 0 0 0 1 
-0.829015 -0.543285 -0.132576 -0.25659 0.00362743 -0.242289 0.970197 -1.28167 0.559215 -0.803827 -0.202832 -0.485827 0 0 0 1 
-0.829015 -0.543285 -0.132576 -0.25659 0.00362743 -0.242289 0.970197 -1.28167 0.559215 -0.803827 -0.202832 -0.485827 0 0 0 1 
-0.829015 -0.543285 -0.132576 -0.25659 0.00362743 -0.242289 0.970197 -1.28167 0.559215 -0.803827 -0.202832 -0.485827 0 0 0 1 
-0.829015 -0.543285 -0.132576 -0.25659 0.00362743 -0.242289 0.970197 -1.28167 0.559215 -0.803827 -0.202832 -0.485827 0 0 0 1 
-0.829015 -0.543285 -0.132576 -0.25659 0.00362743 -0.242289 0.970197 -1.28167 0.559215 -0.803827 -0.202832 -0.485827 0 0 0 1 
-0.829015 -0.543285 -0.132576 -0.25659 0.00362743 -0.242289 0.970197 -1.28167 0.559215 -0.803827 -0.202832 -0.485827 0 0 0 1 
-0.829015 -0.543285 -0.132576 -0.25659 0.00362743 -0.242289 0.970197 -1.28167 0.559215 -0.803827 -0.202832 -0.485827 0 0 0 1 
-0.829015 -0.543285 -0.132576 -0.25659 0.00362743 -0.242289 0.970197 -1.28167 0.559215 -0.803827 -0.202832 -0.485827 0 0 0 1 
-0.829015 -0.543285 -0.132576 -0.25659 0.00362743 -0.242289 0.970197 -1.28167 0.559215 -0.803827 -0.202832 -0.485827 0 0 0 1 
-0.829015 -0.543285 -0.132576 -0.25659 0.00362743 -0.242289 0.970197 -1.28167 0.559215 -0.803827 -0.202832 -0.485827 0 0 0 1 
-0.829015 -0.543285 -0.132576 -0.25659 0.00362743 -0.242289 0.970197 -1.28167 0.559215 -0.803827 -0.202832 -0.485827 0 0 0 1 
-0.694658 -0.719231 0.012553 -0.0940735 -2.93556e-06 0.0174535 0.999848 -0.372632 0.719341 -0.694552 0.0121263 -0.184103 0 0 0 1 
-0.756026 -0.653815 0.0308301 -0.0670849 -0.0443565 0.0981704 0.994181 -0.547778 0.653037 -0.750259 0.10322 -0.0677458 0 0 0 1 
-0.812074 -0.582129 0.0407807 -0.050676 -0.0810078 0.181661 0.980019 -0.73389 0.577905 -0.792544 0.194679 0.0497261 0 0 0 1 
-0.861884 -0.505342 0.042242 -0.0451151 -0.109358 0.266561 0.957594 -0.930729 0.495173 -0.820716 0.285008 0.166393 0 0 0 1 
-0.904644 -0.424712 0.0351902 -0.050493 -0.128943 0.351482 0.927273 -1.13789 0.406193 -0.834314 0.37273 0.280348 0 0 0 1 
-0.939654 -0.341556 0.0197406 -0.0667217 -0.139444 0.435036 0.88955 -1.35477 0.312419 -0.833116 0.456411 0.389727 0 0 0 1 
-0.939654 -0.341556 0.0197406 -0.0667217 -0.139444 0.435036 0.88955 -1.35477 0.312419 -0.833116 0.456411 0.389727 0 0 0 1 
-0.939654 -0.341556 0.0197406 -0.0667217 -0.139444 0.435036 0.88955 -1.35477 0.312419 -0.833116 0.456411 0.389727 0 0 0 1 
-0.939654 -0.341556 0.0197406 -0.0667217 -0.139444 0.435036 0.88955 -1.35477 0.312419 -0.833116 0.456411 0.389727 0 0 0 1 
-0.939654 -0.341556 0.0197406 -0.0667217 -0.139444 0.435036 0.88955 -1.35477 0.312419 -0.833116 0.456411 0.389727 0 0 0 1 
-0.939654 -0.341556 0.0197406 -0.0667217 -0.139444 0.435036 0.88955 -1.35477 0.312419 -0.833116 0.456411 0.389727 0 0 0 1 
-0.939654 -0.341556 0.0197406 -0.0667217 -0.139444 0.435036 0.88955 -1.35477 0.312419 -0.833116 0.456411 0.389727 0 0 0 1 
-0.939654 -0.341556 0.0197406 -0.0667217 -0.139444 0.435036 0.88955 -1.35477 0.312419 -0.833116 0.456411 0.389727 0 0 0 1 
-0.939654 -0.341556 0.0197406 -0.0667217 -0.139444 0.435036 0.88955 -1.35477 0.312419 -0.833116 0.456411 0.389727 0 0 0 1 
-0.939654 -0.341556 0.0197406 -0.0667217 -0.139444 0.435036 0.88955 -1.35477 0.312419 -0.833116 0.456411 0.389727 0 0 0 1 
-0.939654 -0.341556 0.0197406 -0.0667217 -0.139444 0.435036 0.88955 -1.35477 0.312419 -0.833116 0.456411 0.389727 0 0 0 1 
-0.939654 -0.341556 0.0197406 -0.0667217 -0.139444 0.435036 0.88955 -1.35477 0.312419 -0.833116 0.456411 0.389727 0 0 0 1 
-0.939654 -0.341556 0.0197406 -0.0667217 -0.139444 0.435036 0.88955 -1.35477 0.312419 -0.833116 0.456411 0.389727 0 0 0 1 
-0.939654 -0.341556 0.0197406 -0.0667217 -0.139444 0.435036 0.88955 -1.35477 0.312419 -0.833116 0.456411 0.389727 0 0 0 1 
-0.939654 -0.341556 0.0197406 -0.0667217 -0.139444 0.435036 0.88955 -1.35477 0.312419 -0.833116 0.456411 0.389727 0 0 0 1 
-0.939654 -0.341556 0.0197406 -0.0667217 -0.139444 0.435036 0.88955 -1.35477 0.312419 -0.833116 0.456411 0.389727 0 0 0 1 
-0.694658 -0.691475 0.198276 -0.13433 -3.17155e-06 0.275638 0.961262 -0.351715 0.719341 -0.667747 0.191476 -0.222978 0 0 0 1 
-0.737456 -0.643503 0.205092 -0.105605 -0.0454692 0.350277 0.935542 -0.522661 0.673863 -0.680596 0.287574 -0.105703 0 0 0 1 
-0.778235 -0.594195 0.203182 -0.0876053 -0.0878192 0.42335 0.9017 -0.704863 0.621803 -0.683891 0.381647 0.013038 0 0 0 1 
-0.816441 -0.544368 0.19258 -0.0806261 -0.126546 0.494088 0.860153 -0.898094 0.563392 -0.677894 0.472282 0.131261 0 0 0 1 
-0.851515 -0.494808 0.173454 -0.0847785 -0.161157 0.561783 0.811436 -1.10195 0.498949 -0.662997 0.558109 0.246996 0 0 0 1 
-0.882895 -0.446265 0.146097 -0.0999878 -0.191182 0.625797 0.756193 -1.31585 0.428889 -0.639707 0.637831 0.358312 0 0 0 1 
-0.882895 -0.446265 0.146097 -0.0999878 -0.191182 0.625797 0.756193 -1.31585 0.428889 -0.639707 0.637831 0.358312 0 0 0 1 
-0.882895 -0.446265 0.146097 -0.0999878 -0.191182 0.625797 0.756193 -1.31585 0.428889 -0.639707 0.637831 0.358312 0 0 0 1 
-0.882895 -0.446265 0.146097 -0.0999878 -0.191182 0.625797 0.756193 -1.31585 0.428889 -0.639707 0.637831 0.358312 0 0 0 1 
-0.882895 -0.446265 0.146097 -0.0999878 -0.191182 0.625797 0.756193 -1.31585 0.428889 -0.639707 0.637831 0.358312 0 0 0 1 
-0.882895 -0.446265 0.146097 -0.0999878 -0.191182 0.625797 0.756193 -1.31585 0.428889 -0.639707 0.637831 0.358312 0 0 0 1 
-0.882895 -0.446265 0.146097 -0.0999878 -0.191182 0.625797 0.756193 -1.31585 0.428889 -0.639707 0.637831 0.358312 0 0 0 1 
-0.882895 -0.446265 0.146097 -0.0999878 -0.191182 0.625797 0.756193 -1.31585 0.428889 -0.639707 0.637831 0.358312 0 0 0 1 
-0.882895 -0.446265 0.146097 -0.0999878 -0.191182 0.625797 0.756193 -1.31585 0.428889 -0.639707 0.637831 0.358312 0 0 0 1 
-0.882895 -0.446265 0.146097 -0.0999878 -0.191182 0.625797 0.756193 -1.31585 0.428889 -0.639707 0.637831 0.358312 0 0 0 1 
-0.882895 -0.446265 0.146097 -0.0999878 -0.191182 0.625797 0.756193 -1.31585 0.428889 -0.639707 0.637831 0.358312 0 0 0 1 
-0.882895 -0.446265 0.146097 -0.0999878 -0.191182 0.625797 0.756193 -1.31585 0.428889 -0.639707 0.637831 0.358312 0 0 0 1 
-0.882895 -0.446265 0.146097 -0.0999878 -0.191182 0.625797 0.756193 -1.31585 0.428889 -0.639707 0.637831 0.358312 0 0 0 1 
-0.882895 -0.446265 0.146097 -0.0999878 -0.191182 0.625797 0.756193 -1.31585 0.428889 -0.639707 0.637831 0.358312 0 0 0 1 
-0.882895 -0.446265 0.146097 -0.0999878 -0.191182 0.625797 0.756193 -1.31585 0.428889 -0.639707 0.637831 0.358312 0 0 0 1 
-0.882895 -0.446265 0.146097 -0.0999878 -0.191182 0.625797 0.756193 -1.31585 0.428889 -0.639707 0.637831 0.358312 0 0 0 1 
-0.694658 -0.710484 -0.112531 0.588737 -2.84429e-06 -0.156433 0.987689 -0.100029 0.719341 -0.686105 -0.108666 0.475281 0 0 0 1 
-0.737456 -0.669887 -0.0860788 0.577974 -0.0454689 -0.0779184 0.995923 -0.351264 0.673863 -0.738363 -0.0270023 0.653955 0 0 0 1 
-0.778235 -0.624392 -0.0669726 0.55076 -0.0878188 0.00261053 0.996133 -0.616567 0.621803 -0.781107 0.056865 0.824476 0 0 0 1 
-0.816441 -0.574753 -0.0555229 0.507548 -0.126546 0.0842796 0.988374 -0.894805 0.563392 -0.813976 0.141542 0.984361 0 0 0 1 
-0.851515 -0.521754 -0.0519119 0.449021 -0.161157 0.166221 0.972831 -1.18466 0.498949 -0.836746 0.225624 1.13128 0 0 0 1 
-0.882895 -0.466197 -0.0561909 0.376076 -0.191182 0.247584 0.949817 -1.48464 0.428889 -0.849331 0.307719 1.26308 0 0 0 1 
-0.882895 -0.466197 -0.0561909 0.376076 -0.191182 0.247584 0.949817 -1.48464 0.428889 -0.849331 0.307719 1.26308 0 0 0 1 
-0.882895 -0.466197 -0.0561909 0.376076 -0.191182 0.247584 0.949817 -1.48464 0.428889 -0.849331 0.307719 1.26308 0 0 0 1 
-0.882895 -0.466197 -0.0561909 0.376076 -0.191182 0.247584 0.949817 -1.48464 0.428889 -0.849331 0.307719 1.26308 0 0 0 1 
-0.882895 -0.466197 -0.0561909 0.376076 -0.191182 0.247584 0.949817 -1.48464 0.428889 -0.849331 0.307719 1.26308 0 0 0 1 
-0.882895 -0.466197 -0.0561909 0.376076 -0.191182 0.247584 0.949817 -1.48464 0.428889 -0.849331 0.307719 1.26308 0 0 0 1 
-0.882895 -0.466197 -0.0561909 0.376076 -0.191182 0.247584 0.949817 -1.48464 0.428889 -0.849331 0.307719 1.26308 0 0 0 1 
-0.882895 -0.466197 -0.0561909 0.376076 -0.191182 0.247584 0.949817 -1.48464 0.428889 -0.849331 0.307719 1.26308 0 0 0 1 
-0.882895 -0.466197 -0.0561909 0.376076 -0.191182 0.247584 0.949817 -1.48464 0.428889 -0.849331 0.307719 1.26308 0 0 0 1 
-0.882895 -0.466197 -0.0561909 0.376076 -0.191182 0.247584 0.949817 -1.48464 0.428889 -0.849331 0.307719 1.26308 0 0 0 1 
-0.882895 -0.466197 -0.0561909 0.376076 -0.191182 0.247584 0.949817 -1.48464 0.428889 -0.849331 0.307719 1.26308 0 0 0 1 
-0.882895 -0.466197 -0.0561909 0.376076 -0.191182 0.247584 0.949817 -1.48464 0.428889 -0.849331 0.307719 1.26308 0 0 0 1 
-0.882895 -0.466197 -0.0561909 0.376076 -0.191182 0.247584 0.949817 -1.48464 0.428889 -0.849331 0.307719 1.26308 0 0 0 1 
-0.882895 -0.466197 -0.0561909 0.376076 -0.191182 0.247584 0.949817 -1.48464 0.428889 -0.849331 0.307719 1.26308 0 0 0 1 
-0.882895 -0.466197 -0.0561909 0.376076 -0.191182 0.247584 0.949817 -1.48464 0.428889 -0.849331 0.307719 1.26308 0 0 0 1 
-0.882895 -0.466197 -0.0561909 0.376076 -0.191182 0.247584 0.949817 -1.48464 0.428889 -0.849331 0.307719 1.26308 0 0 0 1 
-0.694659 -0.691474 0.198276 -0.13433 -2.11014e-06 0.275639 0.961262 -0.351715 0.71934 -0.667748 0.191476 -0.222979 0 0 0 1 
-0.737457 -0.643501 0.205093 -0.105605 -0.0454681 0.350277 0.935542 -0.52266 0.673862 -0.680597 0.287573 -0.105703 0 0 0 1 
-0.778236 -0.594194 0.203182 -0.0876054 -0.0878178 0.42335 0.9017 -0.704864 0.621802 -0.683892 0.381647 0.013038 0 0 0 1 
-0.816442 -0.544367 0.19258 -0.080626 -0.126545 0.494088 0.860153 -0.898095 0.563391 -0.677895 0.472281 0.131262 0 0 0 1 
-0.851516 -0.494807 0.173455 -0.0847782 -0.161156 0.561783 0.811436 -1.10195 0.498948 -0.662998 0.558108 0.246996 0 0 0 1 
-0.882896 -0.446263 0.146097 -0.0999879 -0.191181 0.625798 0.756193 -1.31585 0.428888 -0.639708 0.637831 0.358312 0 0 0 1 
-0.882896 -0.446263 0.146097 -0.0999879 -0.191181 0.625798 0.756193 -1.31585 0.428888 -0.639708 0.637831 0.358312 0 0 0 1 
-0.882896 -0.446263 0.146097 -0.0999879 -0.191181 0.625798 0.756193 -1.31585 0.428888 -0.639708 0.637831 0.358312 0 0 0 1 
-0.882896 -0.446263 0.146097 -0.0999879 -0.191181 0.625798 0.756193 -1.31585 0.428888 -0.639708 0.637831 0.358312 0 0 0 1 
-0.882896 -0.446263 0.146097 -0.0999879 -0.191181 0.625798 0.756193 -1.31585 0.428888 -0.639708 0.637831 0.358312 0 0 0 1 
-0.882896 -0.446263 0.146097 -0.0999879 -0.191181 0.625798 0.756193 -1.31585 0.428888 -0.639708 0.637831 0.358312 0 0 0 1 
-0.882896 -0.446263 0.146097 -0.0999879 -0.191181 0.625798 0.756193 -1.31585 0.428888 -0.639708 0.637831 0.358312 0 0 0 1 
-0.882896 -0.446263 0.146097 -0.0999879 -0.191181 0.625798 0.756193 -1.31585 0.428888 -0.639708 0.637831 0.358312 0 0 0 1 
-0.882896 -0.446263 0.146097 -0.0999879 -0.191181 0.625798 0.756193 -1.31585 0.428888 -0.639708 0.637831 0.358312 0 0 0 1 
-0.882896 -0.446263 0.146097 -0.0999879 -0.191181 0.625798 0.756193 -1.31585 0.428888 -0.639708 0.637831 0.358312 0 0 0 1 
-0.882896 -0.446263 0.146097 -0.0999879 -0.191181 0.625798 0.756193 -1.31585 0.428888 -0.639708 0.637831 0.358312 0 0 0 1 
-0.882896 -0.446263 0.146097 -0.0999879 -0.191181 0.625798 0.756193 -1.31585 0.428888 -0.639708 0.637831 0.358312 0 0 0 1 
-0.882896 -0.446263 0.146097 -0.0999879 -0.191181 0.625798 0.756193 -1.31585 0.428888 -0.639708 0.637831 0.358312 0 0 0 1 
-0.882896 -0.446263 0.146097 -0.0999879 -0.191181 0.625798 0.756193 -1.31585 0.428888 -0.639708 0.637831 0.358312 0 0 0 1 
-0.882896 -0.446263 0.146097 -0.0999879 -0.191181 0.625798 0.756193 -1.31585 0.428888 -0.639708 0.637831 0.358312 0 0 0 1 
-0.882896 -0.446263 0.146097 -0.0999879 -0.191181 0.625798 0.756193 -1.31585 0.428888 -0.639708 0.637831 0.358312 0 0 0 1 
-0.982893 -0.149942 -0.106949 0.575011 -0.0095778 -0.53829 0.842705 0.261446 0.183926 -0.829314 -0.527646 1.92209 0 0 0 1 
-0.982659 -0.128821 -0.13337 0.589602 -0.0151123 -0.661236 0.750026 0.220386 0.184808 -0.739035 -0.647822 2.22999 0 0 0 1 
-0.982241 -0.103895 -0.156235 0.576936 -0.0204411 -0.768481 0.639546 0.179187 0.18651 -0.631381 -0.752709 2.49569 0 0 0 1 
-0.98165 -0.0757563 -0.175 0.536858 -0.0254378 -0.857481 0.513888 0.133741 0.18899 -0.508909 -0.839818 2.71294 0 0 0 1 
-0.9809 -0.0450725 -0.18922 0.469815 -0.0299833 -0.926121 0.376034 0.0799764 0.19219 -0.374525 -0.90708 2.87654 0 0 0 1 
-0.980008 -0.0125721 -0.198557 0.37686 -0.0339701 -0.972773 0.229257 0.0139978 0.196034 -0.231419 -0.952899 2.98245 0 0 0 1 
-0.980008 -0.0125721 -0.198557 0.37686 -0.0339701 -0.972773 0.229257 0.0139978 0.196034 -0.231419 -0.952899 2.98245 0 0 0 1 
-0.980008 -0.0125721 -0.198557 0.37686 -0.0339701 -0.972773 0.229257 0.0139978 0.196034 -0.231419 -0.952899 2.98245 0 0 0 1 
-0.980008 -0.0125721 -0.198557 0.37686 -0.0339701 -0.972773 0.229257 0.0139978 0.196034 -0.231419 -0.952899 2.98245 0 0 0 1 
-0.980008 -0.0125721 -0.198557 0.37686 -0.0339701 -0.972773 0.229257 0.0139978 0.196034 -0.231419 -0.952899 2.98245 0 0 0 1 
-0.980008 -0.0125721 -0.198557 0.37686 -0.0339701 -0.972773 0.229257 0.0139978 0.196034 -0.231419 -0.952899 2.98245 0 0 0 1 
-0.980008 -0.0125721 -0.198557 0.37686 -0.0339701 -0.972773 0.229257 0.0139978 0.196034 -0.231419 -0.952899 2.98245 0 0 0 1 
-0.980008 -0.0125721 -0.198557 0.37686 -0.0339701 -0.972773 0.229257 0.0139978 0.196034 -0.231419 -0.952899 2.98245 0 0 0 1 
-0.980008 -0.0125721 -0.198557 0.37686 -0.0339701 -0.972773 0.229257 0.0139978 0.196034 -0.231419 -0.952899 2.98245 0 0 0 1 
-0.980008 -0.0125721 -0.198557 0.37686 -0.0339701 -0.972773 0.229257 0.0139978 0.196034 -0.231419 -0.952899 2.98245 0 0 0 1 
-0.980008 -0.0125721 -0.198557 0.37686 -0.0339701 -0.972773 0.229257 0.0139978 0.196034 -0.231419 -0.952899 2.98245 0 0 0 1 
-0.980008 -0.0125721 -0.198557 0.37686 -0.0339701 -0.972773 0.229257 0.0139978 0.196034 -0.231419 -0.952899 2.98245 0 0 0 1 
-0.980008 -0.0125721 -0.198557 0.37686 -0.0339701 -0.972773 0.229257 0.0139978 0.196034 -0.231419 -0.952899 2.98245 0 0 0 1 
-0.980008 -0.0125721 -0.198557 0.37686 -0.0339701 -0.972773 0.229257 0.0139978 0.196034 -0.231419 -0.952899 2.98245 0 0 0 1 
-0.980008 -0.0125721 -0.198557 0.37686 -0.0339701 -0.972773 0.229257 0.0139978 0.196034 -0.231419 -0.952899 2.98245 0 0 0 1 
-0.980008 -0.0125721 -0.198557 0.37686 -0.0339701 -0.972773 0.229257 0.0139978 0.196034 -0.231419 -0.952899 2.98245 0 0 0 1 
-0.728555 -0.353443 -0.586759 -0.282198 0.503662 -0.856976 -0.109164 -1.53518 0.464255 0.37506 -0.80237 -0.0608658 0 0 0 1 
-0.763349 -0.334713 -0.552508 -0.127441 0.50946 -0.837798 -0.19633 -1.7243 0.397175 0.431349 -0.810055 0.540305 0 0 0 1 
-0.797068 -0.313051 -0.516413 -0.0028379 0.504338 -0.815427 -0.284116 -1.8605 0.332155 0.486906 -0.807834 1.10752 0 0 0 1 
-0.829228 -0.288503 -0.478692 0.0891191 0.488905 -0.789456 -0.371122 -1.94825 0.270836 0.54178 -0.79569 1.62601 0 0 0 1 
-0.859381 -0.261169 -0.439608 0.146631 0.464055 -0.759414 -0.456008 -1.99348 0.214749 0.595887 -0.773823 2.08224 0 0 0 1 
-0.887119 -0.231195 -0.39946 0.168647 0.430939 -0.724815 -0.537526 -2.00339 0.165261 0.648993 -0.742629 2.4643 0 0 0 1 
-0.887119 -0.231195 -0.39946 0.168647 0.430939 -0.724815 -0.537526 -2.00339 0.165261 0.648993 -0.742629 2.4643 0 0 0 1 
-0.887119 -0.231195 -0.39946 0.168647 0.430939 -0.724815 -0.537526 -2.00339 0.165261 0.648993 -0.742629 2.4643 0 0 0 1 
-0.887119 -0.231195 -0.39946 0.168647 0.430939 -0.724815 -0.537526 -2.00339 0.165261 0.648993 -0.742629 2.4643 0 0 0 1 
-0.887119 -0.231195 -0.39946 0.168647 0.430939 -0.724815 -0.537526 -2.00339 0.165261 0.648993 -0.742629 2.4643 0 0 0 1 
-0.887119 -0.231195 -0.39946 0.168647 0.430939 -0.724815 -0.537526 -2.00339 0.165261 0.648993 -0.742629 2.4643 0 0 0 1 
-0.887119 -0.231195 -0.39946 0.168647 0.430939 -0.724815 -0.537526 -2.00339 0.165261 0.648993 -0.742629 2.4643 0 0 0 1 
-0.887119 -0.231195 -0.39946 0.168647 0.430939 -0.724815 -0.537526 -2.00339 0.165261 0.648993 -0.742629 2.4643 0 0 0 1 
-0.887119 -0.231195 -0.39946 0.168647 0.430939 -0.724815 -0.537526 -2.00339 0.165261 0.648993 -0.742629 2.4643 0 0 0 1 
-0.887119 -0.231195 -0.39946 0.168647 0.430939 -0.724815 -0.537526 -2.00339 0.165261 0.648993 -0.742629 2.4643 0 0 0 1 
-0.887119 -0.231195 -0.39946 0.168647 0.430939 -0.724815 -0.537526 -2.00339 0.165261 0.648993 -0.742629 2.4643 0 0 0 1 
-0.887119 -0.231195 -0.39946 0.168647 0.430939 -0.724815 -0.537526 -2.00339 0.165261 0.648993 -0.742629 2.4643 0 0 0 1 
-0.887119 -0.231195 -0.39946 0.168647 0.430939 -0.724815 -0.537526 -2.00339 0.165261 0.648993 -0.742629 2.4643 0 0 0 1 
-0.887119 -0.231195 -0.39946 0.168647 0.430939 -0.724815 -0.537526 -2.00339 0.165261 0.648993 -0.742629 2.4643 0 0 0 1 
-0.887119 -0.231195 -0.39946 0.168647 0.430939 -0.724815 -0.537526 -2.00339 0.165261 0.648993 -0.742629 2.4643 0 0 0 1 
-0.887119 -0.231195 -0.39946 0.168647 0.430939 -0.724815 -0.537526 -2.00339 0.165261 0.648993 -0.742629 2.4643 0 0 0 1 
-0.648352 -0.366767 -0.667175 -0.733258 0.569475 -0.815244 -0.105242 -1.79413 0.505311 0.448173 -0.737429 -0.123021 0 0 0 1 
-0.669966 -0.384866 -0.634842 -0.616074 0.622143 -0.757648 -0.197249 -2.18603 0.405072 0.527113 -0.74704 0.589903 0 0 0 1 
-0.690512 -0.403657 -0.600213 -0.526589 0.658343 -0.694469 -0.290341 -2.50598 0.299631 0.59563 -0.745283 1.30326 0 0 0 1 
-0.709622 -0.423028 -0.563457 -0.466836 0.678034 -0.627457 -0.382843 -2.75455 0.191592 0.653717 -0.732084 1.99879 0 0 0 1 
-0.726969 -0.442835 -0.524798 -0.438182 0.681584 -0.558204 -0.47313 -2.93424 0.0834258 0.701644 -0.707627 2.65927 0 0 0 1 
-0.742271 -0.462911 -0.484507 -0.44129 0.66972 -0.488108 -0.559667 -3.04929 -0.0225843 0.739908 -0.672329 3.26899 0 0 0 1 
-0.742271 -0.462911 -0.484507 -0.44129 0.66972 -0.488108 -0.559667 -3.04929 -0.0225843 0.739908 -0.672329 3.26899 0 0 0 1 
-0.742271 -0.462911 -0.484507 -0.44129 0.66972 -0.488108 -0.559667 -3.04929 -0.0225843 0.739908 -0.672329 3.26899 0 0 0 1 
-0.742271 -0.462911 -0.484507 -0.44129 0.66972 -0.488108 -0.559667 -3.04929 -0.0225843 0.739908 -0.672329 3.26899 0 0 0 1 
-0.742271 -0.462911 -0.484507 -0.44129 0.66972 -0.488108 -0.559667 -3.04929 -0.0225843 0.739908 -0.672329 3.26899 0 0 0 1 
-0.742271 -0.462911 -0.484507 -0.44129 0.66972 -0.488108 -0.559667 -3.04929 -0.0225843 0.739908 -0.672329 3.26899 0 0 0 1 
-0.742271 -0.462911 -0.484507 -0.44129 0.66972 -0.488108 -0.559667 -3.04929 -0.0225843 0.739908 -0.672329 3.26899 0 0 0 1 
-0.742271 -0.462911 -0.484507 -0.44129 0.66972 -0.488108 -0.559667 -3.04929 -0.0225843 0.739908 -0.672329 3.26899 0 0 0 1 
-0.742271 -0.462911 -0.484507 -0.44129 0.66972 -0.488108 -0.559667 -3.04929 -0.0225843 0.739908 -0.672329 3.26899 0 0 0 1 
-0.742271 -0.462911 -0.484507 -0.44129 0.66972 -0.488108 -0.559667 -3.04929 -0.0225843 0.739908 -0.672329 3.26899 0 0 0 1 
-0.742271 -0.462911 -0.484507 -0.44129 0.66972 -0.488108 -0.559667 -3.04929 -0.0225843 0.739908 -0.672329 3.26899 0 0 0 1 
-0.742271 -0.462911 -0.484507 -0.44129 0.66972 -0.488108 -0.559667 -3.04929 -0.0225843 0.739908 -0.672329 3.26899 0 0 0 1 
-0.742271 -0.462911 -0.484507 -0.44129 0.66972 -0.488108 -0.559667 -3.04929 -0.0225843 0.739908 -0.672329 3.26899 0 0 0 1 
-0.742271 -0.462911 -0.484507 -0.44129 0.66972 -0.488108 -0.559667 -3.04929 -0.0225843 0.739908 -0.672329 3.26899 0 0 0 1 
-0.742271 -0.462911 -0.484507 -0.44129 0.66972 -0.488108 -0.559667 -3.04929 -0.0225843 0.739908 -0.672329 3.26899 0 0 0 1 
-0.742271 -0.462911 -0.484507 -0.44129 0.66972 -0.488108 -0.559667 -3.04929 -0.0225843 0.739908 -0.672329 3.26899 0 0 0 1 
-0.694659 -0.691474 0.198276 -0.134329 -2.16346e-06 0.275638 0.961262 -0.351715 0.71934 -0.667748 0.191476 -0.222978 0 0 0 1 
-0.737457 -0.643501 0.205093 -0.105605 -0.045468 0.350277 0.935542 -0.522661 0.673862 -0.680597 0.287573 -0.105703 0 0 0 1 
-0.778236 -0.594194 0.203182 -0.0876049 -0.0878179 0.42335 0.9017 -0.704865 0.621802 -0.683892 0.381647 0.0130382 0 0 0 1 
-0.816442 -0.544367 0.19258 -0.0806262 -0.126545 0.494088 0.860153 -0.898095 0.563391 -0.677895 0.472281 0.131261 0 0 0 1 
-0.851516 -0.494807 0.173455 -0.0847782 -0.161156 0.561783 0.811436 -1.10195 0.498948 -0.662998 0.558108 0.246996 0 0 0 1 
-0.882896 -0.446263 0.146097 -0.0999879 -0.191181 0.625798 0.756193 -1.31585 0.428888 -0.639708 0.637831 0.358312 0 0 0 1 
-0.882896 -0.446263 0.146097 -0.0999879 -0.191181 0.625798 0.756193 -1.31585 0.428888 -0.639708 0.637831 0.358312 0 0 0 1 
-0.882896 -0.446263 0.146097 -0.0999879 -0.191181 0.625798 0.756193 -1.31585 0.428888 -0.639708 0.637831 0.358312 0 0 0 1 
-0.882896 -0.446263 0.146097 -0.0999879 -0.191181 0.625798 0.756193 -1.31585 0.428888 -0.639708 0.637831 0.358312 0 0 0 1 
-0.882896 -0.446263 0.146097 -0.0999879 -0.191181 0.625798 0.756193 -1.31585 0.428888 -0.639708 0.637831 0.358312 0 0 0 1 
-0.882896 -0.446263 0.146097 -0.0999879 -0.191181 0.625798 0.756193 -1.31585 0.428888 -0.639708 0.637831 0.358312 0 0 0 1 
-0.882896 -0.446263 0.146097 -0.0999879 -0.191181 0.625798 0.756193 -1.31585 0.428888 -0.639708 0.637831 0.358312 0 0 0 1 
-0.882896 -0.446263 0.146097 -0.0999879 -0.191181 0.625798 0.756193 -1.31585 0.428888 -0.639708 0.637831 0.358312 0 0 0 1 
-0.882896 -0.446263 0.146097 -0.0999879 -0.191181 0.625798 0.756193 -1.31585 0.428888 -0.639708 0.637831 0.358312 0 0 0 1 
-0.882896 -0.446263 0.146097 -0.0999879 -0.191181 0.625798 0.756193 -1.31585 0.428888 -0.639708 0.637831 0.358312 0 0 0 1 
-0.882896 -0.446263 0.146097 -0.0999879 -0.191181 0.625798 0.756193 -1.31585 0.428888 -0.639708 0.637831 0.358312 0 0 0 1 
-0.882896 -0.446263 0.146097 -0.0999879 -0.191181 0.625798 0.756193 -1.31585 0.428888 -0.639708 0.637831 0.358312 0 0 0 1 
-0.882896 -0.446263 0.146097 -0.0999879 -0.191181 0.625798 0.756193 -1.31585 0.428888 -0.639708 0.637831 0.358312 0 0 0 1 
-0.882896 -0.446263 0.146097 -0.0999879 -0.191181 0.625798 0.756193 -1.31585 0.428888 -0.639708 0.637831 0.358312 0 0 0 1 
-0.882896 -0.446263 0.146097 -0.0999879 -0.191181 0.625798 0.756193 -1.31585 0.428888 -0.639708 0.637831 0.358312 0 0 0 1 
-0.882896 -0.446263 0.146097 -0.0999879 -0.191181 0.625798 0.756193 -1.31585 0.428888 -0.639708 0.637831 0.358312 0 0 0 1 
-0.885961 -0.310718 -0.344279 0.145179 -0.203642 -0.406313 0.890752 -0.26634 0.416658 -0.859281 -0.296702 0.0643368 0 0 0 1 
-0.875147 -0.348425 -0.335735 0.312534 -0.0916802 -0.561895 0.822113 0.0315677 0.475092 -0.75025 -0.459797 0.700787 0 0 0 1 
-0.860013 -0.385578 -0.334226 0.471181 0.0293945 -0.691343 0.721928 0.350433 0.509425 -0.611043 -0.605898 1.26751 0 0 0 1 
-0.841201 -0.420601 -0.339817 0.617584 0.154439 -0.789158 0.594457 0.6712 0.518198 -0.447577 -0.728798 1.75079 0 0 0 1 
-0.819511 -0.452004 -0.35227 0.747889 0.27814 -0.851184 0.445112 0.973832 0.501039 -0.266794 -0.823274 2.14078 0 0 0 1 
-0.795864 -0.478454 -0.371056 0.85805 0.395243 -0.874785 0.280241 1.23821 0.458677 -0.0763765 -0.885315 2.43173 0 0 0 1 
-0.795864 -0.478454 -0.371056 0.85805 0.395243 -0.874785 0.280241 1.23821 0.458677 -0.0763765 -0.885315 2.43173 0 0 0 1 
-0.795864 -0.478454 -0.371056 0.85805 0.395243 -0.874785 0.280241 1.23821 0.458677 -0.0763765 -0.885315 2.43173 0 0 0 1 
-0.795864 -0.478454 -0.371056 0.85805 0.395243 -0.874785 0.280241 1.23821 0.458677 -0.0763765 -0.885315 2.43173 0 0 0 1 
-0.795864 -0.478454 -0.371056 0.85805 0.395243 -0.874785 0.280241 1.23821 0.458677 -0.0763765 -0.885315 2.43173 0 0 0 1 
-0.795864 -0.478454 -0.371056 0.85805 0.395243 -0.874785 0.280241 1.23821 0.458677 -0.0763765 -0.885315 2.43173 0 0 0 1 
-0.795864 -0.478454 -0.371056 0.85805 0.395243 -0.874785 0.280241 1.23821 0.458677 -0.0763765 -0.885315 2.43173 0 0 0 1 
-0.795864 -0.478454 -0.371056 0.85805 0.395243 -0.874785 0.280241 1.23821 0.458677 -0.0763765 -0.885315 2.43173 0 0 0 1 
-0.795864 -0.478454 -0.371056 0.85805 0.395243 -0.874785 0.280241 1.23821 0.458677 -0.0763765 -0.885315 2.43173 0 0 0 1 
-0.795864 -0.478454 -0.371056 0.85805 0.395243 -0.874785 0.280241 1.23821 0.458677 -0.0763765 -0.885315 2.43173 0 0 0 1 
-0.795864 -0.478454 -0.371056 0.85805 0.395243 -0.874785 0.280241 1.23821 0.458677 -0.0763765 -0.885315 2.43173 0 0 0 1 
-0.795864 -0.478454 -0.371056 0.85805 0.395243 -0.874785 0.280241 1.23821 0.458677 -0.0763765 -0.885315 2.43173 0 0 0 1 
-0.795864 -0.478454 -0.371056 0.85805 0.395243 -0.874785 0.280241 1.23821 0.458677 -0.0763765 -0.885315 2.43173 0 0 0 1 
-0.795864 -0.478454 -0.371056 0.85805 0.395243 -0.874785 0.280241 1.23821 0.458677 -0.0763765 -0.885315 2.43173 0 0 0 1 
-0.795864 -0.478454 -0.371056 0.85805 0.395243 -0.874785 0.280241 1.23821 0.458677 -0.0763765 -0.885315 2.43173 0 0 0 1 
-0.795864 -0.478454 -0.371056 0.85805 0.395243 -0.874785 0.280241 1.23821 0.458677 -0.0763765 -0.885315 2.43173 0 0 0 1 
-0.707274 0.691763 0.145698 0.12286 -0.702331 -0.711073 -0.0332632 -2.01559 -0.080592 0.125855 -0.98877 -2.61652 0 0 0 1 
-0.768497 0.639326 0.0259773 0.016248 -0.634549 -0.756281 -0.159329 -1.97248 0.0822171 0.138928 -0.986884 -1.49788 0 0 0 1 
-0.817206 0.569321 -0.0897121 -0.0535274 -0.529576 -0.803161 -0.272911 -1.77724 0.227427 0.175515 -0.957847 -0.418427 0 0 0 1 
-0.852262 0.484122 -0.198182 -0.0835345 -0.392633 -0.842338 -0.369198 -1.45206 0.345673 0.23684 -0.907974 0.571688 0 0 0 1 
-0.873173 0.386716 -0.296681 -0.073622 -0.231389 -0.864611 -0.44599 -1.02995 0.428985 0.320778 -0.844437 1.42908 0 0 0 1 
-0.880126 0.280473 -0.383032 -0.0264032 -0.0555129 -0.862091 -0.503704 -0.552299 0.471484 0.42206 -0.774318 2.12015 0 0 0 1 
-0.880126 0.280473 -0.383032 -0.0264032 -0.0555129 -0.862091 -0.503704 -0.552299 0.471484 0.42206 -0.774318 2.12015 0 0 0 1 
-0.880126 0.280473 -0.383032 -0.0264032 -0.0555129 -0.862091 -0.503704 -0.552299 0.471484 0.42206 -0.774318 2.12015 0 0 0 1 
-0.880126 0.280473 -0.383032 -0.0264032 -0.0555129 -0.862091 -0.503704 -0.552299 0.471484 0.42206 -0.774318 2.12015 0 0 0 1 
-0.880126 0.280473 -0.383032 -0.0264032 -0.0555129 -0.862091 -0.503704 -0.552299 0.471484 0.42206 -0.774318 2.12015 0 0 0 1 
-0.880126 0.280473 -0.383032 -0.0264032 -0.0555129 -0.862091 -0.503704 -0.552299 0.471484 0.42206 -0.774318 2.12015 0 0 0 1 
-0.880126 0.280473 -0.383032 -0.0264032 -0.0555129 -0.862091 -0.503704 -0.552299 0.471484 0.42206 -0.774318 2.12015 0 0 0 1 
-0.880126 0.280473 -0.383032 -0.0264032 -0.0555129 -0.862091 -0.503704 -0.552299 0.471484 0.42206 -0.774318 2.12015 0 0 0 1 
-0.880126 0.280473 -0.383032 -0.0264032 -0.0555129 -0.862091 -0.503704 -0.552299 0.471484 0.42206 -0.774318 2.12015 0 0 0 1 
-0.880126 0.280473 -0.383032 -0.0264032 -0.0555129 -0.862091 -0.503704 -0.552299 0.471484 0.42206 -0.774318 2.12015 0 0 0 1 
-0.880126 0.280473 -0.383032 -0.0264032 -0.0555129 -0.862091 -0.503704 -0.552299 0.471484 0.42206 -0.774318 2.12015 0 0 0 1 
-0.880126 0.280473 -0.383032 -0.0264032 -0.0555129 -0.862091 -0.503704 -0.552299 0.471484 0.42206 -0.774318 2.12015 0 0 0 1 
-0.880126 0.280473 -0.383032 -0.0264032 -0.0555129 -0.862091 -0.503704 -0.552299 0.471484 0.42206 -0.774318 2.12015 0 0 0 1 
-0.880126 0.280473 -0.383032 -0.0264032 -0.0555129 -0.862091 -0.503704 -0.552299 0.471484 0.42206 -0.774318 2.12015 0 0 0 1 
-0.880126 0.280473 -0.383032 -0.0264032 -0.0555129 -0.862091 -0.503704 -0.552299 0.471484 0.42206 -0.774318 2.12015 0 0 0 1 
-0.880126 0.280473 -0.383032 -0.0264032 -0.0555129 -0.862091 -0.503704 -0.552299 0.471484 0.42206 -0.774318 2.12015 0 0 0 1 
-0.642196 0.726917 0.243263 0.540248 -0.750171 -0.661229 -0.00451475 -2.16264 -0.15757 0.185388 -0.96995 -2.89677 0 0 0 1 
-0.692633 0.690377 0.208901 0.630961 -0.717952 -0.687714 -0.107681 -2.218 -0.0693242 0.224564 -0.97199 -2.07841 0 0 0 1 
-0.744414 0.64242 0.182054 0.710207 -0.667659 -0.71252 -0.215747 -2.22817 0.00888363 0.282155 -0.959328 -1.29233 0 0 0 1 
-0.795073 0.584179 0.163079 0.781046 -0.602108 -0.727875 -0.328123 -2.2136 0.0729811 0.359073 -0.930452 -0.553582 0 0 0 1 
-0.842302 0.517192 0.151788 0.845476 -0.525636 -0.725834 -0.443704 -2.19631 0.119307 0.453517 -0.883226 0.12841 0 0 0 1 
-0.884147 0.443305 0.147532 0.904219 -0.444055 -0.699156 -0.560355 -2.19794 0.14526 0.560948 -0.815008 0.750726 0 0 0 1 
-0.884147 0.443305 0.147532 0.904219 -0.444055 -0.699156 -0.560355 -2.19794 0.14526 0.560948 -0.815008 0.750726 0 0 0 1 
-0.884147 0.443305 0.147532 0.904219 -0.444055 -0.699156 -0.560355 -2.19794 0.14526 0.560948 -0.815008 0.750726 0 0 0 1 
-0.884147 0.443305 0.147532 0.904219 -0.444055 -0.699156 -0.560355 -2.19794 0.14526 0.560948 -0.815008 0.750726 0 0 0 1 
-0.884147 0.443305 0.147532 0.904219 -0.444055 -0.699156 -0.560355 -2.19794 0.14526 0.560948 -0.815008 0.750726 0 0 0 1 
-0.884147 0.443305 0.147532 0.904219 -0.444055 -0.699156 -0.560355 -2.19794 0.14526 0.560948 -0.815008 0.750726 0 0 0 1 
-0.884147 0.443305 0.147532 0.904219 -0.444055 -0.699156 -0.560355 -2.19794 0.14526 0.560948 -0.815008 0.750726 0 0 0 1 
-0.884147 0.443305 0.147532 0.904219 -0.444055 -0.699156 -0.560355 -2.19794 0.14526 0.560948 -0.815008 0.750726 0 0 0 1 
-0.884147 0.443305 0.147532 0.904219 -0.444055 -0.699156 -0.560355 -2.19794 0.14526 0.560948 -0.815008 0.750726 0 0 0 1 
-0.884147 0.443305 0.147532 0.904219 -0.444055 -0.699156 -0.560355 -2.19794 0.14526 0.560948 -0.815008 0.750726 0 0 0 1 
-0.884147 0.443305 0.147532 0.904219 -0.444055 -0.699156 -0.560355 -2.19794 0.14526 0.560948 -0.815008 0.750726 0 0 0 1 
-0.884147 0.443305 0.147532 0.904219 -0.444055 -0.699156 -0.560355 -2.19794 0.14526 0.560948 -0.815008 0.750726 0 0 0 1 
-0.884147 0.443305 0.147532 0.904219 -0.444055 -0.699156 -0.560355 -2.19794 0.14526 0.560948 -0.815008 0.750726 0 0 0 1 
-0.884147 0.443305 0.147532 0.904219 -0.444055 -0.699156 -0.560355 -2.19794 0.14526 0.560948 -0.815008 0.750726 0 0 0 1 
-0.884147 0.443305 0.147532 0.904219 -0.444055 -0.699156 -0.560355 -2.19794 0.14526 0.560948 -0.815008 0.750726 0 0 0 1 
-0.884147 0.443305 0.147532 0.904219 -0.444055 -0.699156 -0.560355 -2.19794 0.14526 0.560948 -0.815008 0.750726 0 0 0 1 
-0.992879 -0.118965 0.00627682 -0.281546 -0.0160252 0.185584 0.982498 -0.334588 0.118048 -0.9754 0.186169 -0.382345 0 0 0 1 
-0.98687 -0.147804 0.0651324 -0.358673 0.0115344 0.337731 0.941172 -0.460188 0.161106 -0.929566 0.331591 -0.508177 0 0 0 1 
-0.977717 -0.166787 0.127483 -0.495341 0.0318851 0.482242 0.875458 -0.533206 0.207492 -0.860015 0.466178 -0.605272 0 0 0 1 
-0.965672 -0.175392 0.191613 -0.686933 0.0444668 0.615139 0.787164 -0.556587 0.255931 -0.768663 0.586223 -0.66603 0 0 0 1 
-0.951066 -0.173382 0.255756 -0.927766 0.0489333 0.732765 0.67872 -0.535108 0.305087 -0.658023 0.688424 -0.683846 0 0 0 1 
-0.934303 -0.160812 0.318148 -1.21126 0.0451614 0.831882 0.553112 -0.475222 0.353609 -0.531142 0.769967 -0.653374 0 0 0 1 
-0.934303 -0.160812 0.318148 -1.21126 0.0451614 0.831882 0.553112 -0.475222 0.353609 -0.531142 0.769967 -0.653374 0 0 0 1 
-0.934303 -0.160812 0.318148 -1.21126 0.0451614 0.831882 0.553112 -0.475222 0.353609 -0.531142 0.769967 -0.653374 0 0 0 1 
-0.934303 -0.160812 0.318148 -1.21126 0.0451614 0.831882 0.553112 -0.475222 0.353609 -0.531142 0.769967 -0.653374 0 0 0 1 
-0.934303 -0.160812 0.318148 -1.21126 0.0451614 0.831882 0.553112 -0.475222 0.353609 -0.531142 0.769967 -0.653374 0 0 0 1 
-0.934303 -0.160812 0.318148 -1.21126 0.0451614 0.831882 0.553112 -0.475222 0.353609 -0.531142 0.769967 -0.653374 0 0 0 1 
-0.934303 -0.160812 0.318148 -1.21126 0.0451614 0.831882 0.553112 -0.475222 0.353609 -0.531142 0.769967 -0.653374 0 0 0 1 
-0.934303 -0.160812 0.318148 -1.21126 0.0451614 0.831882 0.553112 -0.475222 0.353609 -0.531142 0.769967 -0.653374 0 0 0 1 
-0.934303 -0.160812 0.318148 -1.21126 0.0451614 0.831882 0.553112 -0.475222 0.353609 -0.531142 0.769967 -0.653374 0 0 0 1 
-0.934303 -0.160812 0.318148 -1.21126 0.0451614 0.831882 0.553112 -0.475222 0.353609 -0.531142 0.769967 -0.653374 0 0 0 1 
-0.934303 -0.160812 0.318148 -1.21126 0.0451614 0.831882 0.553112 -0.475222 0.353609 -0.531142 0.769967 -0.653374 0 0 0 1 
-0.934303 -0.160812 0.318148 -1.21126 0.0451614 0.831882 0.553112 -0.475222 0.353609 -0.531142 0.769967 -0.653374 0 0 0 1 
-0.934303 -0.160812 0.318148 -1.21126 0.0451614 0.831882 0.553112 -0.475222 0.353609 -0.531142 0.769967 -0.653374 0 0 0 1 
-0.934303 -0.160812 0.318148 -1.21126 0.0451614 0.831882 0.553112 -0.475222 0.353609 -0.531142 0.769967 -0.653374 0 0 0 1 
-0.934303 -0.160812 0.318148 -1.21126 0.0451614 0.831882 0.553112 -0.475222 0.353609 -0.531142 0.769967 -0.653374 0 0 0 1 
-0.934303 -0.160812 0.318148 -1.21126 0.0451614 0.831882 0.553112 -0.475222 0.353609 -0.531142 0.769967 -0.653374 0 0 0 1 
-0.765705 -0.643151 -0.00724334 -0.107698 0.250928 -0.309074 0.917337 -0.892002 0.592225 -0.700592 -0.398045 -0.912491 0 0 0 1 
-0.76263 -0.644954 -0.0492912 -0.193628 0.252302 -0.366772 0.895445 -1.10799 0.5956 -0.670458 -0.442434 -1.0034 0 0 0 1 
-0.759314 -0.645598 -0.0815165 -0.260904 0.256928 -0.412534 0.873958 -1.328 0.597854 -0.642665 -0.479116 -1.07773 0 0 0 1 
-0.755887 -0.645905 -0.106962 -0.315224 0.264169 -0.450385 0.852859 -1.55113 0.59904 -0.616409 -0.511069 -1.14132 0 0 0 1 
-0.7524 -0.646482 -0.126313 -0.357834 0.27388 -0.481429 0.832596 -1.7763 0.599069 -0.591851 -0.539285 -1.19598 0 0 0 1 
-0.748851 -0.647819 -0.139833 -0.389254 0.286052 -0.50627 0.813551 -2.00275 0.597827 -0.569229 -0.564431 -1.24281 0 0 0 1 
-0.748851 -0.647819 -0.139833 -0.389254 0.286052 -0.50627 0.813551 -2.00275 0.597827 -0.569228 -0.564431 -1.24281 0 0 0 1 
-0.748851 -0.647819 -0.139833 -0.389254 0.286052 -0.50627 0.813551 -2.00275 0.597827 -0.569228 -0.564431 -1.24281 0 0 0 1 
-0.748851 -0.647819 -0.139833 -0.389254 0.286052 -0.50627 0.813551 -2.00275 0.597827 -0.569228 -0.564431 -1.24281 0 0 0 1 
-0.748851 -0.647819 -0.139833 -0.389254 0.286052 -0.50627 0.813551 -2.00275 0.597827 -0.569228 -0.564431 -1.24281 0 0 0 1 
-0.748851 -0.647819 -0.139833 -0.389254 0.286052 -0.50627 0.813551 -2.00275 0.597827 -0.569228 -0.564431 -1.24281 0 0 0 1 
-0.748851 -0.647819 -0.139833 -0.389254 0.286052 -0.50627 0.813551 -2.00275 0.597827 -0.569228 -0.564431 -1.24281 0 0 0 1 
-0.748851 -0.647819 -0.139833 -0.389254 0.286052 -0.50627 0.813551 -2.00275 0.597827 -0.569228 -0.564431 -1.24281 0 0 0 1 
-0.748851 -0.647819 -0.139833 -0.389254 0.286052 -0.50627 0.813551 -2.00275 0.597827 -0.569228 -0.564431 -1.24281 0 0 0 1 
-0.748851 -0.647819 -0.139833 -0.389254 0.286052 -0.50627 0.813551 -2.00275 0.597827 -0.569228 -0.564431 -1.24281 0 0 0 1 
-0.748851 -0.647819 -0.139833 -0.389254 0.286052 -0.50627 0.813551 -2.00275 0.597827 -0.569228 -0.564431 -1.24281 0 0 0 1 
-0.748851 -0.647819 -0.139833 -0.389254 0.286052 -0.50627 0.813551 -2.00275 0.597827 -0.569228 -0.564431 -1.24281 0 0 0 1 
-0.748851 -0.647819 -0.139833 -0.389254 0.286052 -0.50627 0.813551 -2.00275 0.597827 -0.569228 -0.564431 -1.24281 0 0 0 1 
-0.748851 -0.647819 -0.139833 -0.389254 0.286052 -0.50627 0.813551 -2.00275 0.597827 -0.569228 -0.564431 -1.24281 0 0 0 1 
-0.748851 -0.647819 -0.139833 -0.389254 0.286052 -0.50627 0.813551 -2.00275 0.597827 -0.569228 -0.564431 -1.24281 0 0 0 1 
-0.748851 -0.647819 -0.139833 -0.389254 0.286052 -0.50627 0.813551 -2.00275 0.597827 -0.569228 -0.564431 -1.24281 0 0 0 1 
-0.745881 -0.56218 0.357234 1.53847 0.331987 0.151187 0.931089 -1.04088 0.577449 -0.813079 -0.0738685 0.636796 0 0 0 1 
-0.731075 -0.509341 0.453984 2.06843 0.364296 0.271204 0.89092 -1.42329 0.576904 -0.816713 0.0127194 1.16646 0 0 0 1 
-0.715855 -0.451889 0.532304 2.48496 0.39363 0.368487 0.842183 -1.83518 0.576721 -0.812412 0.0859062 1.61046 0 0 0 1 
-0.700144 -0.390231 0.597929 2.8227 0.42136 0.450241 0.787235 -2.26986 0.576415 -0.803121 0.150806 2.00206 0 0 0 1 
-0.683961 -0.325049 0.6531 3.09397 0.448055 0.519329 0.727698 -2.72264 0.575711 -0.790342 0.209561 2.35456 0 0 0 1 
-0.667267 -0.25677 0.699159 3.30562 0.474133 0.577503 0.664596 -3.1909 0.574415 -0.774958 0.263606 2.67686 0 0 0 1 
-0.667267 -0.25677 0.699159 3.30562 0.474133 0.577504 0.664596 -3.1909 0.574415 -0.774957 0.263606 2.67686 0 0 0 1 
-0.667267 -0.25677 0.699159 3.30562 0.474133 0.577504 0.664596 -3.1909 0.574415 -0.774957 0.263606 2.67686 0 0 0 1 
-0.667267 -0.25677 0.699159 3.30562 0.474133 0.577504 0.664596 -3.1909 0.574415 -0.774957 0.263606 2.67686 0 0 0 1 
