a
29
11
25
0
0
0.773529 -0.633271 -0.0249037 0.00966488 -0.0170241 0.0185184 -0.999684 -0.0561853 -0.633532 -0.773709 -0.00354362 0.0539017 0 0 0 1 
0.773529 -0.633733 0.00588412 0.00441244 -0.0170242 -0.0300589 -0.999403 -0.0557309 -0.633532 -0.772968 0.0340403 0.0474763 0 0 0 1 
0.77353 -0.632439 0.0408976 -0.00157973 -0.0170243 -0.0852439 -0.996215 -0.0557046 -0.633532 -0.769905 0.0767055 0.0401593 0 0 0 1 
0.77353 -0.629463 0.0736772 -0.00720783 -0.0170244 -0.13685 -0.990446 -0.0561561 -0.633532 -0.764884 0.116574 0.0332996 0 0 0 1 
0.77353 -0.626157 0.097874 -0.0113738 -0.0170244 -0.174908 -0.984438 -0.0567884 -0.633532 -0.759825 0.145956 0.02823 0 0 0 1 
0.77353 -0.62461 0.107305 -0.0130001 -0.0170244 -0.189732 -0.981688 -0.0571046 -0.633532 -0.757538 0.157397 0.0262528 0 0 0 1 
0.773529 -0.626157 0.0978739 -0.0113738 -0.0170244 -0.174908 -0.984438 -0.0567884 -0.633531 -0.759825 0.145956 0.02823 0 0 0 1 
0.77353 -0.629463 0.0736772 -0.00720783 -0.0170244 -0.13685 -0.990446 -0.0561561 -0.633532 -0.764884 0.116574 0.0332996 0 0 0 1 
0.77353 -0.632439 0.0408976 -0.00157973 -0.0170243 -0.0852439 -0.996215 -0.0557046 -0.633532 -0.769905 0.0767055 0.0401593 0 0 0 1 
0.773529 -0.633733 0.00588413 0.00441243 -0.0170242 -0.030059 -0.999403 -0.0557309 -0.633532 -0.772968 0.0340403 0.0474763 0 0 0 1 
0.773529 -0.633271 -0.0249037 0.00966488 -0.0170241 0.0185184 -0.999684 -0.0561853 -0.633532 -0.773709 -0.00354362 0.0539017 0 0 0 1 
0.832445 -0.526943 0.171365 -0.0249249 0.0910319 -0.175007 -0.98035 -0.0574414 -0.546578 -0.831687 0.0977152 0.0372461 0 0 0 1 
0.85965 -0.485006 0.160532 -0.0234976 0.0601375 -0.215974 -0.974545 -0.0580214 -0.507331 -0.847422 0.156495 0.0273878 0 0 0 1 
0.885144 -0.439607 0.152532 -0.0225906 0.0351228 -0.263746 -0.963953 -0.0593464 -0.46399 -0.858594 0.218013 0.0170164 0 0 0 1 
0.903558 -0.398639 0.157067 -0.0237811 0.0288116 -0.309221 -0.950554 -0.0611667 -0.427496 -0.863406 0.267914 0.00856018 0 0 0 1 
0.915031 -0.362017 0.177936 -0.0277187 0.0469339 -0.342566 -0.938321 -0.0629033 -0.400643 -0.866944 0.296468 0.00373185 0 0 0 1 
0.920207 -0.336123 0.200598 -0.0318541 0.0736617 -0.354616 -0.932106 -0.063829 -0.384438 -0.872507 0.301561 0.00292637 0 0 0 1 
0.917166 -0.338917 0.209624 -0.0333676 0.0876939 -0.34148 -0.935789 -0.0633302 -0.388737 -0.876656 0.283473 0.00605611 0 0 0 1 
0.904807 -0.373391 0.204703 -0.0321759 0.0865035 -0.309526 -0.946948 -0.0617556 -0.416943 -0.874513 0.247762 0.0121204 0 0 0 1 
0.884571 -0.424176 0.193929 -0.0298193 0.0832307 -0.26556 -0.960495 -0.0598984 -0.458919 -0.865767 0.199603 0.0202363 0 0 0 1 
0.858954 -0.478885 0.181294 -0.0271064 0.0839405 -0.217576 -0.972427 -0.0583569 -0.505126 -0.850488 0.14669 0.0290947 0 0 0 1 
0.832445 -0.526943 0.171365 -0.0249249 0.0910319 -0.175007 -0.98035 -0.0574414 -0.546578 -0.831687 0.0977152 0.0372461 0 0 0 1 
0.787208 -0.612614 -0.0707707 0.0145125 -0.0525229 0.0477392 -0.997478 -0.0557997 -0.614447 -0.788939 -0.00540446 0.0537693 0 0 0 1 
0.841822 -0.539756 -0.000488764 0.0070217 -0.00273664 -0.00336263 -0.999991 -0.0551093 -0.539749 -0.841815 0.00430785 0.0489306 0 0 0 1 
0.884167 -0.460884 0.0763892 -0.00135254 0.0571559 -0.0555689 -0.996818 -0.0549948 -0.463662 -0.885719 0.0227899 0.0429854 0 0 0 1 
0.905857 -0.396971 0.147774 -0.00940641 0.109671 -0.117168 -0.987038 -0.0560197 -0.40914 -0.910322 0.0626015 0.0355328 0 0 0 1 
0.895507 -0.3991 0.196945 -0.0160913 0.115245 -0.21948 -0.968786 -0.0591729 -0.429868 -0.890251 0.150552 0.0251389 0 0 0 1 
0.896446 -0.380069 0.227888 -0.0194191 0.111773 -0.303698 -0.946189 -0.0628523 -0.428826 -0.873679 0.229767 0.0169459 0 0 0 1 
0.9626 -0.119137 0.243325 -0.0146574 0.208114 -0.249875 -0.945649 -0.0619962 -0.173463 -0.960921 0.215735 0.0174966 0 0 0 1 
0.959751 -0.211414 0.184886 -0.00906474 0.142452 -0.200899 -0.969199 -0.0594755 -0.242046 -0.956527 0.162697 0.0250103 0 0 0 1 
0.931145 -0.349218 0.104959 -0.00174043 0.0623885 -0.131021 -0.989415 -0.057285 -0.359273 -0.927836 0.100212 0.0347027 0 0 0 1 
0.869347 -0.493975 0.0149967 0.00650335 -0.00725909 -0.0431055 -0.999044 -0.0560347 -0.494149 -0.868407 0.0410595 0.044859 0 0 0 1 
0.787208 -0.612614 -0.0707707 0.0145125 -0.0525229 0.0477392 -0.997478 -0.0557997 -0.614447 -0.788939 -0.00540446 0.0537693 0 0 0 1 
0.835247 -0.548303 0.0415464 0.0187075 0.0899458 0.0616967 -0.994034 -0.0553127 -0.542468 -0.834001 -0.10085 0.0504913 0 0 0 1 
0.926126 -0.376292 0.026361 0.0117718 0.050459 0.0543272 -0.997248 -0.0535768 -0.373824 -0.924907 -0.0693011 0.045234 0 0 0 1 
0.981331 -0.191694 0.0155774 0.00405817 0.0257774 0.0508319 -0.998375 -0.052372 -0.19059 -0.980137 -0.0548243 0.0389569 0 0 0 1 
0.996893 -0.0557488 0.0556477 -0.00290393 0.0566049 0.0157392 -0.998273 -0.0529611 -0.0547767 -0.998321 -0.018846 0.0316112 0 0 0 1 
0.974003 -0.0655693 0.216837 -0.00723295 0.20598 -0.142051 -0.968191 -0.0571786 -0.0942857 -0.987685 0.124852 0.0222439 0 0 0 1 
0.91701 -0.0639381 0.393706 -0.00769392 0.3576 -0.305432 -0.882515 -0.0613437 -0.176677 -0.950065 0.25722 0.0157571 0 0 0 1 
0.897422 0.204962 0.390671 -0.00318841 0.431559 -0.223985 -0.873835 -0.0596176 0.0915985 -0.952796 0.289462 0.0194897 0 0 0 1 
0.938475 0.057252 0.340569 0.00122075 0.345072 -0.194923 -0.918112 -0.058078 -0.0138213 -0.979146 0.202687 0.0254474 0 0 0 1 
0.953804 -0.149402 0.260649 0.00683475 0.241126 -0.136842 -0.960798 -0.0567058 -0.179213 -0.979262 0.0944959 0.0333549 0 0 0 1 
0.917145 -0.367013 0.155387 0.012911 0.149223 -0.0453043 -0.987765 -0.0557689 -0.369563 -0.929111 -0.0132161 0.0421484 0 0 0 1 
0.835247 -0.548303 0.0415464 0.0187075 0.0899458 0.0616967 -0.994034 -0.0553127 -0.542468 -0.834001 -0.10085 0.0504913 0 0 0 1 
0.835247 -0.548136 0.0436902 0.0190304 0.0899465 0.0578101 -0.994267 -0.0553124 -0.542468 -0.834389 -0.0975887 0.0509885 0 0 0 1 
0.926126 -0.376262 0.0268023 0.0118382 0.0504597 0.0531594 -0.99731 -0.0535756 -0.373825 -0.924987 -0.0682184 0.0453987 0 0 0 1 
0.981331 -0.191718 0.0152777 0.0040129 0.0257782 0.0523968 -0.998294 -0.0523741 -0.190591 -0.98005 -0.0563608 0.0387236 0 0 0 1 
0.996893 -0.0535476 0.0577698 -0.00260295 0.0566056 -0.0230119 -0.998131 -0.0525851 -0.054777 -0.9983 0.0199093 0.0374777 0 0 0 1 
0.974003 -0.0206538 0.22559 -0.00631911 0.20598 -0.333731 -0.919889 -0.0481124 -0.0942858 -0.942442 0.3208 0.0514917 0 0 0 1 
0.91701 0.0887976 0.388854 -0.00982662 0.3576 -0.614864 -0.702897 -0.0313215 -0.176676 -0.783618 0.59559 0.0654548 0 0 0 1 
0.897422 0.336822 0.284928 -0.0204024 0.431559 -0.53613 -0.72548 -0.0343031 0.0915988 -0.774025 0.626494 0.0688717 0 0 0 1 
0.938475 0.155598 0.308309 -0.004563 0.345071 -0.458223 -0.819119 -0.0406828 -0.0138212 -0.875112 0.483724 0.0670374 0 0 0 1 
0.953804 -0.0934294 0.285534 0.0100893 0.241126 -0.328875 -0.913072 -0.0477235 -0.179213 -0.93974 0.291154 0.0627625 0 0 0 1 
0.917145 -0.349114 0.19226 0.0183287 0.149223 -0.146512 -0.977889 -0.0533475 -0.369563 -0.925556 0.0822767 0.0565712 0 0 0 1 
0.835247 -0.548136 0.0436902 0.0190304 0.0899465 0.0578101 -0.994267 -0.0553124 -0.542468 -0.834389 -0.0975887 0.0509885 0 0 0 1 
0.453217 -0.878932 -0.14857 -0.0354131 -0.284275 0.0154541 -0.958618 -0.0706489 -0.844856 -0.476697 0.242855 0.0916611 0 0 0 1 
0.684901 -0.719864 -0.112725 -0.0275027 -0.127201 0.0342053 -0.991287 -0.0624435 -0.717447 -0.693272 0.0681401 0.0513848 0 0 0 1 
0.859995 -0.509978 0.0181665 -0.0073352 0.0467298 0.0432524 -0.997971 -0.0513289 -0.508158 -0.859099 -0.0610281 0.0232351 0 0 0 1 
0.929502 -0.332952 0.15865 0.00420819 0.168755 0.00145494 -0.985657 -0.0453781 -0.327945 -0.942943 -0.0575398 0.0123001 0 0 0 1 
0.929796 -0.322504 0.1774 -0.0197671 0.120293 -0.189252 -0.974532 -0.0634578 -0.347864 -0.927456 0.13717 0.0116506 0 0 0 1 
0.939117 -0.310077 0.148026 -0.047251 0.0161528 -0.390495 -0.920463 -0.0865225 -0.343218 -0.866814 0.361712 0.0238927 0 0 0 1 
0.990346 -0.0459204 0.130788 -0.0411874 0.108342 -0.332127 -0.936992 -0.0879727 -0.0864654 -0.942116 0.323946 0.0153676 0 0 0 1 
0.968056 -0.243918 0.0580706 -0.0443489 -0.0166101 -0.293478 -0.955821 -0.0845204 -0.250185 -0.924324 0.288155 0.0265711 0 0 0 1 
0.870362 -0.491821 -0.0241421 -0.0457598 -0.148046 -0.214602 -0.965416 -0.079327 -0.469631 -0.843835 0.259594 0.0448284 0 0 0 1 
0.685977 -0.721081 -0.097352 -0.042935 -0.243605 -0.101523 -0.964546 -0.0740757 -0.685633 -0.685372 0.245301 0.0679967 0 0 0 1 
0.453217 -0.878932 -0.14857 -0.0354131 -0.284275 0.0154541 -0.958618 -0.0706489 -0.844856 -0.476697 0.242855 0.0916611 0 0 0 1 
-0.182952 -0.926363 0.32921 -0.0597633 -0.522567 -0.192008 -0.830696 -0.0898975 -0.832738 0.324013 0.448958 0.134826 0 0 0 1 
0.144871 -0.969891 0.195762 -0.0647143 -0.175861 -0.219939 -0.959531 -0.0694515 -0.973697 -0.104582 0.202429 0.0448896 0 0 0 1 
0.473459 -0.861601 0.182978 -0.0444417 0.183483 -0.106705 -0.977214 -0.0327557 -0.861493 -0.496244 -0.107569 -0.024265 0 0 0 1 
0.699931 -0.655021 0.284682 -0.016172 0.295733 -0.097019 -0.950331 -0.0252879 -0.650107 -0.749356 -0.125805 -0.0368783 0 0 0 1 
0.870835 -0.406321 0.276675 -0.0162281 -0.0769853 -0.668617 -0.739611 -0.0679828 -0.485509 -0.622779 0.613536 0.0610796 0 0 0 1 
0.951852 -0.303756 0.0413526 -0.0594293 -0.3046 -0.95235 0.0157627 -0.0171135 -0.0345941 0.0275998 0.99902 0.165634 0 0 0 1 
0.982829 -0.184394 0.00672971 -0.0610075 -0.176419 -0.949758 -0.258524 -0.0485633 -0.0540621 -0.252898 0.965981 0.116566 0 0 0 1 
0.872034 -0.463208 0.158096 -0.0481802 -0.380531 -0.844789 -0.376201 -0.0676433 -0.307817 -0.2679 0.91295 0.112701 0 0 0 1 
0.609466 -0.739136 0.286757 -0.0447451 -0.548476 -0.654262 -0.520687 -0.0831169 -0.572473 -0.160062 0.804149 0.114774 0 0 0 1 
0.224263 -0.908725 0.352029 -0.0498828 -0.603122 -0.413161 -0.682306 -0.0913637 -0.765473 0.0593 0.640729 0.122561 0 0 0 1 
-0.182952 -0.926363 0.32921 -0.0597633 -0.522567 -0.192008 -0.830696 -0.0898975 -0.832738 0.324013 0.448958 0.134826 0 0 0 1 
-0.534103 0.620871 0.573806 -0.172926 -0.845003 -0.370747 -0.385378 -0.183156 0.0265325 0.690699 -0.722655 0.384085 0 0 0 1 
-0.483632 0.173148 0.857974 -0.256428 -0.676406 -0.696049 -0.240814 -0.212903 -0.555496 0.696804 -0.45375 0.162054 0 0 0 1 
-0.192976 -0.198525 0.96091 -0.244071 -0.288246 -0.924637 -0.248919 -0.16549 -0.937909 0.325014 -0.121209 -0.0521174 0 0 0 1 
0.149015 -0.272318 0.950598 -0.180096 -0.149773 -0.956456 -0.250518 -0.150065 -0.977426 0.105043 0.183312 -0.138447 0 0 0 1 
0.376995 -0.2315 0.896818 -0.16205 -0.797207 -0.574032 0.186944 -0.279582 -0.471525 0.785427 0.40096 0.0557996 0 0 0 1 
0.301029 -0.331287 0.89422 -0.249887 -0.773535 0.463569 0.432143 -0.163903 0.557696 0.821798 0.116714 0.333842 0 0 0 1 
0.329236 -0.340047 0.880893 -0.251424 -0.842903 0.314626 0.436491 -0.252211 0.425579 0.886216 0.18304 0.24948 0 0 0 1 
0.201729 -0.0632897 0.977394 -0.247191 -0.946097 0.245574 0.211171 -0.240571 0.253388 0.967309 0.0103389 0.268866 0 0 0 1 
-0.0186854 0.234973 0.971822 -0.235231 -0.994564 0.0952127 -0.0421438 -0.218777 0.102432 0.967327 -0.231917 0.304963 0 0 0 1 
-0.287718 0.48096 0.828188 -0.209107 -0.957488 -0.125638 -0.259675 -0.19708 0.0208419 0.867694 -0.496662 0.347508 0 0 0 1 
-0.534103 0.620871 0.573806 -0.172926 -0.845003 -0.370747 -0.385378 -0.183156 0.0265325 0.690699 -0.722655 0.384085 0 0 0 1 
-0.161012 0.518186 0.839975 -0.082453 -0.925546 -0.374793 0.0537974 -0.277971 -0.342694 0.768774 -0.539951 0.226924 0 0 0 1 
-0.146207 0.065008 0.987116 -0.157902 -0.783668 -0.616578 -0.075468 -0.274951 -0.603728 0.784606 -0.141093 0.0986752 0 0 0 1 
-0.0825826 -0.322204 0.943061 -0.20364 -0.492777 -0.809314 -0.31966 -0.225853 -0.866228 0.491117 0.0919392 -0.0573511 0 0 0 1 
0.0597048 -0.475779 0.877536 -0.20262 -0.431939 -0.804855 -0.406986 -0.224522 -0.899925 0.354743 0.253561 -0.119204 0 0 0 1 
0.143376 -0.635993 0.758259 -0.227631 -0.989668 -0.0917801 0.110151 -0.331104 0.000462346 0.766217 0.642581 0.185726 0 0 0 1 
-0.0283842 -0.72844 0.684522 -0.338466 -0.312421 0.656956 0.68615 -0.037562 0.949519 0.194383 0.246227 0.446327 0 0 0 1 
0.387926 -0.366909 0.845512 -0.225629 -0.829478 0.260975 0.49382 -0.256668 0.401844 0.8929 0.203105 0.238137 0 0 0 1 
0.359654 -0.0580361 0.931279 -0.184423 -0.922941 0.124645 0.364202 -0.256722 0.137216 0.990502 0.00873497 0.22833 0 0 0 1 
0.230116 0.194139 0.953602 -0.145057 -0.971117 -0.0176955 0.237945 -0.253938 -0.0630689 0.980814 -0.18446 0.239504 0 0 0 1 
0.0505508 0.389527 0.919626 -0.10442 -0.975644 -0.177543 0.128832 -0.262696 -0.213456 0.903741 -0.371065 0.246185 0 0 0 1 
-0.161012 0.518186 0.839975 -0.082453 -0.925546 -0.374793 0.0537974 -0.277971 -0.342694 0.768774 -0.539951 0.226924 0 0 0 1 
-0.36633 0.513762 0.77579 -0.146481 -0.855308 -0.514235 -0.0633298 -0.226798 -0.366402 0.686739 -0.627805 0.236459 0 0 0 1 
-0.377582 0.106151 0.919872 -0.230511 -0.689142 -0.695732 -0.202587 -0.211337 -0.618479 0.710415 -0.335848 0.135874 0 0 0 1 
-0.363336 -0.243883 0.899171 -0.299827 -0.356617 -0.855219 -0.376064 -0.161792 -0.860703 0.457298 -0.22376 0.0154923 0 0 0 1 
-0.275902 -0.377073 0.884135 -0.330852 -0.283269 -0.847087 -0.44967 -0.158722 -0.918497 0.374513 -0.1269 -0.0401488 0 0 0 1 
-0.165336 -0.547784 0.82012 -0.358216 -0.964764 -0.0827488 -0.249766 -0.240235 -0.204682 0.832517 0.514801 0.137177 0 0 0 1 
-0.278938 -0.654675 0.702563 -0.437159 -0.517376 0.718795 0.464387 -0.0648974 0.809021 0.233954 0.539212 0.327126 0 0 0 1 
0.0630629 -0.271847 0.960272 -0.374219 -0.943693 0.296857 0.146013 -0.221281 0.324757 0.91541 0.237819 0.201188 0 0 0 1 
0.0579928 0.0379717 0.997594 -0.313201 -0.992263 0.112072 0.0534169 -0.213265 0.109774 0.992974 -0.0441771 0.229823 0 0 0 1 
-0.0371308 0.274978 0.960733 -0.247559 -0.996562 -0.0814411 -0.0152057 -0.207491 -0.0740618 0.957995 -0.277057 0.255857 0 0 0 1 
-0.183503 0.436833 0.880627 -0.184334 -0.956262 -0.286917 -0.0569389 -0.215012 -0.227794 0.852558 -0.470377 0.262349 0 0 0 1 
-0.36633 0.513762 0.77579 -0.146481 -0.855308 -0.514235 -0.0633298 -0.226798 -0.366402 0.686739 -0.627805 0.236459 0 0 0 1 
-0.36633 0.513762 0.77579 -0.146481 -0.855308 -0.514235 -0.0633298 -0.226798 -0.366402 0.686739 -0.627805 0.236459 0 0 0 1 
-0.377582 0.106151 0.919872 -0.230511 -0.689142 -0.695732 -0.202587 -0.211338 -0.618479 0.710416 -0.335848 0.135874 0 0 0 1 
-0.363336 -0.243883 0.899171 -0.299827 -0.356617 -0.855219 -0.376064 -0.161792 -0.860704 0.457298 -0.22376 0.0154923 0 0 0 1 
-0.275902 -0.377073 0.884135 -0.330852 -0.283269 -0.847087 -0.44967 -0.158722 -0.918497 0.374513 -0.126899 -0.0401487 0 0 0 1 
-0.165335 -0.547784 0.82012 -0.358216 -0.964764 -0.0827488 -0.249766 -0.240235 -0.204682 0.832517 0.514801 0.137177 0 0 0 1 
-0.278938 -0.654675 0.702562 -0.437159 -0.517376 0.718795 0.464387 -0.0648973 0.809021 0.233954 0.539212 0.327126 0 0 0 1 
0.0630629 -0.271847 0.960272 -0.374219 -0.943693 0.296857 0.146013 -0.221281 0.324756 0.91541 0.237819 0.201188 0 0 0 1 
0.0579929 0.0379716 0.997594 -0.313201 -0.992263 0.112072 0.053417 -0.213265 0.109774 0.992974 -0.044177 0.229823 0 0 0 1 
-0.0371308 0.274978 0.960733 -0.247559 -0.996562 -0.0814411 -0.0152057 -0.207491 -0.0740619 0.957995 -0.277057 0.255857 0 0 0 1 
-0.183503 0.436833 0.880627 -0.184334 -0.956262 -0.286917 -0.0569389 -0.215012 -0.227794 0.852558 -0.470377 0.262349 0 0 0 1 
-0.36633 0.513762 0.77579 -0.146481 -0.855308 -0.514235 -0.0633298 -0.226798 -0.366402 0.686739 -0.627805 0.236459 0 0 0 1 
0.657371 -0.738439 -0.150235 -0.00376992 -0.182826 0.0371225 -0.982444 -0.0397645 -0.731052 -0.673298 0.110603 0.0945279 0 0 0 1 
0.912002 -0.407919 -0.0430505 0.00163865 -0.0236832 0.0524123 -0.998345 -0.0499032 -0.4095 -0.911513 -0.0381393 0.0519625 0 0 0 1 
0.988686 -0.0111277 0.149585 0.026668 0.149974 0.0552891 -0.987143 -0.0571055 -0.00271424 -0.998408 -0.0563325 0.028621 0 0 0 1 
0.898966 0.279388 0.337347 0.0497952 0.341563 0.0350242 -0.939206 -0.05871 0.274218 -0.959539 0.0639427 0.0274252 0 0 0 1 
0.802784 0.269912 0.531682 0.0542337 0.565737 -0.0631076 -0.822167 -0.0528766 0.188359 -0.960815 0.203361 0.0196391 0 0 0 1 
0.700138 0.204069 0.684223 0.0513979 0.713967 -0.190003 -0.673906 -0.0469299 0.00751874 -0.960341 0.278728 0.00917577 0 0 0 1 
0.61106 0.455846 0.647155 0.0541729 0.755187 -0.0906565 -0.649209 -0.0408091 0.23727 -0.88543 0.399645 0.0294309 0 0 0 1 
0.820119 0.217298 0.529326 0.0382006 0.562139 -0.133324 -0.816226 -0.0531952 0.106792 -0.966957 0.231493 0.0236487 0 0 0 1 
0.943233 -0.116346 0.311087 0.015454 0.29629 -0.128475 -0.946418 -0.0573022 -0.150079 -0.984864 0.0867094 0.0305808 0 0 0 1 
0.883725 -0.465231 0.0508948 -0.00255914 0.0251506 -0.0613814 -0.997797 -0.0510586 -0.46733 -0.883058 0.0425434 0.0563295 0 0 0 1 
0.657371 -0.738439 -0.150235 -0.00376992 -0.182826 0.0371225 -0.982444 -0.0397645 -0.731052 -0.673298 0.110603 0.0945279 0 0 0 1 
0.980949 -0.103697 -0.164277 -0.0377972 -0.139667 0.211321 -0.967387 -0.0404641 -0.135031 -0.9719 -0.192812 -0.0310865 0 0 0 1 
0.977547 -0.0897796 -0.190631 -0.0208586 -0.153427 0.316847 -0.935985 -0.0194486 -0.144433 -0.944218 -0.295958 -0.0182471 0 0 0 1 
0.974287 -0.0767197 -0.211847 -0.0200742 -0.162194 0.413817 -0.895795 0.0034496 -0.156391 -0.907121 -0.390733 0.00703689 0 0 0 1 
0.999582 -0.0284676 -0.00496864 -0.0143084 0.00427246 0.315626 -0.948874 -0.00944874 -0.0285804 -0.948456 -0.315616 0.0185649 0 0 0 1 
0.651063 0.42294 0.630268 0.090404 0.746661 -0.207619 -0.631974 -0.0548779 0.136432 -0.882052 0.450966 0.0606012 0 0 0 1 
-0.0579492 0.928444 0.366923 0.124961 0.933895 -0.0794789 0.348602 0.0597946 -0.35282 -0.362869 0.862464 0.145245 0 0 0 1 
0.0860067 0.804338 0.587914 0.123457 0.996278 -0.0728305 -0.0461059 0.00627103 -0.0057333 -0.589692 0.807608 0.12114 0 0 0 1 
0.448549 0.615299 0.648236 0.111098 0.878781 -0.171403 -0.44538 -0.0478332 0.162932 -0.769433 0.617596 0.0703841 0 0 0 1 
0.777591 0.361521 0.514447 0.0731271 0.596255 -0.164262 -0.785811 -0.0772808 0.199583 -0.91778 0.343287 0.0183694 0 0 0 1 
0.971408 0.0977858 0.216342 0.017513 0.220073 -0.0289919 -0.975053 -0.0737647 0.0890741 -0.994785 0.0496829 -0.0197605 0 0 0 1 
0.980949 -0.103697 -0.164277 -0.0377972 -0.139667 0.211321 -0.967387 -0.0404641 -0.135031 -0.9719 -0.192812 -0.0310865 0 0 0 1 
0.95539 0.177085 -0.236369 -0.0322008 -0.166012 -0.339932 -0.925682 -0.0290986 0.244273 -0.923627 0.295369 -0.142205 0 0 0 1 
0.832918 0.337814 -0.438325 0.018542 -0.0821901 -0.707766 -0.70165 -0.0334359 0.547259 -0.620443 0.561746 -0.222451 0 0 0 1 
0.674337 0.332018 -0.659571 0.0648223 0.11133 -0.928717 -0.35368 -0.0675106 0.729983 -0.165069 0.663232 -0.25682 0 0 0 1 
0.443032 0.418649 -0.792752 0.145287 0.443666 -0.870778 -0.21191 -0.1299 0.779027 0.257834 0.571523 -0.225374 0 0 0 1 
-0.126706 0.884923 -0.448171 0.314521 0.85677 -0.130059 -0.499029 -0.0875577 0.499891 0.447209 0.741696 -0.0544178 0 0 0 1 
-0.540564 0.804651 -0.245616 0.26676 0.811775 0.575536 0.0988898 0.0911058 -0.220933 0.145929 0.96431 0.103332 0 0 0 1 
-0.695428 0.595168 -0.402685 0.353113 0.712361 0.497322 -0.495189 0.0854095 0.0944567 0.631225 0.769826 0.0837456 0 0 0 1 
-0.288262 0.890883 -0.351044 0.324491 0.859308 0.0789245 -0.505331 -0.0438116 0.422485 0.447322 0.788295 -0.0135339 0 0 0 1 
0.281123 0.935848 -0.212508 0.214326 0.725297 -0.352196 -0.591527 -0.113724 0.628423 -0.01216 0.777777 -0.112927 0 0 0 1 
0.766184 0.630368 -0.124892 0.0739147 0.312151 -0.534955 -0.785102 -0.097293 0.561715 -0.562548 0.606643 -0.1607 0 0 0 1 
0.95539 0.177085 -0.236369 -0.0322008 -0.166012 -0.339932 -0.925682 -0.0290986 0.244273 -0.923627 0.295369 -0.142205 0 0 0 1 
0.974806 0.121157 0.18728 -0.103594 0.202249 -0.126023 -0.971192 -0.149786 0.0940647 -0.984601 0.147351 -0.0675522 0 0 0 1 
0.869145 0.475786 0.134958 -0.0794382 0.370608 -0.445903 -0.814752 -0.173208 0.32747 -0.758154 0.563885 -0.146741 0 0 0 1 
0.741636 0.67076 0.00753441 -0.0562677 0.595424 -0.653083 -0.467924 -0.217995 0.308944 -0.351515 0.883737 -0.143704 0 0 0 1 
0.544076 0.828379 -0.133302 0.0141786 0.82586 -0.556775 -0.0891966 -0.279907 0.148108 0.061559 0.987053 -0.0678977 0 0 0 1 
-0.119732 0.972165 -0.201393 0.275658 0.971263 0.156727 0.179122 -0.227457 -0.2057 0.174159 0.962993 0.157932 0 0 0 1 
-0.363716 0.845471 -0.391011 0.226846 0.505336 0.531713 0.679645 0.110866 -0.782526 -0.049606 0.620639 0.351084 0 0 0 1 
-0.363519 0.674477 -0.642601 0.273249 0.802426 0.577118 0.151814 -0.0432497 -0.473251 0.460452 0.751011 0.284826 0 0 0 1 
-0.114487 0.952581 -0.281926 0.253464 0.983175 0.149307 0.105229 -0.178965 -0.142332 0.265135 0.953648 0.158594 0 0 0 1 
0.298402 0.941865 0.154422 0.152871 0.944143 -0.267591 -0.192327 -0.250258 0.139824 -0.203187 0.969105 0.0283448 0 0 0 1 
0.727755 0.578607 0.36822 0.0124426 0.643403 -0.390065 -0.658698 -0.231606 0.237498 -0.716284 0.656149 -0.0555263 0 0 0 1 
0.974806 0.121157 0.18728 -0.103594 0.202249 -0.126023 -0.971192 -0.149786 0.0940647 -0.984601 0.147351 -0.0675522 0 0 0 1 
0.987099 0.150621 -0.0543018 -0.0533233 -0.030984 -0.153043 -0.987734 -0.0575384 0.157083 -0.976674 0.146402 -0.0912449 0 0 0 1 
0.857141 0.502823 -0.111701 -0.0187946 0.159712 -0.465624 -0.870452 -0.0805299 0.489695 -0.72826 0.479412 -0.189079 0 0 0 1 
0.686807 0.690926 -0.225647 0.0175583 0.461813 -0.654548 -0.598578 -0.137594 0.56127 -0.306901 0.768627 -0.213258 0 0 0 1 
0.470599 0.836361 -0.281134 0.0756715 0.79781 -0.539426 -0.26929 -0.228313 0.376875 0.0975643 0.921112 -0.139695 0 0 0 1 
-0.114691 0.972784 -0.201338 0.273733 0.968548 0.154553 0.195009 -0.23004 -0.220819 0.17264 0.959914 0.164368 0 0 0 1 
-0.201986 0.871903 -0.44608 0.178009 0.289041 0.48825 0.823449 0.160226 -0.935765 -0.0373891 0.350635 0.47062 0 0 0 1 
-0.129991 0.709259 -0.69286 0.19608 0.734313 0.538416 0.413392 -0.07689 -0.666248 0.455038 0.590807 0.394477 0 0 0 1 
-0.0413544 0.960766 -0.274258 0.223975 0.948953 0.123674 0.29016 -0.208034 -0.312694 0.248259 0.916837 0.231599 0 0 0 1 
0.295722 0.939227 0.17436 0.149354 0.950847 -0.271854 -0.148279 -0.262818 0.0918672 -0.20964 0.973454 0.0455504 0 0 0 1 
0.753345 0.591012 0.288403 0.0208844 0.580463 -0.391476 -0.714009 -0.195149 0.309085 -0.705302 0.637977 -0.0785539 0 0 0 1 
0.987099 0.150621 -0.0543018 -0.0533233 -0.030984 -0.153043 -0.987734 -0.0575384 0.157083 -0.976674 0.146402 -0.0912449 0 0 0 1 
0.916807 0.177018 -0.357952 0.0566927 -0.32345 -0.196508 -0.925616 0.0375127 0.234191 -0.964391 0.122903 -0.114356 0 0 0 1 
0.750047 0.523383 -0.404351 0.102311 -0.113074 -0.500893 -0.858091 0.0205963 0.651647 -0.68933 0.316512 -0.206552 0 0 0 1 
0.530086 0.700627 -0.47763 0.146549 0.254314 -0.668712 -0.698676 -0.0307089 0.808908 -0.24889 0.532654 -0.243565 0 0 0 1 
0.328045 0.836849 -0.438258 0.173279 0.699678 -0.526945 -0.482472 -0.132385 0.634695 0.148367 0.758386 -0.193944 0 0 0 1 
-0.131247 0.970716 -0.20121 0.280041 0.976494 0.161595 0.142642 -0.218755 -0.170979 0.177759 0.969107 0.142758 0 0 0 1 
-0.0685657 0.889183 -0.452385 0.128619 0.0955566 0.457221 0.884205 0.217729 -0.99306 -0.0173976 0.116317 0.556685 0 0 0 1 
0.0563815 0.730908 -0.680143 0.121198 0.626979 0.504232 0.593842 -0.0851442 -0.776993 0.459917 0.429834 0.480952 0 0 0 1 
0.00377459 0.964981 -0.262292 0.203411 0.909371 0.105794 0.402306 -0.223556 -0.415967 0.24004 0.877127 0.28203 0 0 0 1 
0.29699 0.940371 0.165833 0.151202 0.948237 -0.26999 -0.167193 -0.256643 0.11245 -0.206904 0.971878 0.038096 0 0 0 1 
0.778214 0.610357 0.14781 0.0498263 0.462018 -0.397029 -0.793037 -0.128147 0.42535 -0.685443 0.59097 -0.110234 0 0 0 1 
0.916807 0.177018 -0.357952 0.0566927 -0.32345 -0.196508 -0.925616 0.0375127 0.234191 -0.964391 0.122903 -0.114356 0 0 0 1 
0.968937 -0.242347 0.0492863 0.0179418 0.105976 0.226814 -0.968155 -0.0495702 -0.22345 -0.943304 -0.245452 0.0111768 0 0 0 1 
0.954025 -0.296784 -0.0419059 -0.00785515 0.0778009 0.380226 -0.921616 -0.0355049 -0.289454 -0.875984 -0.385835 -0.042854 0 0 0 1 
0.931163 -0.336549 -0.140254 -0.0377545 0.0588829 0.518434 -0.853088 -0.0162967 -0.359818 -0.786105 -0.502563 -0.0864763 0 0 0 1 
0.941853 -0.28233 -0.182215 -0.0669942 -0.0135706 0.509866 -0.860147 -0.0191355 -0.335751 -0.812605 -0.476387 -0.101552 0 0 0 1 
0.988333 0.00257545 -0.152288 -0.111042 -0.152306 0.0238069 -0.988047 -0.0702581 -0.00108099 -0.999713 -0.0239214 -0.0433197 0 0 0 1 
0.879103 0.399647 -0.25973 -0.191982 -0.0100517 -0.529262 -0.848399 -0.072472 0.476525 -0.748441 0.461259 0.0282543 0 0 0 1 
0.602141 0.777039 -0.183404 -0.153942 0.154089 -0.338503 -0.928263 -0.0922474 0.783379 -0.530685 0.323559 -0.0167821 0 0 0 1 
0.756411 0.649919 -0.0738098 -0.114685 0.0988071 -0.22508 -0.969317 -0.0843813 0.646591 -0.725909 0.23447 -0.0029522 0 0 0 1 
0.916772 0.399352 0.00686652 -0.0713447 0.0466428 -0.08997 -0.994852 -0.0725265 0.396678 -0.912372 0.101109 0.0101883 0 0 0 1 
0.996278 0.0724275 0.0467355 -0.0256022 0.0416238 0.0705478 -0.99664 -0.0604883 0.0754812 -0.994875 -0.0672705 0.0159966 0 0 0 1 
0.968937 -0.242347 0.0492863 0.0179418 0.105976 0.226814 -0.968155 -0.0495702 -0.22345 -0.943304 -0.245452 0.0111768 0 0 0 1 
0.947493 -0.200214 -0.249341 0.0556058 -0.316443 -0.474769 -0.821254 -0.124261 -0.0460474 -0.857035 0.513197 0.0190781 0 0 0 1 
0.954946 -0.18238 -0.234126 0.0507621 -0.2948 -0.491979 -0.819176 -0.118938 -0.0342155 -0.85129 0.523579 0.0143854 0 0 0 1 
0.961361 -0.163975 -0.221127 0.0463607 -0.274521 -0.510982 -0.814577 -0.114785 -0.0205784 -0.843807 0.536252 0.00904506 0 0 0 1 
0.965426 -0.149345 -0.213655 0.0434355 -0.260579 -0.530494 -0.806644 -0.113815 -0.00712512 -0.834429 0.551069 0.00401556 0 0 0 1 
0.967132 -0.141828 -0.211048 0.0418925 -0.254248 -0.551938 -0.79418 -0.116952 0.00384842 -0.821735 0.569856 -0.00097888 0 0 0 1 
0.967176 -0.141802 -0.210861 0.041324 -0.25394 -0.569373 -0.781875 -0.121634 0.0091875 -0.809758 0.586693 -0.00511119 0 0 0 1 
0.96591 -0.148057 -0.212363 0.04183 -0.258813 -0.57095 -0.779123 -0.124065 0.00589417 -0.807524 0.589805 -0.00556184 0 0 0 1 
0.96328 -0.158356 -0.216829 0.043715 -0.268461 -0.554527 -0.787673 -0.123663 -0.00449545 -0.81696 0.576677 -0.00136493 0 0 0 1 
0.959102 -0.171787 -0.224973 0.0469209 -0.282454 -0.528809 -0.800363 -0.122888 -0.0185242 -0.831174 0.555704 0.00527855 0 0 0 1 
0.953596 -0.186474 -0.236395 0.0511229 -0.299246 -0.500224 -0.812544 -0.12294 -0.0332675 -0.845579 0.532813 0.0126186 0 0 0 1 
0.947493 -0.200214 -0.249341 0.0556058 -0.316443 -0.474769 -0.821254 -0.124261 -0.0460471 -0.857035 0.513197 0.0190782 0 0 0 1 
0.947493 0.197476 -0.251515 0.0623801 -0.316444 0.692276 -0.64855 -0.161725 -0.0460453 -0.694087 -0.718417 0.415934 0 0 0 1 
0.954946 0.178003 -0.23747 0.0573407 -0.2948 0.661189 -0.689871 -0.142718 -0.0342135 -0.728796 -0.683876 0.402887 0 0 0 1 
0.961361 0.162896 -0.221923 0.0516111 -0.274521 0.627524 -0.728596 -0.124916 -0.0205764 -0.761366 -0.647996 0.389504 0 0 0 1 
0.965426 0.157482 -0.20773 0.0462275 -0.260579 0.604799 -0.75254 -0.113788 -0.00712314 -0.780652 -0.624926 0.381393 0 0 0 1 
0.967132 0.160858 -0.19693 0.0419978 -0.254248 0.600017 -0.75851 -0.110768 0.00385042 -0.783648 -0.621193 0.38098 0 0 0 1 
0.967176 0.166404 -0.192041 0.0400082 -0.25394 0.605619 -0.754148 -0.112554 0.00918953 -0.778161 -0.627997 0.384318 0 0 0 1 
0.96591 0.169727 -0.195478 0.0412802 -0.258813 0.615909 -0.744092 -0.117143 0.00589622 -0.769318 -0.63884 0.388436 0 0 0 1 
0.96328 0.172344 -0.205887 0.0452653 -0.268461 0.631055 -0.727804 -0.124713 -0.0044934 -0.756351 -0.65415 0.393675 0 0 0 1 
0.959102 0.177432 -0.220547 0.0508412 -0.282454 0.650894 -0.704668 -0.1355 -0.0185222 -0.738143 -0.67439 0.400579 0 0 0 1 
0.953596 0.186 -0.236768 0.056935 -0.299247 0.672364 -0.677036 -0.148408 -0.0332655 -0.716471 -0.696823 0.408324 0 0 0 1 
0.947493 0.197476 -0.251515 0.06238 -0.316444 0.692276 -0.64855 -0.161725 -0.046045 -0.694087 -0.718417 0.415934 0 0 0 1 
0.991573 -0.127134 -0.0249035 -0.0275783 -0.0242503 0.00668338 -0.999684 0.00780827 -0.12726 -0.991863 -0.00354383 0.113732 0 0 0 1 
0.99159 -0.126974 -0.025036 -0.0274848 -0.0243262 0.00713839 -0.999679 0.00787437 -0.127112 -0.99188 -0.00398945 0.113963 0 0 0 1 
0.99161 -0.126789 -0.0251938 -0.0273768 -0.0244134 0.00770633 -0.999672 0.00795305 -0.126942 -0.9919 -0.00454625 0.114247 0 0 0 1 
0.991617 -0.126719 -0.0252554 -0.0273331 -0.0244458 0.00793935 -0.999669 0.00798956 -0.126878 -0.991907 -0.00477496 0.114366 0 0 0 1 
0.991603 -0.12685 -0.0251447 -0.0274034 -0.0243847 0.00754101 -0.999674 0.00794628 -0.126998 -0.991893 -0.00438431 0.114171 0 0 0 1 
0.991593 -0.126944 -0.0250628 -0.0274734 -0.0243398 0.00724353 -0.999678 0.0078758 -0.127085 -0.991883 -0.00409277 0.114009 0 0 0 1 
0.991585 -0.127024 -0.0249962 -0.027521 -0.0243028 0.00700587 -0.99968 0.00783923 -0.127158 -0.991875 -0.00385973 0.113888 0 0 0 1 
0.991573 -0.127134 -0.0249036 -0.0275648 -0.0242503 0.00668341 -0.999683 0.00783554 -0.12726 -0.991863 -0.00354401 0.113745 0 0 0 1 
0.991573 -0.127134 -0.0249038 -0.0275667 -0.0242506 0.00668324 -0.999684 0.00783139 -0.12726 -0.991863 -0.00354374 0.113743 0 0 0 1 
0.991573 -0.127134 -0.0249036 -0.0275707 -0.0242505 0.00668331 -0.999684 0.00782308 -0.12726 -0.991863 -0.00354388 0.113739 0 0 0 1 
0.991573 -0.127134 -0.0249037 -0.0275782 -0.0242504 0.00668328 -0.999684 0.00780821 -0.12726 -0.991863 -0.0035441 0.113732 0 0 0 1 
0.998176 -0.058142 0.0162358 -0.0347482 0.0171868 0.0158942 -0.999726 0.0138431 -0.0578682 -0.998182 -0.0168643 0.126457 0 0 0 1 
0.998176 -0.0581419 0.0162355 -0.0347508 0.0171865 0.015894 -0.999726 0.0138372 -0.0578678 -0.998182 -0.0168642 0.126454 0 0 0 1 
0.998176 -0.0581419 0.0162355 -0.0347563 0.0171864 0.0158939 -0.999726 0.0138254 -0.057868 -0.998182 -0.0168641 0.126449 0 0 0 1 
0.998176 -0.058142 0.0162356 -0.0347565 0.0171867 0.0158937 -0.999726 0.0138245 -0.0578681 -0.998182 -0.0168639 0.126449 0 0 0 1 
0.998177 -0.0581421 0.0162356 -0.0347472 0.0171866 0.0158941 -0.999726 0.0138446 -0.0578684 -0.998182 -0.0168642 0.126458 0 0 0 1 
0.998176 -0.0581418 0.0162356 -0.0347584 0.0171867 0.0158941 -0.999726 0.0138216 -0.0578678 -0.998182 -0.0168644 0.126447 0 0 0 1 
0.998177 -0.0581421 0.0162355 -0.0347578 0.0171866 0.0158936 -0.999726 0.0138228 -0.0578683 -0.998182 -0.0168637 0.126447 0 0 0 1 
0.998176 -0.0581421 0.0162357 -0.0347347 0.0171867 0.0158941 -0.999726 0.0138703 -0.0578683 -0.998182 -0.0168644 0.126469 0 0 0 1 
0.998177 -0.0581419 0.0162354 -0.0347366 0.0171864 0.0158939 -0.999726 0.0138662 -0.0578681 -0.998182 -0.0168641 0.126467 0 0 0 1 
0.998176 -0.0581421 0.0162355 -0.0347405 0.0171865 0.0158941 -0.999726 0.0138579 -0.057868 -0.998182 -0.0168644 0.126463 0 0 0 1 
0.998176 -0.0581422 0.0162356 -0.0347482 0.0171866 0.0158941 -0.999726 0.013843 -0.0578683 -0.998182 -0.0168646 0.126457 0 0 0 1 
0.473268 -0.811341 0.343137 -0.0139227 0.497849 -0.0750102 -0.864014 -0.120692 -0.726749 -0.57974 -0.368425 0.132994 0 0 0 1 
0.452466 -0.82537 0.337696 -0.00783961 0.513724 -0.0682925 -0.855233 -0.127142 -0.728946 -0.560446 -0.393113 0.141341 0 0 0 1 
0.430775 -0.840299 0.329136 -0.00130111 0.530448 -0.0592969 -0.845641 -0.133229 -0.730108 -0.538871 -0.420191 0.150392 0 0 0 1 
0.412447 -0.853987 0.317164 0.00471729 0.541993 -0.0497983 -0.838906 -0.136339 -0.732209 -0.517905 -0.442316 0.157986 0 0 0 1 
0.400273 -0.865901 0.299994 0.0102389 0.545581 -0.0378495 -0.837203 -0.135233 -0.73629 -0.498781 -0.45727 0.163573 0 0 0 1 
0.396136 -0.873448 0.283135 0.0141675 0.544108 -0.0250821 -0.83864 -0.132172 -0.73961 -0.486271 -0.465314 0.166856 0 0 0 1 
0.401262 -0.87236 0.279245 0.0139689 0.539567 -0.0212366 -0.841675 -0.129755 -0.740173 -0.488403 -0.462175 0.165952 0 0 0 1 
0.413975 -0.862398 0.291366 0.00918093 0.531886 -0.030595 -0.846263 -0.128199 -0.73873 -0.505305 -0.446032 0.160272 0 0 0 1 
0.432219 -0.846867 0.309843 0.00185108 0.521239 -0.0457619 -0.852183 -0.126265 -0.735865 -0.529832 -0.421641 0.151675 0 0 0 1 
0.453261 -0.828634 0.328511 -0.00639308 0.50922 -0.0617763 -0.858416 -0.12371 -0.731607 -0.556371 -0.393957 0.14195 0 0 0 1 
0.473268 -0.811341 0.343137 -0.0139227 0.497849 -0.0750104 -0.864014 -0.120692 -0.726749 -0.57974 -0.368425 0.132994 0 0 0 1 
0.473269 -0.815097 -0.334115 0.202877 0.497849 0.560385 -0.661903 -0.175697 -0.726748 -0.146919 -0.671008 0.236496 0 0 0 1 
0.452467 -0.815227 -0.361496 0.216198 0.513724 0.569621 -0.641576 -0.185806 -0.728945 -0.104583 -0.676536 0.23906 0 0 0 1 
0.430777 -0.817926 -0.38135 0.22654 0.530448 0.571351 -0.626245 -0.193841 -0.730107 -0.0674854 -0.679992 0.240785 0 0 0 1 
0.412449 -0.825179 -0.38596 0.230299 0.541993 0.562809 -0.624091 -0.19576 -0.732209 -0.0482178 -0.679371 0.24107 0 0 0 1 
0.400275 -0.837389 -0.372237 0.225925 0.545581 0.544124 -0.637393 -0.190318 -0.736289 -0.0520464 -0.674663 0.24001 0 0 0 1 
0.396137 -0.848743 -0.350301 0.217373 0.544107 0.5243 -0.655024 -0.18257 -0.73961 -0.0688776 -0.669502 0.238617 0 0 0 1 
0.401263 -0.850779 -0.339358 0.212377 0.539567 0.51894 -0.663 -0.178711 -0.740173 -0.0829309 -0.667283 0.237825 0 0 0 1 
0.413976 -0.843055 -0.34334 0.212711 0.531886 0.530115 -0.66036 -0.179156 -0.73873 -0.0907557 -0.667864 0.237639 0 0 0 1 
0.43222 -0.832076 -0.347614 0.212596 0.521239 0.545084 -0.656654 -0.179844 -0.735865 -0.102629 -0.669306 0.237507 0 0 0 1 
0.453262 -0.821934 -0.344931 0.209347 0.50922 0.556368 -0.65662 -0.178878 -0.731607 -0.121975 -0.670726 0.237211 0 0 0 1 
0.473269 -0.815097 -0.334115 0.202878 0.497849 0.560385 -0.661903 -0.175697 -0.726748 -0.146919 -0.671008 0.236496 0 0 0 1 
0.51029 -0.859642 -0.0249025 0.0725385 -0.00966235 0.0232238 -0.999684 0.0115221 -0.859948 -0.510369 -0.00354472 -0.0243929 0 0 0 1 
0.510893 -0.859308 -0.024027 0.0721019 -0.0100337 0.0219873 -0.999708 0.0113425 -0.859586 -0.510985 -0.00261111 -0.02501 0 0 0 1 
0.511055 -0.859218 -0.0238236 0.0720009 -0.0101331 0.021692 -0.999713 0.011305 -0.859489 -0.51115 -0.00237925 -0.0251624 0 0 0 1 
0.510497 -0.859527 -0.0246167 0.0723974 -0.00978964 0.0228166 -0.999692 0.0114852 -0.859824 -0.51058 -0.00323328 -0.0245803 0 0 0 1 
0.508954 -0.860378 -0.0267612 0.073465 -0.0088363 0.0258653 -0.999626 0.0118871 -0.860749 -0.509 -0.00556145 -0.0230617 0 0 0 1 
0.50744 -0.861202 -0.0289053 0.0745356 -0.00789537 0.0288966 -0.999551 0.0123045 -0.861651 -0.507441 -0.00786387 -0.0215419 0 0 0 1 
0.506985 -0.861447 -0.0295913 0.0748785 -0.00761108 0.0298552 -0.999525 0.0124364 -0.861922 -0.506969 -0.00857954 -0.0210731 0 0 0 1 
0.507693 -0.861062 -0.0286235 0.0743948 -0.00805293 0.0284794 -0.999562 0.0122488 -0.8615 -0.507701 -0.0075247 -0.0217745 0 0 0 1 
0.508798 -0.86046 -0.0270688 0.0736187 -0.00873999 0.0262785 -0.999616 0.0119482 -0.860841 -0.508839 -0.00585001 -0.0228789 0 0 0 1 
0.509802 -0.85991 -0.0256223 0.0728981 -0.00936104 0.0242369 -0.999663 0.0116741 -0.860241 -0.50987 -0.00430633 -0.0238856 0 0 0 1 
0.51029 -0.859641 -0.0249023 0.0725385 -0.00966241 0.0232236 -0.999683 0.0115221 -0.859948 -0.510369 -0.0035446 -0.0243929 0 0 0 1 
0.510278 -0.859645 -0.0250118 0.0725928 -0.0104682 0.0228727 -0.999684 0.0115423 -0.859945 -0.510378 -0.00267249 -0.0248258 0 0 0 1 
0.510278 -0.859645 -0.0250122 0.0725916 -0.0104684 0.0228728 -0.999684 0.0115358 -0.859946 -0.510379 -0.00267233 -0.0248323 0 0 0 1 
0.510278 -0.859646 -0.0250121 0.0725917 -0.0104682 0.0228726 -0.999684 0.0115386 -0.859946 -0.510379 -0.00267244 -0.0248301 0 0 0 1 
0.510278 -0.859645 -0.0250125 0.0725942 -0.0104683 0.0228732 -0.999683 0.0115619 -0.859946 -0.510379 -0.0026726 -0.0248081 0 0 0 1 
0.510279 -0.859645 -0.0250121 0.0725944 -0.0104683 0.0228728 -0.999683 0.0115438 -0.859946 -0.510379 -0.0026722 -0.024823 0 0 0 1 
0.510278 -0.859645 -0.025012 0.0725963 -0.0104682 0.0228726 -0.999683 0.0115479 -0.859945 -0.510379 -0.00267255 -0.0248175 0 0 0 1 
0.510278 -0.859646 -0.0250119 0.0725968 -0.0104681 0.0228727 -0.999684 0.011549 -0.859946 -0.510379 -0.00267254 -0.024816 0 0 0 1 
0.510279 -0.859645 -0.0250122 0.0725959 -0.0104682 0.0228729 -0.999683 0.0115461 -0.859946 -0.510379 -0.00267255 -0.0248195 0 0 0 1 
0.510279 -0.859645 -0.0250122 0.0725947 -0.0104685 0.0228729 -0.999684 0.0115453 -0.859946 -0.510379 -0.00267227 -0.0248216 0 0 0 1 
0.510278 -0.859646 -0.0250121 0.0725942 -0.0104682 0.0228729 -0.999684 0.011553 -0.859945 -0.510379 -0.00267255 -0.024816 0 0 0 1 
0.510279 -0.859645 -0.0250116 0.0725927 -0.0104682 0.0228725 -0.999683 0.0115422 -0.859945 -0.510379 -0.00267237 -0.0248259 0 0 0 1 
0.836824 -0.516645 -0.181115 -0.00173703 -0.292391 -0.142073 -0.945686 -0.029481 -0.462853 -0.84433 0.269953 0.0485861 0 0 0 1 
0.845263 -0.510737 -0.157094 -0.00773175 -0.283729 -0.179859 -0.941885 -0.0313167 -0.452801 -0.840713 0.296939 0.042347 0 0 0 1 
0.854546 -0.503072 -0.129112 -0.0144478 -0.273112 -0.223807 -0.935585 -0.0336365 -0.44177 -0.834763 0.328649 0.035239 0 0 0 1 
0.863072 -0.497358 -0.0879928 -0.0211666 -0.262331 -0.292536 -0.919568 -0.0315333 -0.431613 -0.816736 0.382952 0.0249181 0 0 0 1 
0.869607 -0.49359 -0.0123585 -0.0289555 -0.253488 -0.424836 -0.869056 -0.0173063 -0.423707 -0.758869 0.49456 0.00415687 0 0 0 1 
0.872479 -0.485415 0.05614 -0.0359034 -0.249445 -0.541223 -0.803029 -0.00266475 -0.420186 -0.686622 0.59329 -0.0171231 0 0 0 1 
0.870188 -0.490348 0.048282 -0.0337425 -0.252852 -0.528515 -0.810393 -0.00163006 -0.422892 -0.692986 0.583893 -0.0145124 0 0 0 1 
0.863944 -0.503584 0.00213514 -0.0261815 -0.261576 -0.452373 -0.852606 -0.00575161 -0.430325 -0.736045 0.52255 -2.34172e-05 0 0 0 1 
0.85525 -0.515087 -0.0568601 -0.0171328 -0.272629 -0.353911 -0.894662 -0.0117166 -0.440705 -0.780662 0.44311 0.0170814 0 0 0 1 
0.845617 -0.519908 -0.120944 -0.00847451 -0.283541 -0.245529 -0.926995 -0.0198562 -0.452257 -0.818175 0.355038 0.0340666 0 0 0 1 
0.836824 -0.516645 -0.181115 -0.00173703 -0.292391 -0.142073 -0.945686 -0.029481 -0.462853 -0.84433 0.269953 0.0485861 0 0 0 1 
0.949311 -0.284745 -0.133151 -0.0868514 -0.0828141 0.182072 -0.979792 -0.154636 -0.303234 -0.941153 -0.149262 0.0597168 0 0 0 1 
0.951809 -0.290593 -0.0980599 -0.0877028 -0.0667725 0.115716 -0.991036 -0.146537 -0.299335 -0.949824 -0.0907358 0.0600782 0 0 0 1 
0.954032 -0.293962 -0.0583889 -0.0895125 -0.0479457 0.0426145 -0.99794 -0.138588 -0.295845 -0.954866 -0.0265613 0.0591352 0 0 0 1 
0.953846 -0.300268 -0.00415887 -0.0908641 -0.0250688 -0.0658189 -0.997517 -0.122352 -0.299248 -0.951581 0.0703085 0.0570207 0 0 0 1 
0.946664 -0.308951 0.0915253 -0.0926984 0.00480357 -0.270481 -0.962713 -0.081589 -0.322187 -0.911805 0.25457 0.0475775 0 0 0 1 
0.936296 -0.301253 0.180545 -0.0982115 0.0246276 -0.456482 -0.889392 -0.0400458 -0.350347 -0.83718 0.419984 0.0294721 0 0 0 1 
0.936598 -0.305338 0.171911 -0.0964193 0.019765 -0.443788 -0.895914 -0.0389549 -0.349848 -0.842509 0.409616 0.0316311 0 0 0 1 
0.941398 -0.319808 0.107206 -0.0895234 0.000961372 -0.315292 -0.948994 -0.0636372 -0.337297 -0.893484 0.296508 0.0459601 0 0 0 1 
0.945625 -0.324158 0.0267427 -0.0845042 -0.0249745 -0.154339 -0.987702 -0.0931441 -0.324299 -0.933328 0.154043 0.0573947 0 0 0 1 
0.948301 -0.31209 -0.0576547 -0.0835031 -0.0544097 0.0191034 -0.998336 -0.124677 -0.312673 -0.94986 -0.00113507 0.0623009 0 0 0 1 
0.949311 -0.284745 -0.133151 -0.0868514 -0.0828141 0.182072 -0.979792 -0.154636 -0.303234 -0.941153 -0.149262 0.0597168 0 0 0 1 
0.98047 -0.0208106 -0.195566 -0.221405 -0.190596 0.144678 -0.970949 -0.135614 -0.0485 -0.98926 -0.137885 0.0843475 0 0 0 1 
0.986667 -0.025556 -0.160735 -0.222817 -0.158062 0.0849756 -0.983766 -0.130901 -0.0387996 -0.996055 -0.0798031 0.0837553 0 0 0 1 
0.992223 -0.0279479 -0.121295 -0.225124 -0.120777 0.0195534 -0.992487 -0.12686 -0.0301099 -0.999418 -0.0160258 0.081958 0 0 0 1 
0.997175 -0.033428 -0.0672606 -0.226894 -0.0697177 -0.0787828 -0.994451 -0.115761 -0.0279436 -0.996331 0.0808908 0.0799468 0 0 0 1 
0.998709 -0.0421029 0.0284218 -0.228729 0.016135 -0.267608 -0.963392 -0.0830489 -0.0481677 -0.962607 0.266584 0.0735901 0 0 0 1 
0.992404 -0.0356602 0.117739 -0.2336 0.0901255 -0.44068 -0.893129 -0.0480759 -0.083734 -0.896956 0.434119 0.060057 0 0 0 1 
0.99328 -0.0390664 0.108944 -0.232154 0.0817238 -0.429785 -0.899225 -0.046069 -0.0819518 -0.902085 0.423704 0.0621152 0 0 0 1 
