a
29
16
25
0
0
0.773529 -0.633271 -0.0249037 0.00966488 -0.0170241 0.0185184 -0.999684 -0.0539983 -0.633532 -0.773709 -0.00354362 0.0539017 0 0 0 1 
0.773529 -0.633271 -0.0249037 0.00966488 -0.0170241 0.0185184 -0.999684 -0.0539983 -0.633532 -0.773709 -0.00354362 0.0539017 0 0 0 1 
0.773529 -0.633271 -0.0249037 0.00966488 -0.0170241 0.0185184 -0.999684 -0.0539983 -0.633532 -0.773709 -0.00354362 0.0539017 0 0 0 1 
0.773529 -0.633271 -0.0249037 0.00966488 -0.0170241 0.0185184 -0.999684 -0.0539983 -0.633532 -0.773709 -0.00354362 0.0539017 0 0 0 1 
0.773529 -0.607563 0.180332 -0.0256463 -0.0170246 -0.30436 -0.952405 0.0479482 -0.633531 -0.733643 0.245775 0.0387418 0 0 0 1 
0.773529 -0.607563 0.180332 -0.0256463 -0.0170246 -0.30436 -0.952405 0.0479482 -0.633531 -0.733643 0.245775 0.0387418 0 0 0 1 
0.77353 -0.607563 0.180332 -0.0256463 -0.273233 -0.576446 -0.7701 0.0195275 -0.571835 -0.546422 0.611905 -0.0256882 0 0 0 1 
0.77353 -0.607563 0.180332 -0.0256463 -0.273233 -0.576446 -0.7701 0.0195275 -0.571835 -0.546422 0.611905 -0.0256882 0 0 0 1 
0.925451 -0.378825 -0.00571225 0.00381849 -0.19199 -0.455916 -0.869069 -0.0013755 -0.326621 -0.805376 0.494659 -0.00288975 0 0 0 1 
0.925552 -0.346066 0.153594 -0.0237228 -0.168729 -0.740161 -0.650917 -0.0517069 -0.338945 -0.576541 0.743449 -0.0477438 0 0 0 1 
0.900922 -0.278513 0.332821 -0.0550356 -0.178377 -0.936773 -0.301062 -0.118698 -0.395627 -0.211866 0.89364 -0.0771842 0 0 0 1 
0.895245 -0.188152 0.4039 -0.0681096 -0.179971 -0.98193 -0.0585154 -0.156443 -0.407611 0.0203045 0.91293 -0.0828839 0 0 0 1 
0.892597 -0.131816 0.431155 -0.0733473 -0.180396 -0.980837 0.0735971 -0.185449 -0.413191 0.143471 0.899271 -0.0818276 0 0 0 1 
0.88847 -0.129015 0.440428 -0.0749613 -0.182792 -0.979747 0.0817446 -0.231753 -0.420962 0.153134 0.894059 -0.0808779 0 0 0 1 
0.884412 -0.152518 0.441083 -0.0748318 -0.184576 -0.982347 0.0304143 -0.278885 -0.428658 0.108312 0.896951 -0.0807486 0 0 0 1 
0.880348 -0.178877 0.439306 -0.0742575 -0.185805 -0.982199 -0.027588 -0.297003 -0.436421 0.0573383 0.897914 -0.0807146 0 0 0 1 
0.832445 -0.526943 0.171365 -0.0249249 0.0910319 -0.175007 -0.98035 -0.0552544 -0.546578 -0.831687 0.0977152 0.0372461 0 0 0 1 
0.553826 -0.831717 -0.0390293 0.0140395 -0.0499793 0.0135828 -0.998658 -0.0541359 -0.831131 -0.555033 0.0340462 0.045141 0 0 0 1 
0.226811 -0.947867 -0.223841 0.0466651 -0.100946 0.205714 -0.973392 -0.0604578 -0.968693 -0.243372 0.0490249 0.0393042 0 0 0 1 
0.226811 -0.947867 -0.223841 0.0466651 -0.100946 0.205714 -0.973392 -0.0604578 -0.968693 -0.243372 0.0490249 0.0393042 0 0 0 1 
0.956913 -0.288192 0.0355228 -0.00414711 0.0810042 0.147463 -0.985745 0.0490088 -0.278845 -0.94615 -0.164454 0.111133 0 0 0 1 
0.956913 -0.288192 0.0355228 -0.00414711 0.0810042 0.147463 -0.985745 0.0490088 -0.278845 -0.94615 -0.164454 0.111133 0 0 0 1 
0.956913 -0.288192 0.0355228 -0.00414711 -0.0394157 -0.25012 -0.967412 0.0499407 -0.287685 -0.92433 0.250703 0.0400133 0 0 0 1 
0.97206 -0.207932 0.10892 -0.017504 -0.0182833 -0.529677 -0.848002 0.0324502 -0.23402 -0.822317 0.51868 -0.00677861 0 0 0 1 
0.990681 0.118156 -0.0677472 0.00929858 0.0163894 -0.597212 -0.801916 -0.0112961 0.135211 -0.793333 0.593584 -0.019718 0 0 0 1 
0.981299 0.176338 0.0771785 -0.0160539 0.191325 -0.849518 -0.491644 -0.077626 0.021131 -0.497216 0.867369 -0.0695775 0 0 0 1 
0.933426 0.273818 0.231818 -0.0434872 0.292482 -0.954979 -0.0496973 -0.16124 -0.207773 -0.114191 0.971489 -0.0914109 0 0 0 1 
0.88752 0.375388 0.267193 -0.0505969 0.314417 -0.917296 0.244355 -0.208627 -0.336823 0.132859 0.932147 -0.0873005 0 0 0 1 
0.861012 0.432325 0.267869 -0.0513119 0.30666 -0.861495 0.404705 -0.243024 -0.405732 0.266311 0.874334 -0.0788367 0 0 0 1 
0.859001 0.433894 0.27176 -0.0519933 0.291577 -0.850919 0.436945 -0.293545 -0.420833 0.296097 0.857453 -0.0761057 0 0 0 1 
0.868695 0.40763 0.281438 -0.0533704 0.27707 -0.870825 0.406074 -0.343997 -0.410611 0.274777 0.869423 -0.0777622 0 0 0 1 
0.878619 0.376379 0.293886 -0.0551687 0.26302 -0.895103 0.360016 -0.363906 -0.39856 0.239019 0.885449 -0.0804495 0 0 0 1 
0.787208 -0.612614 -0.0707707 0.0145125 -0.0525229 0.0477392 -0.997478 -0.0536127 -0.614447 -0.788939 -0.00540444 0.0537693 0 0 0 1 
0.715555 -0.676457 -0.174317 0.0231002 -0.0490017 0.200319 -0.978505 -0.0522387 -0.696835 -0.708716 -0.110192 0.0654901 0 0 0 1 
0.649556 -0.711701 -0.267506 0.0312936 -0.0329904 0.325123 -0.945096 -0.0528292 -0.759598 -0.622718 -0.187706 0.074718 0 0 0 1 
0.649556 -0.711701 -0.267506 0.0312936 -0.0329904 0.325123 -0.945096 -0.0528292 -0.759598 -0.622718 -0.187706 0.074718 0 0 0 1 
0.989486 -0.137999 0.0432744 -0.00254492 0.092829 0.376566 -0.921727 0.0593093 -0.110902 -0.916053 -0.385417 0.0958127 0 0 0 1 
0.989486 -0.137999 0.0432744 -0.00254492 0.092829 0.376566 -0.921727 0.0593093 -0.110902 -0.916053 -0.385417 0.0958127 0 0 0 1 
0.989487 -0.137999 0.0432745 -0.00254493 0.0396956 -0.0285826 -0.998803 0.0531193 -0.139071 -0.99002 0.0228042 0.0218277 0 0 0 1 
0.986868 -0.1455 0.0701585 -0.00528763 -0.00990456 -0.488021 -0.872776 0.0313582 -0.161228 -0.860619 0.483053 -0.0197161 0 0 0 1 
0.985816 0.0825186 -0.146145 0.0270087 -0.0552672 -0.662601 -0.746931 -0.0173915 0.158472 -0.744413 0.648642 -0.0162178 0 0 0 1 
0.991832 0.126942 -0.0124506 0.00217633 0.109807 -0.899446 -0.423013 -0.0768398 0.0648966 -0.41819 0.906038 -0.059892 0 0 0 1 
0.965494 0.221514 0.136944 -0.0257032 0.222915 -0.974824 0.00521468 -0.148775 -0.134651 -0.0254922 0.990565 -0.082491 0 0 0 1 
0.933003 0.313795 0.176173 -0.0356859 0.261225 -0.92727 0.268198 -0.186527 -0.247519 0.204209 0.947118 -0.0822524 0 0 0 1 
0.913068 0.361238 0.189246 -0.0397537 0.265592 -0.878894 0.396239 -0.214149 -0.309464 0.311531 0.898432 -0.0781837 0 0 0 1 
0.912153 0.353881 0.206751 -0.0423705 0.251407 -0.881514 0.399658 -0.260081 -0.323685 0.312571 0.893044 -0.0774004 0 0 0 1 
0.920503 0.319359 0.225131 -0.0441708 0.231433 -0.909852 0.344395 -0.307381 -0.314822 0.264914 0.911432 -0.0788134 0 0 0 1 
0.929311 0.281215 0.239372 -0.0453781 0.209964 -0.935565 0.28396 -0.325815 -0.303802 0.213628 0.928476 -0.0803242 0 0 0 1 
0.835247 -0.548303 0.0415464 0.0187075 0.0899458 0.0616967 -0.994034 -0.0531257 -0.542468 -0.834001 -0.100849 0.0504913 0 0 0 1 
0.871328 -0.489005 -0.04077 0.0309144 0.126685 0.304443 -0.944068 -0.048768 -0.474066 -0.817428 -0.32722 0.0579035 0 0 0 1 
0.905902 -0.40779 -0.114235 0.0425221 0.115396 0.497238 -0.859906 -0.0465056 -0.407463 -0.765808 -0.497506 0.0642059 0 0 0 1 
0.905902 -0.40779 -0.114235 0.0425221 0.115396 0.497238 -0.859906 -0.0465056 -0.407463 -0.765808 -0.497506 0.0642059 0 0 0 1 
0.971207 -0.129404 0.200027 0.00123743 0.20782 0.870691 -0.445766 0.0826126 0.116477 -0.474501 -0.872515 0.0958838 0 0 0 1 
0.971207 -0.129404 0.200027 0.00123743 0.20782 0.870691 -0.445766 0.0826126 0.116477 -0.474501 -0.872515 0.0958838 0 0 0 1 
0.971208 -0.129405 0.200027 0.00123743 0.237229 0.602419 -0.762112 0.0744369 0.0218792 -0.78762 -0.615772 0.0124143 0 0 0 1 
0.972281 -0.165333 0.165334 -0.00362138 0.111477 -0.293786 -0.949349 0.0345377 -0.205531 -0.941464 0.267211 -0.0266849 0 0 0 1 
0.993205 -0.000236444 -0.116379 0.0256129 -0.0746653 -0.768359 -0.635649 -0.017517 0.0892707 -0.640019 0.763156 -0.0110143 0 0 0 1 
0.998668 0.0493146 -0.0151636 0.000168556 0.0453095 -0.978871 -0.199396 -0.0737614 0.0246764 -0.198444 0.979801 -0.0527101 0 0 0 1 
0.980183 0.175657 0.0915786 -0.0278827 0.14497 -0.951115 0.272698 -0.142113 -0.135003 0.254017 0.957732 -0.0762231 0 0 0 1 
0.955148 0.278842 0.0996936 -0.0382981 0.188464 -0.832074 0.521665 -0.178388 -0.228415 0.479478 0.847306 -0.0776102 0 0 0 1 
0.936962 0.333181 0.105321 -0.0423618 0.198322 -0.755207 0.624765 -0.205861 -0.287699 0.564493 0.773677 -0.0746691 0 0 0 1 
0.932154 0.33527 0.136687 -0.0444271 0.185528 -0.766499 0.614865 -0.252313 -0.310916 0.54779 0.776697 -0.0741432 0 0 0 1 
0.934455 0.309664 0.175794 -0.0455334 0.166587 -0.816508 0.552779 -0.300313 -0.314712 0.487261 0.814575 -0.0754401 0 0 0 1 
0.938157 0.278267 0.205982 -0.0462098 0.147214 -0.859129 0.490128 -0.319221 -0.313351 0.429494 0.846963 -0.0767676 0 0 0 1 
0.835247 -0.548136 0.0436902 0.0190304 0.0899465 0.05781 -0.994267 -0.0531254 -0.542468 -0.834389 -0.0975887 0.0509885 0 0 0 1 
0.875174 -0.482818 -0.030925 0.0323496 0.0868943 0.219745 -0.97168 -0.0521886 -0.47594 -0.847702 -0.234269 0.0722504 0 0 0 1 
0.905926 -0.408182 -0.112631 0.0427684 0.042878 0.353056 -0.934619 -0.0565252 -0.421259 -0.841866 -0.337345 0.089141 0 0 0 1 
0.905926 -0.408182 -0.112631 0.0427684 0.042878 0.353056 -0.934619 -0.0565252 -0.421259 -0.841866 -0.337345 0.089141 0 0 0 1 
0.983324 -0.0662915 0.169347 -0.00397961 0.165016 0.716635 -0.677646 0.0489043 0.0764377 -0.694291 -0.715623 0.121629 0 0 0 1 
0.983324 -0.0662915 0.169347 -0.00397961 0.165016 0.716635 -0.677646 0.0489043 0.0764377 -0.694291 -0.715623 0.121629 0 0 0 1 
0.983325 -0.0662915 0.169347 -0.00397958 0.18184 0.372285 -0.910131 0.0541142 0.00271137 -0.925748 -0.378131 0.049644 0 0 0 1 
0.979389 -0.116085 0.165291 -0.00407583 0.0560517 -0.629996 -0.774573 0.0640493 -0.194049 -0.767873 0.610504 0.0236971 0 0 0 1 
0.984559 -0.0920357 -0.148908 0.0215254 -0.12819 -0.958339 -0.255252 0.0417832 0.119212 -0.270399 0.955339 0.0147065 0 0 0 1 
0.997114 0.0026377 -0.0758762 -0.00859538 0.0130468 -0.990482 0.13702 -0.022743 0.0747926 0.137614 0.987658 -0.0545765 0 0 0 1 
0.98672 0.16242 0.00204416 -0.0413124 0.141721 -0.866981 0.477765 -0.111842 -0.0793709 0.471131 0.878485 -0.0901838 0 0 0 1 
0.962518 0.270388 0.0211788 -0.0501031 0.203856 -0.772761 0.601067 -0.166905 -0.178887 0.574221 0.798918 -0.085782 0 0 0 1 
0.943044 0.32619 0.0653232 -0.0483501 0.224173 -0.768197 0.599684 -0.209528 -0.245792 0.550885 0.797567 -0.0709111 0 0 0 1 
0.937263 0.318653 0.141414 -0.0435573 0.21624 -0.849557 0.481137 -0.271784 -0.273455 0.420373 0.865164 -0.0595696 0 0 0 1 
0.939277 0.268323 0.21392 -0.0393818 0.200485 -0.935009 0.292511 -0.338613 -0.278505 0.231862 0.932027 -0.055308 0 0 0 1 
0.9431 0.204541 0.262156 -0.0370296 0.184209 -0.977767 0.100191 -0.377147 -0.276821 0.046198 0.95981 -0.0561618 0 0 0 1 
0.453217 -0.878932 -0.14857 -0.0354131 -0.284275 0.015454 -0.958618 -0.0684619 -0.844856 -0.476697 0.242855 0.0916611 0 0 0 1 
0.635913 -0.731804 -0.245106 -0.0160776 -0.0820712 0.251668 -0.964327 -0.0637366 -0.767384 -0.633345 -0.0999791 0.0792969 0 0 0 1 
0.783729 -0.543088 -0.301373 0.00589982 -0.0112909 0.472683 -0.88116 -0.0567985 -0.621001 -0.693993 -0.364324 0.0739317 0 0 0 1 
0.783729 -0.543088 -0.301373 0.00589982 -0.0112909 0.472683 -0.88116 -0.0567985 -0.621001 -0.693993 -0.364324 0.0739317 0 0 0 1 
0.831075 -0.52641 0.17946 -0.0159238 0.544854 0.705897 -0.452597 0.0966895 -0.111572 -0.473922 -0.87347 0.0836642 0 0 0 1 
0.831075 -0.52641 0.17946 -0.0159238 0.544854 0.705897 -0.452597 0.0966895 -0.111572 -0.473922 -0.87347 0.0836642 0 0 0 1 
0.831076 -0.526411 0.17946 -0.0159238 0.452368 0.452107 -0.768741 0.0823265 -0.323538 -0.720063 -0.613867 -0.00447445 0 0 0 1 
0.806448 -0.568241 0.163534 -0.0194486 -0.0232039 -0.306764 -0.951503 0.0268604 -0.59085 -0.763543 0.260574 -0.0451064 0 0 0 1 
0.894542 -0.434389 -0.105362 0.0147297 -0.393527 -0.653584 -0.646502 -0.0341053 -0.21197 -0.619786 0.755602 -0.0277657 0 0 0 1 
0.918555 -0.395096 -0.0124739 -0.0111441 -0.388861 -0.897488 -0.208092 -0.0967009 -0.0710214 -0.195995 0.97803 -0.0580049 0 0 0 1 
0.957663 -0.275681 0.0829581 -0.0379438 -0.287882 -0.919365 0.268126 -0.165202 -0.00235171 0.280656 0.959806 -0.0684357 0 0 0 1 
0.981956 -0.172894 0.0766129 -0.0479053 -0.187305 -0.833394 0.519972 -0.198578 0.0260516 0.52494 0.85074 -0.0628476 0 0 0 1 
0.991013 -0.116512 0.0657066 -0.0529533 -0.1319 -0.769501 0.624876 -0.223586 0.0222443 0.627927 0.777954 -0.0565387 0 0 0 1 
0.990415 -0.112863 0.0796334 -0.0573667 -0.137888 -0.773863 0.618161 -0.269088 0.00814215 0.623216 0.782007 -0.0551742 0 0 0 1 
0.985325 -0.13723 0.101501 -0.0614117 -0.17061 -0.809831 0.561307 -0.316802 -0.00517068 0.570387 0.82136 -0.0566265 0 0 0 1 
0.97908 -0.167534 0.11548 -0.0650112 -0.203107 -0.83892 0.504937 -0.335243 -0.0122846 0.517828 0.855397 -0.0580702 0 0 0 1 
-0.182952 -0.926363 0.32921 -0.0597633 -0.522567 -0.192008 -0.830696 -0.0877105 -0.832737 0.324013 0.448959 0.134826 0 0 0 1 
0.049692 -0.960071 -0.275308 -0.103674 -0.0716891 0.271509 -0.959762 -0.0613708 -0.996188 -0.0674294 0.0553348 0.0788767 0 0 0 1 
0.415365 -0.691311 -0.591237 -0.0848307 0.177258 0.699009 -0.692795 -0.00238888 -0.892217 -0.182961 -0.412885 0.0399754 0 0 0 1 
0.415365 -0.691311 -0.591237 -0.0848307 0.177258 0.699009 -0.692795 -0.00238887 -0.892217 -0.182961 -0.412885 0.0399754 0 0 0 1 
0.285935 -0.953077 -0.0994272 -0.134208 0.0180833 0.109108 -0.993865 -0.0566534 -0.958078 -0.282383 -0.0484321 0.080731 0 0 0 1 
0.285935 -0.953077 -0.0994272 -0.134208 0.0180833 0.109108 -0.993865 -0.0566534 -0.958078 -0.282383 -0.0484321 0.080731 0 0 0 1 
0.285935 -0.953077 -0.0994274 -0.134208 -0.373166 -0.0151808 -0.927641 -0.0589523 -0.882603 -0.302348 0.359997 0.0552161 0 0 0 1 
0.322507 -0.943453 0.0767156 -0.103262 -0.743484 -0.302642 -0.596355 -0.0240857 -0.58585 -0.135292 0.799047 0.0376655 0 0 0 1 
0.514877 -0.842667 -0.157524 -0.0509816 -0.816072 -0.425516 -0.391105 -0.0537405 -0.262542 -0.329922 0.906765 -0.0095331 0 0 0 1 
0.681042 -0.726283 -0.0932478 -0.0599453 -0.730818 -0.666238 -0.148428 -0.131072 -0.0456759 -0.169233 0.984517 -0.0532321 0 0 0 1 
0.835884 -0.548698 0.0151137 -0.0682995 -0.548383 -0.833569 0.0666324 -0.22547 0.0239629 0.0639848 0.997663 -0.063797 0 0 0 1 
0.920927 -0.380303 0.0852218 -0.0587905 -0.387062 -0.918041 0.0859221 -0.284243 -0.0455607 0.112114 0.99265 -0.0613523 0 0 0 1 
0.946978 -0.270191 0.173869 -0.0474814 -0.272874 -0.96201 -0.00875051 -0.329452 -0.169628 0.0391575 0.98473 -0.0660017 0 0 0 1 
0.936139 -0.242966 0.25419 -0.0441328 -0.196901 -0.961131 -0.193539 -0.387145 -0.291333 -0.131129 0.947592 -0.0876303 0 0 0 1 
0.918127 -0.261906 0.297401 -0.0470276 -0.140799 -0.917098 -0.37297 -0.437479 -0.370429 -0.30056 0.878889 -0.114308 0 0 0 1 
0.907521 -0.291936 0.301959 -0.0524519 -0.124624 -0.873729 -0.470178 -0.45338 -0.401092 -0.389065 0.829309 -0.130583 0 0 0 1 
-0.534103 0.620871 0.573806 -0.172925 -0.845003 -0.370747 -0.385378 -0.180969 0.0265325 0.690699 -0.722655 0.384085 0 0 0 1 
-0.76208 0.0336076 0.64661 -0.348078 -0.380274 -0.831501 -0.404965 -0.144418 -0.524047 0.554505 -0.646451 0.213037 0 0 0 1 
-0.573806 -0.472383 0.669031 -0.376039 0.16991 -0.867785 -0.466991 0.00589081 -0.801173 0.154287 -0.578202 0.0643989 0 0 0 1 
-0.573806 -0.472383 0.669031 -0.376039 0.16991 -0.867785 -0.466991 0.00589081 -0.801173 0.154287 -0.578202 0.0643988 0 0 0 1 
-0.23152 -0.799373 0.554438 -0.286806 -0.0393463 -0.561762 -0.826363 -0.0690089 -0.972034 0.213135 -0.0986069 0.0733438 0 0 0 1 
-0.23152 -0.799373 0.554438 -0.286806 -0.0393463 -0.561762 -0.826363 -0.0690089 -0.972034 0.213135 -0.0986069 0.0733438 0 0 0 1 
-0.23152 -0.799373 0.554438 -0.286806 -0.431307 -0.426506 -0.795027 -0.0732443 -0.871994 0.423198 0.24603 0.053493 0 0 0 1 
-0.0449146 -0.839375 0.541694 -0.211582 -0.827142 -0.272821 -0.491329 -0.0487897 -0.560195 0.470127 0.682028 0.0411496 0 0 0 1 
0.276971 -0.94623 0.167142 -0.11998 -0.902045 -0.315981 -0.294059 -0.0796535 -0.331061 0.0693235 0.941059 -0.0322622 0 0 0 1 
0.482031 -0.856538 0.184359 -0.117373 -0.872506 -0.488459 0.0118849 -0.17376 -0.079872 0.166584 0.982787 -0.0654849 0 0 0 1 
0.678457 -0.694136 0.240564 -0.113445 -0.733316 -0.620248 0.27846 -0.281062 0.0440794 0.365332 0.929833 -0.0599109 0 0 0 1 
0.798024 -0.539954 0.267595 -0.0937288 -0.602549 -0.722035 0.339999 -0.348669 -0.00962864 0.432566 0.901551 -0.0529607 0 0 0 1 
0.844449 -0.422918 0.328705 -0.0764974 -0.515933 -0.807131 0.286973 -0.401681 -0.143941 0.411924 0.899778 -0.0609596 0 0 0 1 
0.833551 -0.374456 0.406172 -0.0733075 -0.461799 -0.875822 0.140277 -0.465308 -0.303207 0.304498 0.902966 -0.0940089 0 0 0 1 
0.801911 -0.375498 0.464694 -0.0803137 -0.41816 -0.90829 -0.0123384 -0.518783 -0.426709 0.184422 0.885385 -0.134023 0 0 0 1 
0.772564 -0.400169 0.492961 -0.0912633 -0.411283 -0.906891 -0.0916245 -0.537128 -0.483727 0.13196 0.865214 -0.158258 0 0 0 1 
-0.161012 0.518186 0.839975 -0.082453 -0.925546 -0.374793 0.0537974 -0.275784 -0.342694 0.768774 -0.539951 0.226924 0 0 0 1 
-0.487027 0.109513 0.866494 -0.283437 -0.6213 -0.740713 -0.255596 -0.25116 -0.613832 0.662835 -0.428788 0.149544 0 0 0 1 
-0.557836 -0.256444 0.789339 -0.386418 -0.188422 -0.887102 -0.421365 -0.12769 -0.80828 0.383781 -0.446537 0.044294 0 0 0 1 
-0.557836 -0.256444 0.789339 -0.386418 -0.188422 -0.887102 -0.421365 -0.12769 -0.80828 0.383781 -0.446537 0.044294 0 0 0 1 
-0.275909 -0.725786 0.630166 -0.31318 -0.374965 -0.522395 -0.765836 -0.196237 -0.885028 0.447591 0.128011 0.0721679 0 0 0 1 
-0.275909 -0.725786 0.630166 -0.31318 -0.374965 -0.522395 -0.765836 -0.196237 -0.885028 0.447591 0.128011 0.0721679 0 0 0 1 
-0.275909 -0.725787 0.630166 -0.31318 -0.702522 -0.29518 -0.647559 -0.189951 -0.656002 0.621372 0.428438 0.104167 0 0 0 1 
-0.120298 -0.802938 0.583797 -0.244189 -0.962923 -0.0486635 -0.265352 -0.128618 -0.24147 0.594073 0.767313 0.142019 0 0 0 1 
0.0626621 -0.987272 0.146178 -0.192878 -0.995476 -0.0723075 -0.0616272 -0.145312 -0.0714128 0.141655 0.987337 0.0531293 0 0 0 1 
0.295525 -0.951799 0.0821198 -0.16872 -0.938892 -0.273483 0.209021 -0.224826 0.176488 0.138872 0.974457 0.0259949 0 0 0 1 
0.547354 -0.834199 0.0671884 -0.134936 -0.781424 -0.480678 0.397899 -0.314692 0.299631 0.270294 0.914966 0.0315984 0 0 0 1 
0.714353 -0.69725 0.0595064 -0.0934037 -0.66301 -0.647158 0.376302 -0.374748 0.223867 0.308266 0.924584 0.0247448 0 0 0 1 
0.802224 -0.586129 0.113538 -0.0605314 -0.594246 -0.765594 0.24645 -0.42279 0.057528 0.265178 0.962482 -0.000776768 0 0 0 1 
0.818023 -0.542196 0.191994 -0.0481116 -0.557964 -0.829087 0.0359392 -0.483027 -0.139693 0.136525 0.980738 -0.0497133 0 0 0 1 
0.800341 -0.546594 0.246352 -0.0495953 -0.523078 -0.837395 -0.158614 -0.533016 -0.292991 0.00191666 0.956113 -0.0993269 0 0 0 1 
0.77779 -0.570106 0.264619 -0.0566235 -0.516281 -0.819624 -0.248336 -0.549649 -0.358466 -0.0565355 0.931829 -0.125986 0 0 0 1 
-0.36633 0.513762 0.77579 -0.146481 -0.855308 -0.514235 -0.0633298 -0.224611 -0.366402 0.686739 -0.627805 0.236459 0 0 0 1 
-0.627025 0.0598456 0.776697 -0.317409 -0.454848 -0.837561 -0.302662 -0.178397 -0.632418 0.543056 -0.552392 0.168537 0 0 0 1 
-0.628881 -0.31505 0.710812 -0.396721 0.0156532 -0.91917 -0.39355 -0.0564775 -0.777344 0.236369 -0.58298 0.0846896 0 0 0 1 
-0.628881 -0.31505 0.710812 -0.396721 0.0156532 -0.91917 -0.39355 -0.0564775 -0.777344 0.236369 -0.58298 0.0846896 0 0 0 1 
-0.258014 -0.738998 0.622342 -0.304776 -0.167799 -0.600087 -0.782138 -0.114572 -0.951458 0.306231 -0.0308274 0.0805082 0 0 0 1 
-0.258014 -0.738998 0.622342 -0.304776 -0.167799 -0.600087 -0.782138 -0.114572 -0.951458 0.306231 -0.0308274 0.0805082 0 0 0 1 
-0.258014 -0.738999 0.622343 -0.304776 -0.540285 -0.423651 -0.727057 -0.111955 -0.80095 0.523833 0.289962 0.0785703 0 0 0 1 
-0.087237 -0.792105 0.604119 -0.23598 -0.891272 -0.208834 -0.402521 -0.0726938 -0.445 0.573549 0.687762 0.0818999 0 0 0 1 
0.187405 -0.959614 0.209813 -0.159162 -0.951238 -0.23057 -0.2049 -0.0984553 -0.245002 0.161183 0.956031 -0.00583605 0 0 0 1 
0.419351 -0.889959 0.179217 -0.142392 -0.907824 -0.411224 0.0821591 -0.186397 -0.00057999 0.197151 0.980373 -0.0421172 0 0 0 1 
0.649757 -0.734633 0.195269 -0.123218 -0.752277 -0.584597 0.303852 -0.283894 0.109066 0.344326 0.932493 -0.0440545 0 0 0 1 
0.793303 -0.573365 0.20475 -0.0941548 -0.608188 -0.730915 0.309629 -0.340015 0.0278759 0.370157 0.928551 -0.0501032 0 0 0 1 
0.853884 -0.448038 0.264848 -0.0728646 -0.502943 -0.841238 0.198412 -0.378201 -0.133904 0.302624 0.943657 -0.0691067 0 0 0 1 
0.850446 -0.399591 0.342153 -0.0674674 -0.425127 -0.905134 -0.000396298 -0.425217 -0.309853 0.145121 0.939645 -0.105324 0 0 0 1 
0.825375 -0.404926 0.393435 -0.0710938 -0.359491 -0.914261 -0.186798 -0.465309 -0.435341 -0.0127416 0.900175 -0.141312 0 0 0 1 
0.804063 -0.431085 0.40945 -0.0771803 -0.341552 -0.898617 -0.275373 -0.477975 -0.486648 -0.081569 0.869782 -0.161335 0 0 0 1 
-0.36633 0.513762 0.77579 -0.146481 -0.855308 -0.514235 -0.0633298 -0.224611 -0.366402 0.686739 -0.627804 0.236459 0 0 0 1 
-0.627025 0.0598455 0.776697 -0.317408 -0.454848 -0.837561 -0.302663 -0.178397 -0.632418 0.543056 -0.552392 0.168537 0 0 0 1 
-0.628881 -0.31505 0.710812 -0.396721 0.0156532 -0.91917 -0.39355 -0.0564775 -0.777344 0.236369 -0.58298 0.0846897 0 0 0 1 
-0.628881 -0.31505 0.710812 -0.396721 0.0156532 -0.91917 -0.39355 -0.0564775 -0.777344 0.236369 -0.58298 0.0846897 0 0 0 1 
-0.258014 -0.738998 0.622342 -0.304776 -0.167799 -0.600087 -0.782138 -0.114573 -0.951458 0.306231 -0.0308273 0.0805081 0 0 0 1 
-0.258014 -0.738998 0.622342 -0.304776 -0.167799 -0.600087 -0.782138 -0.114573 -0.951458 0.306231 -0.0308273 0.0805081 0 0 0 1 
-0.258014 -0.738999 0.622342 -0.304776 -0.540285 -0.423651 -0.727057 -0.111955 -0.80095 0.523833 0.289962 0.0785703 0 0 0 1 
-0.0872369 -0.792105 0.604119 -0.23598 -0.891271 -0.208834 -0.402521 -0.0726938 -0.444999 0.573549 0.687762 0.0819 0 0 0 1 
0.187405 -0.959614 0.209813 -0.159162 -0.951238 -0.23057 -0.2049 -0.0984552 -0.245002 0.161183 0.95603 -0.00583595 0 0 0 1 
0.419351 -0.889959 0.179217 -0.142392 -0.907824 -0.411224 0.0821591 -0.186397 -0.000579894 0.197151 0.980373 -0.0421172 0 0 0 1 
0.649757 -0.734633 0.195269 -0.123218 -0.752277 -0.584597 0.303852 -0.283893 0.109066 0.344326 0.932493 -0.0440544 0 0 0 1 
0.793303 -0.573365 0.20475 -0.0941548 -0.608188 -0.730915 0.309629 -0.340015 0.027876 0.370157 0.928551 -0.0501032 0 0 0 1 
0.853884 -0.448038 0.264847 -0.0728645 -0.502943 -0.841238 0.198412 -0.378201 -0.133903 0.302624 0.943657 -0.0691066 0 0 0 1 
0.850446 -0.399591 0.342153 -0.0674674 -0.425127 -0.905134 -0.000396349 -0.425217 -0.309852 0.145121 0.939645 -0.105324 0 0 0 1 
0.825375 -0.404926 0.393435 -0.0710938 -0.359491 -0.914261 -0.186798 -0.465309 -0.435341 -0.0127417 0.900175 -0.141312 0 0 0 1 
0.804063 -0.431085 0.40945 -0.0771803 -0.341552 -0.898617 -0.275373 -0.477975 -0.486648 -0.081569 0.869782 -0.161335 0 0 0 1 
0.657372 -0.738439 -0.150235 -0.0037699 -0.182826 0.0371224 -0.982444 -0.0375775 -0.731052 -0.673298 0.110603 0.0945279 0 0 0 1 
0.707248 -0.699469 -0.102674 0.0267202 0.121094 0.262944 -0.957182 -0.0511266 -0.696517 -0.664532 -0.270668 0.0805045 0 0 0 1 
0.767796 -0.638743 -0.0499679 0.0554208 0.319204 0.448984 -0.834579 -0.0541798 -0.555516 -0.624836 -0.548618 0.0666879 0 0 0 1 
0.767796 -0.638743 -0.0499679 0.0554208 0.319204 0.448984 -0.834579 -0.0541798 -0.555516 -0.624836 -0.548618 0.0666879 0 0 0 1 
0.949831 0.00277351 0.312751 0.0213635 0.139717 0.890877 -0.432225 0.0885227 0.279822 -0.454237 -0.845794 0.09168 0 0 0 1 
0.949831 0.00277351 0.312751 0.0213635 0.139717 0.890877 -0.432225 0.0885227 0.279822 -0.454237 -0.845794 0.09168 0 0 0 1 
0.949831 0.00277354 0.312752 0.0213635 0.241452 0.629101 -0.738873 0.0781261 0.198802 -0.777318 -0.59687 0.00617009 0 0 0 1 
0.957344 -0.00865008 0.288822 0.0181836 0.275698 -0.271912 -0.921984 0.0304112 -0.0865094 -0.962283 0.257928 -0.0346286 0 0 0 1 
0.982271 0.186349 0.0204537 0.049699 0.158664 -0.768273 -0.620147 -0.0273829 0.0998497 -0.612397 0.784219 -0.00796502 0 0 0 1 
0.954616 0.267392 0.131186 0.0279296 0.286479 -0.944827 -0.158846 -0.0797351 -0.0814742 -0.18922 0.978549 -0.0472022 0 0 0 1 
0.874389 0.422138 0.239256 0.00377528 0.335309 -0.882084 0.330902 -0.142217 -0.35073 0.209113 0.912831 -0.0724076 0 0 0 1 
0.79813 0.549737 0.246527 -0.00368245 0.328041 -0.739734 0.587521 -0.174311 -0.505347 0.388048 0.770742 -0.0760985 0 0 0 1 
0.738153 0.62567 0.252323 -0.00517736 0.311763 -0.648042 0.694871 -0.199538 -0.598276 0.434257 0.673414 -0.0755835 0 0 0 1 
0.705076 0.648077 0.287862 -0.00480434 0.315759 -0.650395 0.690857 -0.24584 -0.634952 0.396211 0.663214 -0.0766828 0 0 0 1 
0.694585 0.636824 0.334674 -0.00385454 0.332226 -0.696568 0.63594 -0.294555 -0.638105 0.330527 0.695395 -0.0789485 0 0 0 1 
0.700694 0.607061 0.37484 -0.00314266 0.335843 -0.744179 0.577414 -0.314132 -0.629474 0.278703 0.725319 -0.0809226 0 0 0 1 
0.980948 -0.103697 -0.164277 -0.0377971 -0.139667 0.211321 -0.967386 -0.0382771 -0.13503 -0.9719 -0.192812 -0.0310865 0 0 0 1 
0.664222 -0.526491 -0.530675 -0.0206104 -0.2578 0.505015 -0.82371 0.0218612 -0.701675 -0.683935 -0.199713 0.0901755 0 0 0 1 
0.176427 -0.630985 -0.755468 0.0425689 -0.177718 0.734474 -0.654954 0.0415687 -0.968137 -0.249812 -0.017444 0.198887 0 0 0 1 
0.176427 -0.630985 -0.755468 0.0425689 -0.177718 0.734474 -0.654954 0.0415687 -0.968137 -0.249812 -0.0174441 0.198887 0 0 0 1 
0.42345 0.869797 0.253266 0.100142 0.161283 0.202721 -0.965864 0.00307646 0.891447 -0.449843 0.0544409 0.127613 0 0 0 1 
0.42345 0.869797 0.253266 0.100142 0.161283 0.202721 -0.965864 0.00307646 0.891447 -0.449843 0.0544409 0.127613 0 0 0 1 
0.42345 0.869797 0.253266 0.100142 0.509923 0.00222678 -0.860217 0.0146824 0.748778 -0.493406 0.442586 0.0737507 0 0 0 1 
0.224506 0.918145 0.326507 0.138645 0.771234 0.0373943 -0.635453 0.00683641 0.595647 -0.394476 0.699709 -0.0582998 0 0 0 1 
-0.0980849 0.993626 0.0555612 0.214519 0.821206 0.112348 -0.559463 -0.0928559 0.562139 0.00924782 0.826991 -0.0534627 0 0 0 1 
-0.182376 0.964424 0.191378 0.201695 0.950537 0.222715 -0.216513 -0.155794 0.251434 -0.142425 0.957338 -0.0940288 0 0 0 1 
-0.278475 0.897093 0.34304 0.181406 0.956881 0.228406 0.179473 -0.225899 -0.0826515 -0.378227 0.922016 -0.117931 0 0 0 1 
-0.33571 0.852865 0.3999 0.174803 0.904594 0.173503 0.389365 -0.261621 -0.262692 -0.492461 0.829744 -0.116932 0 0 0 1 
-0.337185 0.831551 0.441396 0.16836 0.876703 0.106493 0.469096 -0.291773 -0.343071 -0.545145 0.764931 -0.115619 0 0 0 1 
-0.280566 0.826564 0.48793 0.157591 0.900721 0.0510863 0.431385 -0.34616 -0.331641 -0.560521 0.758836 -0.122255 0 0 0 1 
-0.199756 0.826512 0.526286 0.145322 0.939606 0.00923475 0.342132 -0.402332 -0.277916 -0.562844 0.77844 -0.1327 0 0 0 1 
-0.127149 0.826383 0.548567 0.135252 0.965671 -0.0231729 0.258735 -0.42793 -0.226525 -0.562633 0.795067 -0.141248 0 0 0 1 
0.95539 0.177085 -0.236369 -0.0322007 -0.166011 -0.339932 -0.925681 -0.0269115 0.244274 -0.923627 0.295369 -0.142205 0 0 0 1 
0.956646 -0.219396 -0.191557 -0.108074 -0.289574 -0.645949 -0.706326 0.0388052 -0.0312291 -0.731174 0.681476 -0.105352 0 0 0 1 
0.910004 -0.379538 0.166862 -0.173389 -0.243188 -0.814594 -0.52659 0.0710059 -0.335786 -0.43862 0.833583 0.0154295 0 0 0 1 
0.910004 -0.379538 0.166862 -0.173389 -0.243188 -0.814594 -0.52659 0.0710059 -0.335786 -0.43862 0.833583 0.0154295 0 0 0 1 
0.185368 0.979988 -0.0725448 0.168954 0.11195 -0.0944037 -0.98922 0.0194651 0.976272 -0.175248 0.127209 0.101007 0 0 0 1 
0.185368 0.979988 -0.0725448 0.168954 0.11195 -0.0944037 -0.98922 0.0194651 0.976272 -0.175248 0.127209 0.101007 0 0 0 1 
0.185368 0.979988 -0.0725448 0.168954 0.499357 -0.157522 -0.851957 0.0188325 0.846335 -0.1217 0.518563 0.042779 0 0 0 1 
0.00142224 0.999706 0.024215 0.203266 0.74349 0.0151366 -0.668575 0.0150886 0.668745 -0.0189545 0.74325 -0.0821523 0 0 0 1 
-0.335058 0.910554 -0.242132 0.284294 0.772806 0.11858 -0.623466 -0.0787593 0.538988 0.396019 0.743412 -0.049275 0 0 0 1 
-0.468037 0.867606 -0.167935 0.285783 0.843304 0.381693 -0.378349 -0.125529 0.264158 0.318702 0.910302 -0.100816 0 0 0 1 
-0.609171 0.78962 -0.0735574 0.27872 0.792678 0.603472 -0.0865075 -0.180431 0.0239184 0.111005 0.993532 -0.152318 0 0 0 1 
-0.713984 0.696449 -0.0720129 0.286341 0.695508 0.717316 0.0415421 -0.204166 -0.0805878 0.0204253 0.996538 -0.173541 0 0 0 1 
-0.768607 0.632777 -0.0940091 0.295705 0.630526 0.774161 0.05579 -0.224308 -0.108081 0.0163945 0.994007 -0.188 0 0 0 1 
-0.774526 0.619474 -0.127914 0.303259 0.627017 0.778569 -0.0260861 -0.271052 -0.0834306 0.100409 0.991442 -0.19916 0 0 0 1 
-0.752597 0.636496 -0.168732 0.308076 0.657009 0.74297 -0.127805 -0.324668 -0.0440157 0.207044 0.977341 -0.20615 0 0 0 1 
-0.716372 0.668914 -0.198407 0.308417 0.697643 0.690934 -0.189486 -0.354391 -0.0103361 0.27416 0.961629 -0.20997 0 0 0 1 
0.974806 0.121157 0.18728 -0.103594 0.202249 -0.126023 -0.971192 -0.147599 0.0940649 -0.984601 0.147352 -0.0675522 0 0 0 1 
0.997131 0.0154033 -0.0741093 -0.137728 -0.0475045 -0.634904 -0.771129 -0.0365517 0.0589303 -0.772437 0.632351 -0.130098 0 0 0 1 
0.993432 0.0874115 0.0738427 -0.184053 0.111759 -0.879731 -0.462151 -0.0643905 -0.0245643 -0.467367 0.883721 -0.102043 0 0 0 1 
0.993432 0.0874115 0.0738426 -0.184053 0.111759 -0.879731 -0.462151 -0.0643905 -0.0245642 -0.467367 0.883722 -0.102043 0 0 0 1 
-0.193833 0.964812 0.177671 0.264559 0.480927 0.251302 -0.839975 -0.129578 0.855066 0.0773676 0.512714 0.0879854 0 0 0 1 
-0.193833 0.964812 0.177671 0.264559 0.480927 0.251302 -0.839975 -0.129578 0.855066 0.0773676 0.512714 0.0879854 0 0 0 1 
-0.193833 0.964812 0.177671 0.264559 0.787135 0.261044 -0.558815 -0.122621 0.585531 -0.0315346 0.810036 0.0915044 0 0 0 1 
-0.429472 0.879971 0.202987 0.326824 0.853323 0.469005 -0.22776 -0.0856476 0.295625 -0.0753964 0.952324 0.017113 0 0 0 1 
-0.551609 0.807752 -0.208002 0.35438 0.834099 0.533392 -0.140617 -0.16914 0.00263739 0.25106 0.967968 0.104256 0 0 0 1 
-0.562904 0.786051 -0.255466 0.331602 0.789924 0.602593 0.113584 -0.178833 -0.243225 0.137861 0.960123 0.0685501 0 0 0 1 
-0.570767 0.765512 -0.297013 0.298709 0.695387 0.642998 0.320923 -0.207317 -0.436649 0.0233668 0.899329 0.0232472 0 0 0 1 
-0.512021 0.759492 -0.401255 0.265575 0.687965 0.642301 0.337865 -0.247021 -0.514333 0.103056 0.851376 0.00197712 0 0 0 1 
-0.414314 0.762573 -0.496816 0.233069 0.764727 0.587663 0.264281 -0.304932 -0.493494 0.270434 0.826637 -0.0244363 0 0 0 1 
-0.281629 0.767909 -0.575327 0.198732 0.886683 0.437434 0.149818 -0.392487 -0.366714 0.467939 0.804086 -0.0674129 0 0 0 1 
-0.149967 0.75661 -0.636436 0.167683 0.967841 0.243845 0.0618314 -0.467777 -0.201974 0.606696 0.768847 -0.115028 0 0 0 1 
-0.0562737 0.746902 -0.662549 0.146825 0.993794 0.105679 0.0347261 -0.498413 -0.0959547 0.656483 0.748214 -0.143756 0 0 0 1 
0.987099 0.150621 -0.0543018 -0.0533233 -0.0309838 -0.153043 -0.987734 -0.0553514 0.157084 -0.976674 0.146402 -0.0912449 0 0 0 1 
0.949829 0.0368839 -0.310586 -0.0660084 -0.209934 -0.660909 -0.720505 0.0135609 0.231844 -0.749559 0.620007 -0.192893 0 0 0 1 
0.979222 0.113615 -0.167978 -0.123673 0.0258681 -0.891535 -0.452211 -0.0340643 0.201136 -0.43847 0.87595 -0.185905 0 0 0 1 
0.979222 0.113615 -0.167978 -0.123673 0.0258681 -0.891536 -0.452212 -0.0340643 0.201136 -0.43847 0.87595 -0.185905 0 0 0 1 
-0.175927 0.965209 0.193449 0.254177 0.259023 0.234978 -0.936853 -0.0233599 0.949714 0.11471 0.291351 0.102414 0 0 0 1 
-0.175927 0.965209 0.193449 0.254177 0.259023 0.234978 -0.936853 -0.0233599 0.949714 0.11471 0.291351 0.102414 0 0 0 1 
-0.175927 0.965209 0.193449 0.254178 0.622913 0.26132 -0.737355 -0.0197176 0.762253 0.00921857 0.647214 0.0614831 0 0 0 1 
-0.396 0.875616 0.276551 0.297397 0.759507 0.481597 -0.437279 -0.00241117 0.516075 -0.0368802 0.855749 -0.044563 0 0 0 1 
-0.61017 0.786992 -0.0913105 0.350062 0.759588 0.548339 -0.349787 -0.0933067 0.22521 0.282788 0.932369 0.027909 0 0 0 1 
-0.631759 0.763475 -0.134114 0.33013 0.775075 0.624793 -0.0943003 -0.125927 -0.0117977 0.163524 0.986469 -0.0252423 0 0 0 1 
-0.648644 0.741396 -0.172026 0.299833 0.731412 0.669722 0.128487 -0.177225 -0.210469 0.0424796 0.976677 -0.0801522 0 0 0 1 
-0.616249 0.733359 -0.28709 0.279158 0.728264 0.669406 0.146724 -0.218845 -0.299781 0.118659 0.9466 -0.101075 0 0 0 1 
-0.54425 0.735636 -0.403276 0.261094 0.786962 0.614233 0.0583907 -0.266549 -0.290659 0.285583 0.913214 -0.121077 0 0 0 1 
-0.434308 0.741568 -0.511327 0.242103 0.882777 0.463287 -0.0779121 -0.33922 -0.179114 0.485225 0.855848 -0.150357 0 0 0 1 
-0.320696 0.731426 -0.601806 0.224582 0.946644 0.268909 -0.177629 -0.405282 -0.031909 0.626661 0.778639 -0.181776 0 0 0 1 
-0.235659 0.723115 -0.649285 0.211866 0.96969 0.130589 -0.206513 -0.434411 0.0645437 0.678271 0.731972 -0.200954 0 0 0 1 
0.916807 0.177019 -0.357952 0.0566927 -0.323449 -0.196508 -0.925616 0.0396997 0.234192 -0.964391 0.122903 -0.114356 0 0 0 1 
0.808106 0.0512479 -0.586803 0.0638673 -0.391647 -0.697358 -0.600254 0.0502743 0.439973 -0.714889 0.543468 -0.251687 0 0 0 1 
0.876276 0.134911 -0.462536 -0.00363489 -0.0761689 -0.909136 -0.409475 -0.00666602 0.475751 -0.394044 0.786377 -0.266605 0 0 0 1 
0.876276 0.134911 -0.462537 -0.00363486 -0.0761689 -0.909136 -0.409476 -0.00666601 0.475751 -0.394044 0.786377 -0.266605 0 0 0 1 
-0.148346 0.967103 0.206655 0.239997 -0.047919 0.201692 -0.978276 0.105569 0.987774 0.155026 -0.0164224 0.172047 0 0 0 1 
-0.148346 0.967103 0.206655 0.239997 -0.047919 0.201692 -0.978276 0.105569 0.987774 0.155026 -0.0164224 0.172047 0 0 0 1 
-0.148346 0.967103 0.206655 0.239998 0.357988 0.24731 -0.900379 0.126387 0.921867 0.0595876 0.382898 0.0726557 0 0 0 1 
-0.328861 0.874776 0.355834 0.249982 0.570153 0.484285 -0.663621 0.132066 0.752845 0.0153596 0.658019 -0.0811694 0 0 0 1 
-0.640884 0.764063 0.0740013 0.316596 0.59408 0.554725 -0.582536 0.0337874 0.486145 0.329376 0.809429 -0.0384196 0 0 0 1 
-0.673477 0.738092 0.040617 0.298302 0.68334 0.64259 -0.346589 -0.0217494 0.281915 0.205664 0.937137 -0.12427 0 0 0 1 
-0.700164 0.713906 0.0104056 0.269653 0.707657 0.695824 -0.122683 -0.0993984 0.0948246 0.0785345 0.992392 -0.201415 0 0 0 1 
-0.703978 0.701849 -0.108732 0.263965 0.710217 0.696205 -0.104355 -0.14323 -0.00245839 0.150688 0.988578 -0.22647 0 0 0 1 
-0.670862 0.701204 -0.241364 0.265298 0.741503 0.639004 -0.204563 -0.177182 -0.010792 0.316205 0.948629 -0.237989 0 0 0 1 
-0.59931 0.705674 -0.377958 0.268825 0.797475 0.485174 -0.358664 -0.229719 0.0697246 0.516363 0.853527 -0.245056 0 0 0 1 
-0.518263 0.694962 -0.498429 0.271986 0.835947 0.288619 -0.466789 -0.283752 0.180544 0.65858 0.730532 -0.250007 0 0 0 1 
-0.451417 0.687101 -0.569312 0.272644 0.854791 0.149913 -0.496848 -0.31095 0.256037 0.710928 0.655001 -0.253257 0 0 0 1 
0.968937 -0.242346 0.0492863 0.0179418 0.105976 0.226814 -0.968155 -0.0473833 -0.22345 -0.943304 -0.245452 0.0111768 0 0 0 1 
0.987346 -0.149046 -0.0541482 0.0230342 0.0143329 0.423942 -0.905576 -0.0357302 -0.157928 -0.893341 -0.420714 0.0212094 0 0 0 1 
0.99056 -0.05421 -0.125907 0.0360155 -0.0727735 0.570409 -0.818131 -0.0262634 -0.116169 -0.81957 -0.561079 0.0271821 0 0 0 1 
0.99056 -0.05421 -0.125907 0.0360155 -0.0727735 0.570409 -0.818131 -0.0262633 -0.116169 -0.81957 -0.561079 0.0271821 0 0 0 1 
0.979269 -0.165174 -0.117262 -0.0823898 0.135032 0.963796 -0.229923 0.170562 -0.150994 -0.209322 -0.966119 0.0479787 0 0 0 1 
0.979268 -0.165174 -0.117262 -0.0823898 0.135033 0.963796 -0.229922 0.170562 -0.150994 -0.209322 -0.966119 0.0479788 0 0 0 1 
0.979269 -0.165174 -0.117262 -0.0823898 0.0619438 0.795332 -0.603001 0.135298 -0.192862 -0.583236 -0.789076 -0.0671213 0 0 0 1 
0.976136 -0.141936 0.164352 -0.00410921 0.0894787 -0.42671 -0.899951 0.0275933 -0.197867 -0.893181 0.403827 -0.0323705 0 0 0 1 
0.986418 0.132215 -0.0974573 0.0337846 0.100989 -0.956134 -0.274972 0.0364026 0.129537 -0.261395 0.9565 0.0149526 0 0 0 1 
0.965317 0.26078 -0.012501 0.0066501 0.260975 -0.96247 0.0744482 -0.0401961 -0.00738278 0.0751285 0.997147 -0.0514354 0 0 0 1 
0.905158 0.407861 0.119744 -0.0109487 0.346053 -0.870635 0.349631 -0.14717 -0.246854 0.275034 0.929204 -0.0744971 0 0 0 1 
0.852669 0.471966 0.224063 0.00419784 0.36438 -0.844565 0.392348 -0.223941 -0.37441 0.252899 0.892109 -0.0572563 0 0 0 1 
0.822322 0.445884 0.353517 0.0302645 0.362996 -0.889498 0.277535 -0.297513 -0.438202 0.0998979 0.893308 -0.0405377 0 0 0 1 
0.820088 0.322792 0.472505 0.0479414 0.360965 -0.93252 0.0105535 -0.401163 -0.444027 -0.161903 0.881265 -0.0500613 0 0 0 1 
0.832314 0.156642 0.531711 0.0494615 0.359715 -0.882457 -0.303109 -0.503765 -0.421732 -0.443546 0.790828 -0.0884798 0 0 0 1 
0.845767 0.00976866 0.533464 0.0396912 0.355576 -0.755762 -0.549899 -0.558852 -0.3978 -0.654773 0.642672 -0.137766 0 0 0 1 
0.947493 -0.200214 -0.249341 0.0556058 -0.316443 -0.474769 -0.821254 -0.122074 -0.0460472 -0.857035 0.513197 0.0190782 0 0 0 1 
0.830523 -0.468644 -0.301004 0.0840502 -0.383797 -0.0898758 -0.919033 -0.101687 -0.403647 -0.878803 0.254508 0.0556958 0 0 0 1 
0.643186 -0.628045 -0.438033 0.123619 -0.355156 0.262113 -0.897308 -0.100705 -0.678363 -0.732705 0.0544663 0.0738969 0 0 0 1 
0.643185 -0.628045 -0.438033 0.123619 -0.355156 0.262113 -0.897308 -0.100705 -0.678363 -0.732705 0.0544666 0.0738968 0 0 0 1 
0.790314 -0.593323 -0.152876 0.0136991 -0.484657 -0.452729 -0.748428 -0.0446579 -0.374848 -0.665586 0.645356 -0.0401213 0 0 0 1 
0.790314 -0.593323 -0.152876 0.0136991 -0.484657 -0.452729 -0.748428 -0.0446579 -0.374848 -0.665586 0.645356 -0.0401213 0 0 0 1 
0.790314 -0.593323 -0.152876 0.0136991 -0.595221 -0.684307 -0.421233 -0.0971489 -0.145313 -0.423901 0.893975 -0.0600669 0 0 0 1 
0.944083 -0.324003 0.0610704 -0.0110682 -0.321806 -0.94582 -0.0431823 -0.132521 -0.071753 -0.021115 0.997199 -0.0797491 0 0 0 1 
0.970813 -0.0924015 -0.221324 0.035616 -0.0760338 -0.993779 0.081383 -0.167721 0.227467 0.0621796 0.971799 -0.0834681 0 0 0 1 
0.966066 0.127056 -0.224887 0.0344373 0.18912 -0.940947 0.280807 -0.208813 0.175929 0.313808 0.933045 -0.0729374 0 0 0 1 
0.917039 0.35332 -0.184946 0.0251367 0.398775 -0.80734 0.43495 -0.234371 -0.00436219 0.472617 0.881257 -0.0607294 0 0 0 1 
0.858134 0.486389 -0.164415 0.0188722 0.506706 -0.750663 0.423973 -0.220846 -0.0827953 0.447135 0.890626 -0.0568075 0 0 0 1 
0.827235 0.549497 -0.117197 0.00968537 0.555161 -0.767293 0.321028 -0.203636 -0.0864794 0.330629 0.939791 -0.0571825 0 0 0 1 
0.836421 0.544326 -0.0641114 0.00184803 0.547728 -0.825891 0.133783 -0.215161 -0.0198725 0.147015 0.988935 -0.0549459 0 0 0 1 
0.860941 0.507459 -0.0355967 -0.00108027 0.504966 -0.860986 -0.0609359 -0.240442 0.0615706 -0.034487 0.997507 -0.0468932 0 0 0 1 
0.879312 0.475297 -0.0300721 -0.000800714 0.463133 -0.868107 -0.178599 -0.251217 0.110993 -0.143117 0.983462 -0.0397711 0 0 0 1 
0.947493 0.197476 -0.251515 0.06238 -0.316444 0.692276 -0.64855 -0.159538 -0.0460452 -0.694087 -0.718417 0.415934 0 0 0 1 
0.830524 0.0205995 -0.556602 0.173371 -0.383797 0.745369 -0.545091 -0.208659 -0.403645 -0.666333 -0.626953 0.341189 0 0 0 1 
0.643186 -0.219564 -0.733555 0.224489 -0.355157 0.763179 -0.539834 -0.207511 -0.678362 -0.607741 -0.412887 0.225454 0 0 0 1 
0.643186 -0.219563 -0.733556 0.224489 -0.355157 0.76318 -0.539833 -0.207511 -0.678362 -0.60774 -0.412888 0.225455 0 0 0 1 
0.790314 -0.581767 -0.192224 0.0264751 -0.484657 -0.401649 -0.777037 -0.0347166 -0.374847 -0.707266 0.599386 -0.0260385 0 0 0 1 
0.790314 -0.581767 -0.192224 0.0264751 -0.484657 -0.401649 -0.777037 -0.0347166 -0.374847 -0.707266 0.599386 -0.0260385 0 0 0 1 
0.790315 -0.581767 -0.192224 0.0264751 -0.59522 -0.654596 -0.466066 -0.082339 -0.145312 -0.482755 0.863616 -0.0512452 0 0 0 1 
0.944084 -0.274109 -0.183224 0.0679179 -0.321805 -0.645134 -0.692996 0.0801465 -0.0717525 -0.713208 0.69727 0.00571126 0 0 0 1 
0.970813 0.188322 -0.148517 0.0165934 -0.0760321 -0.345644 -0.93528 0.167722 0.227468 -0.919274 0.321237 0.109843 0 0 0 1 
0.966065 0.251951 0.0569108 -0.0538861 0.189122 -0.539886 -0.820217 0.149867 0.175929 -0.803146 0.569215 0.026491 0 0 0 1 
0.917038 0.309584 0.251394 -0.115249 0.398776 -0.718739 -0.569554 0.0886271 -0.00436211 -0.622552 0.782566 -0.0458662 0 0 0 1 
0.858133 0.404039 0.316797 -0.136471 0.506708 -0.765966 -0.395656 0.0413665 -0.0827954 -0.500049 0.86203 -0.0621272 0 0 0 1 
0.827234 0.46869 0.309861 -0.128294 0.555162 -0.766723 -0.322384 0.00239408 -0.0864793 -0.438709 0.894458 -0.0544251 0 0 0 1 
0.83642 0.482889 0.259268 -0.102638 0.547729 -0.753587 -0.363455 -0.0548395 -0.0198724 -0.446009 0.894808 -0.0338697 0 0 0 1 
