a
29
15
25
0
1
8 0
0.773529 -0.633271 -0.0249037 0.00966488 -0.0170241 0.0185184 -0.999684 -0.0596808 -0.633532 -0.773709 -0.00354362 0.0539017 0 0 0 1 
0.773529 -0.633271 -0.0249037 0.00752821 -0.0170241 0.0185184 -0.999684 -0.116418 -0.633532 -0.773709 -0.00354362 0.0310891 0 0 0 1 
0.773529 -0.633271 -0.0249037 0.00572026 -0.0170241 0.0185184 -0.999684 -0.164427 -0.633532 -0.773709 -0.00354362 0.0117862 0 0 0 1 
0.773529 -0.633271 -0.0249037 0.00572026 -0.0170241 0.0185184 -0.999684 -0.164427 -0.633532 -0.773709 -0.00354362 0.0117862 0 0 0 1 
0.773529 -0.633271 -0.0249037 0.00769257 -0.0170241 0.0185184 -0.999684 -0.0593252 -0.633532 -0.773709 -0.00354362 0.032844 0 0 0 1 
0.773529 -0.633271 -0.0249037 0.00966488 -0.0170241 0.0185184 -0.999684 0.0457769 -0.633532 -0.773709 -0.00354362 0.0539017 0 0 0 1 
0.773529 -0.633271 -0.0249037 0.00966488 -0.0170241 0.0185184 -0.999684 0.0457769 -0.633532 -0.773709 -0.00354362 0.0539017 0 0 0 1 
0.773529 -0.633271 -0.0249037 0.00966488 -0.0170241 0.0185184 -0.999684 0.063395 -0.633532 -0.773709 -0.00354362 0.0499072 0 0 0 1 
0.773529 -0.633271 -0.0249037 0.00966488 -0.0170241 0.0185184 -0.999684 0.0825541 -0.633532 -0.773709 -0.00354363 0.0448768 0 0 0 1 
0.773529 -0.633271 -0.0249037 0.00966488 -0.0170241 0.0185184 -0.999684 0.0735141 -0.633532 -0.773709 -0.00354363 0.0352563 0 0 0 1 
0.773529 -0.633271 -0.0249037 0.00966488 -0.0170241 0.0185184 -0.999684 -0.0151667 -0.633532 -0.773709 -0.00354362 0.0124579 0 0 0 1 
0.773529 -0.633271 -0.0249037 0.00966488 -0.0170241 0.0185184 -0.999684 -0.119488 -0.633532 -0.773709 -0.00354362 -0.0115997 0 0 0 1 
0.773529 -0.633271 -0.0249037 0.00966488 -0.0170241 0.0185184 -0.999684 -0.119488 -0.633532 -0.773709 -0.00354362 -0.0115997 0 0 0 1 
0.773529 -0.633271 -0.0249037 0.00966488 -0.0170241 0.0185184 -0.999684 -0.0920764 -0.633532 -0.773709 -0.00354362 0.0184218 0 0 0 1 
0.773529 -0.633271 -0.0249037 0.00966488 -0.0170241 0.0185184 -0.999684 -0.0596808 -0.633532 -0.773709 -0.00354362 0.0539017 0 0 0 1 
0.832445 -0.526943 0.171365 -0.0249249 0.0910319 -0.175007 -0.98035 -0.0609369 -0.546578 -0.831687 0.0977152 0.0372461 0 0 0 1 
0.871945 -0.485053 0.0665977 -0.00958888 0.075505 -0.00117794 -0.997145 -0.116611 -0.483747 -0.874484 -0.0355968 0.0376657 0 0 0 1 
0.900724 -0.434098 -0.0159607 0.00218536 0.0524468 0.14515 -0.988018 -0.1677 -0.431214 -0.889095 -0.153508 0.0386693 0 0 0 1 
0.900724 -0.434098 -0.0159607 0.00218536 0.0524468 0.14515 -0.988018 -0.1677 -0.431214 -0.889095 -0.153508 0.0386693 0 0 0 1 
0.885064 -0.464759 -0.0256876 0.00612929 0.0600628 0.168757 -0.983826 -0.0635552 -0.461577 -0.869206 -0.177276 0.0635676 0 0 0 1 
0.868369 -0.494592 -0.0362339 0.0102042 0.0684872 0.191967 -0.979009 0.0404877 -0.491166 -0.84766 -0.200572 0.0883683 0 0 0 1 
0.868369 -0.494592 -0.0362339 0.0102042 0.0684872 0.191967 -0.979009 0.0404877 -0.491166 -0.84766 -0.200572 0.0883683 0 0 0 1 
0.867424 -0.496321 -0.035229 0.0100501 0.0691727 0.190402 -0.979266 0.0581663 -0.492738 -0.847002 -0.199491 0.0841819 0 0 0 1 
0.866105 -0.498716 -0.0338309 0.00983554 0.0701194 0.188228 -0.979619 0.0774085 -0.494919 -0.846081 -0.197995 0.0788855 0 0 0 1 
0.861694 -0.506588 -0.029177 0.00912048 0.0732092 0.181014 -0.980752 0.0686378 -0.502119 -0.842972 -0.193065 0.0683883 0 0 0 1 
0.84805 -0.529704 -0.0149867 0.00693087 0.0820751 0.159236 -0.983823 -0.0192898 -0.523522 -0.833101 -0.178516 0.0429946 0 0 0 1 
0.832441 -0.554113 0.000906363 0.00446307 0.0910779 0.135212 -0.986622 -0.122881 -0.546578 -0.821387 -0.163023 0.016161 0 0 0 1 
0.832441 -0.554113 0.000906363 0.00446307 0.0910779 0.135212 -0.986622 -0.122881 -0.546578 -0.821387 -0.163023 0.016161 0 0 0 1 
0.832442 -0.548298 0.0800618 -0.00911339 0.0910567 -0.0071636 -0.99582 -0.0924264 -0.546579 -0.836252 -0.0439629 0.0260059 0 0 0 1 
0.832445 -0.526943 0.171365 -0.0249249 0.0910319 -0.175007 -0.98035 -0.0609369 -0.546578 -0.831687 0.0977152 0.0372461 0 0 0 1 
0.787208 -0.612614 -0.0707707 0.0145125 -0.0525229 0.0477392 -0.997478 -0.0592952 -0.614447 -0.788939 -0.00540446 0.0537693 0 0 0 1 
0.85307 -0.484295 -0.194238 0.0269605 -0.00980737 0.357302 -0.933937 -0.115638 -0.521703 -0.798619 -0.300055 0.0591178 0 0 0 1 
0.902139 -0.345296 -0.258682 0.0342799 -0.0031594 0.594267 -0.804261 -0.171146 -0.431435 -0.726373 -0.53502 0.0639535 0 0 0 1 
0.902139 -0.345296 -0.258682 0.0342799 -0.0031594 0.594267 -0.804261 -0.171146 -0.431435 -0.726373 -0.53502 0.0639535 0 0 0 1 
0.896662 -0.412477 -0.160812 0.0254338 0.00926195 0.380637 -0.924678 -0.0589386 -0.442619 -0.827634 -0.345123 0.0646296 0 0 0 1 
0.889764 -0.453721 -0.0495766 0.0158457 0.0182768 0.143952 -0.989416 0.047432 -0.456055 -0.87944 -0.136376 0.0645287 0 0 0 1 
0.889764 -0.453721 -0.0495766 0.0158457 0.0182768 0.143952 -0.989416 0.047432 -0.456055 -0.87944 -0.136376 0.0645287 0 0 0 1 
0.887157 -0.458958 -0.0480654 0.0155896 0.0169325 0.136463 -0.990501 0.064997 -0.461157 -0.877915 -0.128835 0.0598392 0 0 0 1 
0.883559 -0.46592 -0.0473514 0.0153737 0.014767 0.128776 -0.991564 0.0840964 -0.468087 -0.875406 -0.120662 0.0540728 0 0 0 1 
0.872096 -0.485017 -0.0648651 0.0166526 0.00451539 0.140528 -0.990066 0.0751544 -0.489314 -0.86314 -0.124744 0.0450931 0 0 0 1 
0.834317 -0.53436 -0.135551 0.0223988 -0.0255509 0.208136 -0.977766 -0.0133047 -0.550692 -0.819231 -0.159998 0.0265787 0 0 0 1 
0.786406 -0.578583 -0.216348 0.0292201 -0.0524375 0.286448 -0.95666 -0.118025 -0.615479 -0.763668 -0.194925 0.00701636 0 0 0 1 
0.786406 -0.578583 -0.216348 0.0292201 -0.0524375 0.286448 -0.95666 -0.118025 -0.615479 -0.763668 -0.194925 0.00701636 0 0 0 1 
0.786771 -0.598574 -0.150668 0.0224873 -0.0525162 0.178297 -0.982574 -0.0903883 -0.615007 -0.780973 -0.108844 0.0284002 0 0 0 1 
0.787208 -0.612614 -0.0707707 0.0145125 -0.0525229 0.0477392 -0.997478 -0.0592952 -0.614447 -0.788939 -0.00540446 0.0537693 0 0 0 1 
0.835247 -0.548303 0.0415464 0.0187075 0.0899458 0.0616967 -0.994034 -0.0588082 -0.542468 -0.834001 -0.10085 0.0504913 0 0 0 1 
0.907423 -0.405981 -0.108458 0.0309045 0.0985468 0.456494 -0.884252 -0.111971 -0.408499 -0.791702 -0.454241 0.0558221 0 0 0 1 
0.954029 -0.246427 -0.170597 0.0387915 0.0683916 0.733171 -0.676597 -0.164719 -0.291808 -0.633825 -0.71632 0.0622 0 0 0 1 
0.954029 -0.246427 -0.170597 0.0387915 0.0683916 0.733171 -0.676597 -0.164719 -0.291808 -0.633825 -0.71632 0.0622 0 0 0 1 
0.939455 -0.342627 -0.0055095 0.0307458 0.114685 0.329526 -0.937155 -0.0604632 -0.32291 -0.879784 -0.348869 0.0632839 0 0 0 1 
0.919528 -0.341491 0.194557 0.0242417 0.151122 -0.149759 -0.977105 0.0403938 -0.362809 -0.927877 0.086101 0.0684235 0 0 0 1 
0.919528 -0.341491 0.194557 0.0242417 0.151122 -0.149759 -0.977105 0.0403938 -0.362809 -0.927877 0.086101 0.0684235 0 0 0 1 
0.917141 -0.345238 0.199154 0.0240934 0.150525 -0.162641 -0.975136 0.0578933 -0.369045 -0.924315 0.0971976 0.0638657 0 0 0 1 
0.914027 -0.351002 0.203352 0.0239872 0.149129 -0.175439 -0.97313 0.0769346 -0.377246 -0.919793 0.108011 0.0582095 0 0 0 1 
0.906753 -0.378825 0.18518 0.0250338 0.137901 -0.148598 -0.979235 0.0681977 -0.398476 -0.913461 0.0825018 0.0485923 0 0 0 1 
0.883635 -0.458929 0.0925934 0.0295143 0.10127 -0.00573051 -0.994842 -0.0190111 -0.457093 -0.888454 -0.0414122 0.027583 0 0 0 1 
0.85163 -0.523358 -0.0286721 0.0349122 0.0656314 0.160751 -0.98481 -0.121774 -0.520017 -0.836813 -0.171249 0.00575895 0 0 0 1 
0.85163 -0.523358 -0.0286721 0.0349122 0.0656313 0.160751 -0.98481 -0.121774 -0.520017 -0.836813 -0.171249 0.00575895 0 0 0 1 
0.844599 -0.535386 0.00367971 0.0276164 0.0775786 0.115578 -0.990264 -0.092085 -0.529748 -0.836662 -0.139152 0.0263459 0 0 0 1 
0.835247 -0.548303 0.0415464 0.0187075 0.0899458 0.0616967 -0.994034 -0.0588082 -0.542468 -0.834001 -0.10085 0.0504913 0 0 0 1 
0.835247 -0.548136 0.0436902 0.0190304 0.0899465 0.0578101 -0.994267 -0.0588079 -0.542468 -0.834389 -0.0975887 0.0509885 0 0 0 1 
0.907423 -0.415887 -0.0601767 0.0383037 0.0985473 0.34982 -0.931619 -0.118165 -0.408499 -0.839442 -0.358419 0.0707643 0 0 0 1 
0.954029 -0.276961 -0.114552 0.0475547 0.0683917 0.573289 -0.816494 -0.184433 -0.291808 -0.771124 -0.565876 0.0862303 0 0 0 1 
0.954029 -0.276961 -0.114552 0.0475547 0.0683917 0.573289 -0.816494 -0.184433 -0.291808 -0.771124 -0.565876 0.0862303 0 0 0 1 
0.937631 -0.346713 -0.0252616 0.0277923 0.0656177 0.247878 -0.966567 -0.064188 -0.341383 -0.904625 -0.255168 0.0776879 0 0 0 1 
0.932001 -0.352859 0.0828513 0.00744112 0.0472544 -0.108342 -0.99299 0.0375677 -0.359362 -0.929382 0.0843004 0.0681661 0 0 0 1 
0.932001 -0.352859 0.0828513 0.00744112 0.0472544 -0.108342 -0.99299 0.0375677 -0.359362 -0.929382 0.0843004 0.0681661 0 0 0 1 
0.929444 -0.359631 0.0824516 0.00656414 0.049646 -0.0995374 -0.993795 0.05445 -0.365607 -0.92777 0.0746603 0.0604871 0 0 0 1 
0.925918 -0.368973 0.0808401 0.00561112 0.0523719 -0.0865468 -0.99487 0.0727905 -0.374076 -0.925402 0.0608113 0.0511173 0 0 0 1 
0.915347 -0.397724 0.0628951 0.00669911 0.0543227 -0.0327969 -0.997985 0.0642654 -0.398985 -0.916919 0.00841524 0.0374089 0 0 0 1 
0.884218 -0.466868 -0.0138745 0.0134704 0.0579542 0.13914 -0.988575 -0.0194061 -0.463465 -0.873312 -0.150087 0.010991 0 0 0 1 
0.85163 -0.51089 -0.117119 0.0214092 0.0656327 0.325634 -0.943215 -0.116987 -0.520017 -0.795584 -0.310851 -0.0157508 0 0 0 1 
0.85163 -0.51089 -0.117119 0.0214092 0.0656327 0.325634 -0.943215 -0.116987 -0.520017 -0.795584 -0.310851 -0.0157508 0 0 0 1 
0.844599 -0.533522 -0.0447898 0.0202621 0.0775797 0.204728 -0.97574 -0.0907023 -0.529749 -0.820634 -0.214304 0.0148231 0 0 0 1 
0.835247 -0.548136 0.0436902 0.0190304 0.0899465 0.05781 -0.994267 -0.0588079 -0.542468 -0.834389 -0.0975887 0.0509885 0 0 0 1 
0.411709 -0.870452 -0.269831 -0.0555321 -0.537147 0.0074015 -0.843456 -0.0705292 -0.736185 -0.492197 0.464514 0.130176 0 0 0 1 
0.783436 -0.513497 -0.35007 -0.0134608 -0.110612 0.439085 -0.89161 -0.124446 -0.611549 -0.737242 -0.287196 0.0708559 0 0 0 1 
0.986916 -0.0747848 -0.142842 0.0475523 -0.0423667 0.734512 -0.677272 -0.170668 -0.155568 -0.674463 -0.721733 0.0679318 0 0 0 1 
0.986916 -0.0747848 -0.142842 0.0475523 -0.0423667 0.734512 -0.677272 -0.170668 -0.155568 -0.674463 -0.721733 0.0679317 0 0 0 1 
0.973829 -0.224577 0.0349575 0.0405782 0.11227 0.341583 -0.933122 -0.0597879 -0.197617 -0.912626 -0.357856 0.0680342 0 0 0 1 
0.928982 -0.27656 0.245981 0.0334928 0.214674 -0.138777 -0.966776 0.0454849 -0.301508 -0.950923 0.069551 0.0688202 0 0 0 1 
0.928982 -0.27656 0.245981 0.0334928 0.214674 -0.138777 -0.966776 0.0454849 -0.301508 -0.950923 0.069551 0.0688202 0 0 0 1 
0.903446 -0.355184 0.240063 0.0292934 0.192461 -0.164336 -0.967446 0.0612327 -0.383072 -0.920238 0.0801095 0.0606456 0 0 0 1 
0.8645 -0.447216 0.229429 0.0236295 0.158781 -0.190096 -0.968841 0.0778386 -0.476895 -0.873991 0.0933288 0.0515107 0 0 0 1 
0.807818 -0.567455 0.159454 0.0127887 0.0720559 -0.173423 -0.982208 0.0638479 -0.585012 -0.804935 0.0992054 0.0430171 0 0 0 1 
0.656367 -0.75229 -0.0569401 -0.00973286 -0.130718 -0.0390687 -0.990649 -0.0312424 -0.743031 -0.657672 0.123981 0.0409401 0 0 0 1 
0.415838 -0.880348 -0.228177 -0.0238992 -0.289071 0.109938 -0.950974 -0.136388 -0.862274 -0.461411 0.208767 0.0505284 0 0 0 1 
0.415838 -0.880348 -0.228177 -0.0238992 -0.289071 0.109938 -0.950974 -0.136388 -0.862274 -0.461411 0.208767 0.0505284 0 0 0 1 
0.413623 -0.876568 -0.246057 -0.0381559 -0.407275 0.063568 -0.91109 -0.106864 -0.814274 -0.477062 0.330711 0.087292 0 0 0 1 
0.411709 -0.870452 -0.269831 -0.0555321 -0.537147 0.00740129 -0.843456 -0.0705292 -0.736185 -0.492197 0.464514 0.130176 0 0 0 1 
-0.182952 -0.926363 0.32921 -0.0584684 -0.522567 -0.192008 -0.830696 -0.0704695 -0.832738 0.324013 0.448958 0.129749 0 0 0 1 
0.625181 -0.732939 -0.268233 -0.0281263 -0.204214 0.178089 -0.962591 -0.151175 -0.753289 -0.656571 0.0383387 0.0958685 0 0 0 1 
0.962363 0.0803111 -0.259631 0.0316688 -0.258079 0.569454 -0.78046 -0.216463 -0.0851686 -0.81809 -0.568748 0.0949972 0 0 0 1 
0.962363 0.0803111 -0.259631 0.0316688 -0.258079 0.569455 -0.78046 -0.216463 -0.0851687 -0.81809 -0.568748 0.0949972 0 0 0 1 
0.941625 -0.328502 -0.0736738 0.02006 0.169019 0.650535 -0.74043 -0.0211968 -0.29116 -0.684756 -0.668083 0.0186829 0 0 0 1 
0.716385 -0.695479 0.055683 -0.0279045 0.572819 0.540715 -0.61604 0.152407 -0.398334 -0.473218 -0.785744 -0.0481079 0 0 0 1 
0.716385 -0.695479 0.055683 -0.0279045 0.572819 0.540715 -0.61604 0.152407 -0.398334 -0.473218 -0.785744 -0.0481079 0 0 0 1 
0.71542 -0.69819 0.0265612 -0.0304523 0.537753 0.525956 -0.658933 0.161057 -0.44609 -0.485697 -0.751733 -0.0493928 0 0 0 1 
0.708727 -0.705393 -0.0112222 -0.0337804 0.490867 0.504487 -0.710312 0.16938 -0.50671 -0.497909 -0.703798 -0.0505155 0 0 0 1 
0.637196 -0.764713 -0.0958966 -0.047469 0.398956 0.433742 -0.8079 0.142041 -0.659405 -0.476532 -0.581466 -0.0506099 0 0 0 1 
0.308445 -0.925455 -0.219988 -0.0814734 0.0986233 0.261129 -0.960252 0.00927094 -0.946116 -0.274489 -0.171816 -0.0185725 0 0 0 1 
-0.105739 -0.982161 -0.155497 -0.086927 -0.293728 0.180245 -0.938741 -0.134145 -0.950023 0.0535871 0.307547 0.0608925 0 0 0 1 
-0.105738 -0.982161 -0.155497 -0.086927 -0.293728 0.180245 -0.938741 -0.134145 -0.950023 0.053587 0.307547 0.0608925 0 0 0 1 
-0.157042 -0.985304 0.067183 -0.0763512 -0.397161 0.000724524 -0.917749 -0.1075 -0.904213 0.170808 0.391437 0.0947532 0 0 0 1 
-0.182952 -0.926363 0.329211 -0.0584683 -0.522567 -0.192008 -0.830696 -0.0704695 -0.832737 0.324013 0.448959 0.129749 0 0 0 1 
-0.534103 0.620871 0.573806 -0.171631 -0.845003 -0.370747 -0.385378 -0.163728 0.0265324 0.690699 -0.722655 0.379008 0 0 0 1 
-0.21127 -0.562336 0.799465 -0.274278 -0.392023 -0.700508 -0.596328 -0.200338 -0.895368 0.439394 0.0724526 0.046953 0 0 0 1 
0.662119 -0.709565 0.241071 -0.0510202 -0.0431134 -0.35722 -0.933025 -0.147324 -0.748157 -0.60738 0.267114 -0.100611 0 0 0 1 
0.662119 -0.709565 0.241071 -0.0510202 -0.0431131 -0.35722 -0.933025 -0.147324 -0.748157 -0.60738 0.267114 -0.100611 0 0 0 1 
0.785556 -0.595876 0.166833 -0.0238761 0.349461 0.204713 -0.914313 0.0346275 -0.510665 -0.776546 -0.369049 -0.0450039 0 0 0 1 
0.818086 -0.567246 -0.0946932 0.00103226 0.456779 0.74095 -0.492285 0.117083 -0.34941 -0.359478 -0.865268 -0.0345341 0 0 0 1 
0.818086 -0.567246 -0.0946932 0.00103226 0.456779 0.74095 -0.492285 0.117083 -0.34941 -0.359478 -0.865268 -0.0345341 0 0 0 1 
0.771619 -0.633644 -0.0556641 -0.0144199 0.481106 0.638625 -0.600579 0.143713 -0.416102 -0.436638 -0.797626 -0.0409352 0 0 0 1 
0.700516 -0.713637 0.000628512 -0.0361309 0.497757 0.487974 -0.717022 0.171508 -0.511386 -0.502598 -0.697051 -0.051854 0 0 0 1 
0.47565 -0.870065 0.129395 -0.0940879 0.477488 0.131844 -0.86869 0.167055 -0.738757 -0.474978 -0.478157 -0.0738643 0 0 0 1 
-0.299238 -0.777981 0.55245 -0.26046 0.0671774 -0.59472 -0.801121 0.00575828 -0.95181 0.202614 -0.230226 -0.0234174 0 0 0 1 
-0.795591 0.137988 0.58991 -0.296459 -0.513117 -0.671157 -0.535031 -0.19274 -0.322095 0.728359 -0.604771 0.240334 0 0 0 1 
-0.795591 0.137988 0.58991 -0.296459 -0.513117 -0.671157 -0.535031 -0.19274 -0.322095 0.728359 -0.604771 0.240334 0 0 0 1 
-0.707601 0.377385 0.597396 -0.246696 -0.688029 -0.560591 -0.460818 -0.188965 -0.160989 0.737101 -0.656327 0.30869 0 0 0 1 
-0.534102 0.620871 0.573806 -0.171631 -0.845003 -0.370747 -0.385378 -0.163728 0.0265325 0.690699 -0.722655 0.379008 0 0 0 1 
-0.161012 0.518186 0.839975 -0.081158 -0.925546 -0.374793 0.0537975 -0.258543 -0.342694 0.768774 -0.539951 0.221847 0 0 0 1 
0.0517746 -0.680019 0.731364 -0.172309 -0.684868 -0.55718 -0.469581 -0.321431 -0.726825 0.476575 0.494572 0.043057 0 0 0 1 
0.518369 -0.849235 -0.100464 -0.0515695 -0.394386 -0.133168 -0.909245 -0.272681 -0.758784 -0.510946 0.403957 -0.12407 0 0 0 1 
0.518369 -0.849235 -0.100464 -0.0515696 -0.394385 -0.133168 -0.909245 -0.272681 -0.758784 -0.510946 0.403956 -0.12407 0 0 0 1 
0.715426 -0.689951 -0.110146 -0.00773246 0.122823 0.279384 -0.952291 -0.0388958 -0.687807 -0.667766 -0.28462 -0.119204 0 0 0 1 
0.757543 -0.585204 -0.289248 0.00886965 0.360655 0.744535 -0.561779 0.0936828 -0.544111 -0.321253 -0.775074 -0.116509 0 0 0 1 
0.757543 -0.585204 -0.289248 0.00886965 0.360655 0.744535 -0.561779 0.0936828 -0.544111 -0.321253 -0.775074 -0.116509 0 0 0 1 
0.691521 -0.679323 -0.245599 -0.0144605 0.405089 0.646199 -0.646784 0.123934 -0.598081 -0.347775 -0.722046 -0.115705 0 0 0 1 
0.583656 -0.788287 -0.194805 -0.0486078 0.43716 0.507219 -0.742712 0.154189 -0.684279 -0.348327 -0.640649 -0.119866 0 0 0 1 
0.265047 -0.956067 -0.125248 -0.130827 0.345487 0.215432 -0.913361 0.12804 -0.900216 -0.198812 -0.387408 -0.14181 0 0 0 1 
-0.497669 -0.789342 0.359534 -0.30148 -0.401864 -0.157502 -0.902052 -0.140204 -0.768655 0.593408 0.238824 -0.0257106 0 0 0 1 
-0.315985 0.0079971 0.94873 -0.182654 -0.938164 0.146427 -0.3137 -0.368051 0.141428 0.989189 0.0387661 0.309358 0 0 0 1 
-0.315985 0.00799715 0.948731 -0.182654 -0.938164 0.146426 -0.3137 -0.368051 0.141428 0.98919 0.0387661 0.309358 0 0 0 1 
-0.171241 0.207429 0.963146 -0.114302 -0.980203 -0.134484 -0.14531 -0.335509 -0.0993859 0.968962 -0.226352 0.267802 0 0 0 1 
-0.161012 0.518186 0.839975 -0.081158 -0.925546 -0.374793 0.0537975 -0.258543 -0.342694 0.768774 -0.539951 0.221847 0 0 0 1 
-0.36633 0.513762 0.77579 -0.145186 -0.855308 -0.514235 -0.0633297 -0.20737 -0.366402 0.686739 -0.627805 0.231382 0 0 0 1 
-0.0396806 -0.62981 0.775735 -0.21651 -0.466963 -0.674665 -0.57164 -0.21691 -0.883386 0.384923 0.267328 0.0331436 0 0 0 1 
0.619212 -0.770344 0.152139 -0.0688579 -0.0624256 -0.241433 -0.968408 -0.134124 -0.782739 -0.590152 0.197587 -0.0878421 0 0 0 1 
0.619212 -0.770344 0.152139 -0.068858 -0.0624253 -0.241433 -0.968408 -0.134124 -0.782738 -0.590152 0.197587 -0.0878421 0 0 0 1 
0.766619 -0.633124 0.107004 -0.036322 0.300726 0.206782 -0.931024 0.0231862 -0.567326 -0.74592 -0.348919 -0.059836 0 0 0 1 
0.789652 -0.593614 -0.155147 -0.00924988 0.400433 0.690201 -0.602724 0.117304 -0.464868 -0.413816 -0.782722 -0.0858964 0 0 0 1 
0.789652 -0.593614 -0.155147 -0.00924984 0.400433 0.690201 -0.602724 0.117304 -0.464868 -0.413816 -0.782722 -0.0858964 0 0 0 1 
0.724907 -0.686437 -0.0575647 -0.0442435 0.494586 0.576824 -0.650123 0.157839 -0.479473 -0.442808 -0.757646 -0.0637824 0 0 0 1 
0.608526 -0.792246 0.0451994 -0.0933246 0.595576 0.418338 -0.685772 0.200532 -0.524391 -0.444229 -0.726412 -0.0408642 0 0 0 1 
0.272137 -0.954084 0.125163 -0.184596 0.659006 0.0900092 -0.746733 0.208341 -0.70118 -0.285697 -0.653242 -0.00708105 0 0 0 1 
-0.655946 -0.75044 0.0810841 -0.298534 0.287056 -0.347367 -0.892712 0.118053 -0.698092 0.562296 -0.443272 0.154704 0 0 0 1 
-0.981714 0.142661 0.126033 -0.249337 -0.13379 -0.0461211 -0.989936 0.0889834 0.135413 0.988696 -0.0643645 0.330325 0 0 0 1 
-0.981715 0.142661 0.126033 -0.249338 -0.13379 -0.0461213 -0.989936 0.0889834 0.135413 0.988697 -0.0643647 0.330325 0 0 0 1 
-0.739202 0.293541 0.606147 -0.24945 -0.672589 -0.275365 -0.686876 -0.0978847 0.0347142 0.915428 -0.400983 0.357641 0 0 0 1 
-0.36633 0.513762 0.77579 -0.145186 -0.855308 -0.514235 -0.0633297 -0.20737 -0.366402 0.686739 -0.627805 0.231382 0 0 0 1 
-0.36633 0.513762 0.77579 -0.145186 -0.855308 -0.514235 -0.0633297 -0.20737 -0.366402 0.686739 -0.627804 0.231382 0 0 0 1 
-0.118773 -0.61998 0.775576 -0.246832 -0.419368 -0.676693 -0.605158 -0.189465 -0.900013 0.397128 0.179628 0.0507565 0 0 0 1 
0.567267 -0.777652 0.271045 -0.121337 0.0988752 -0.26243 -0.959872 -0.0745317 -0.817577 -0.571303 0.0719776 -0.0668478 0 0 0 1 
0.567267 -0.777652 0.271045 -0.121337 0.0988756 -0.26243 -0.959872 -0.0745316 -0.817577 -0.571303 0.0719775 -0.0668477 0 0 0 1 
0.782087 -0.623155 0.00421704 -0.00225842 0.183867 0.224286 -0.957021 -0.0145659 -0.595426 -0.749249 -0.289988 -0.0867492 0 0 0 1 
0.681344 -0.541115 -0.492914 0.0415885 0.0990924 0.735404 -0.670344 0.0201132 -0.725224 -0.407891 -0.554684 -0.248252 0 0 0 1 
0.681344 -0.541115 -0.492914 0.0415885 0.0990923 0.735404 -0.670344 0.0201131 -0.725225 -0.407891 -0.554684 -0.248252 0 0 0 1 
0.692192 -0.653652 -0.305955 0.0111619 0.254158 0.617546 -0.744339 0.0913115 -0.67548 -0.437465 -0.593591 -0.183925 0 0 0 1 
0.621487 -0.778863 -0.0844176 -0.0528823 0.453926 0.445824 -0.771487 0.169602 -0.638518 -0.441149 -0.63062 -0.110892 0 0 0 1 
0.249622 -0.955203 0.158988 -0.202496 0.723739 0.074954 -0.685992 0.216574 -0.643344 -0.286305 -0.710027 0.0306618 0 0 0 1 
-0.61299 -0.705183 -0.356315 -0.162359 0.778605 -0.462547 -0.424056 0.178539 -0.134225 0.537371 -0.832596 0.477718 0 0 0 1 
-0.172233 0.16905 -0.970442 0.361469 0.939163 -0.269017 -0.213544 0.288484 0.297165 0.948183 0.112432 0.344051 0 0 0 1 
-0.172233 0.16905 -0.970442 0.361469 0.939164 -0.269018 -0.213544 0.288484 0.297166 0.948184 0.112432 0.344051 0 0 0 1 
-0.907578 0.399483 -0.129293 -0.112861 -0.00969657 -0.327782 -0.944704 0.227168 0.419773 0.856138 -0.301361 0.478218 0 0 0 1 
-0.36633 0.513762 0.77579 -0.145186 -0.855308 -0.514235 -0.0633297 -0.20737 -0.366402 0.686739 -0.627804 0.231382 0 0 0 1 
0.659017 -0.751344 0.0343209 0.0234162 0.0951085 0.0379821 -0.994742 -0.0595815 -0.74609 -0.658816 -0.0964902 0.0647103 0 0 0 1 
0.765588 -0.631577 -0.122417 0.0324364 0.201656 0.41629 -0.886588 -0.118376 -0.610909 -0.654075 -0.446067 0.069915 0 0 0 1 
0.851297 -0.488522 -0.191416 0.0369838 0.243459 0.690955 -0.680669 -0.175171 -0.464781 -0.532849 -0.707142 0.0742904 0 0 0 1 
0.851297 -0.488522 -0.191416 0.0369838 0.243459 0.690955 -0.680669 -0.175171 -0.464781 -0.532849 -0.707142 0.0742904 0 0 0 1 
0.724947 -0.680022 -0.109646 0.0207602 0.102598 0.264011 -0.959047 -0.0641939 -0.681121 -0.684009 -0.261163 0.0983304 0 0 0 1 
0.648212 -0.760962 0.027517 0.00647223 -0.191421 -0.197822 -0.961366 0.0598063 -0.737006 -0.617902 0.273895 0.121131 0 0 0 1 
0.648212 -0.760962 0.027517 0.00647223 -0.191421 -0.197822 -0.961366 0.0598063 -0.737006 -0.617902 0.273895 0.121131 0 0 0 1 
0.746135 -0.665644 0.0141182 7.34013e-05 -0.163708 -0.203975 -0.965191 0.0750785 -0.645354 -0.717852 0.261164 0.106176 0 0 0 1 
0.844408 -0.535698 0.0014546 -0.00555496 -0.127198 -0.203135 -0.970854 0.0912286 -0.52038 -0.819612 0.239668 0.0869721 0 0 0 1 
0.924199 -0.381319 -0.0212869 -0.00667126 -0.0848833 -0.150748 -0.984921 0.0789409 -0.37236 -0.91207 0.171688 0.060537 0 0 0 1 
0.9823 -0.165473 -0.0877833 0.00242951 -0.0843664 0.0275801 -0.996053 -0.00894397 -0.167241 -0.985828 -0.0131316 0.0150333 0 0 0 1 
0.983973 0.0652691 -0.165945 0.0174495 -0.175204 0.180673 -0.967812 -0.10634 0.0331864 -0.981375 -0.189213 -0.0282147 0 0 0 1 
0.983973 0.065269 -0.165945 0.0174495 -0.175204 0.180673 -0.967812 -0.10634 0.0331864 -0.981375 -0.189213 -0.0282147 0 0 0 1 
0.935071 -0.34755 -0.0696543 0.0151282 -0.0253482 0.130439 -0.991132 -0.0865932 -0.353554 -0.928544 -0.11316 0.0194789 0 0 0 1 
0.659017 -0.751344 0.0343209 0.0234162 0.0951085 0.0379821 -0.994742 -0.0595815 -0.74609 -0.658816 -0.0964901 0.0647103 0 0 0 1 
0.980949 -0.103697 -0.164277 -0.0344117 -0.139667 0.211321 -0.967387 -0.0212092 -0.135031 -0.9719 -0.192812 -0.0359756 0 0 0 1 
0.887977 -0.316334 -0.33381 -0.00616319 -0.0522205 0.6518 -0.756591 -0.0628176 -0.456913 -0.689267 -0.562264 0.0332477 0 0 0 1 
0.756081 -0.389936 -0.525634 0.00767347 0.136381 0.879375 -0.456181 -0.127835 -0.64011 -0.273223 -0.718059 0.101174 0 0 0 1 
0.756081 -0.389936 -0.525634 0.00767347 0.136381 0.879375 -0.456181 -0.127835 -0.64011 -0.273223 -0.718059 0.101174 0 0 0 1 
0.820984 -0.27313 -0.501382 -0.0363361 -0.0662429 0.826657 -0.558794 0.0213152 -0.567095 -0.491974 -0.660579 0.0339263 0 0 0 1 
0.858289 -0.142822 -0.49289 -0.079101 -0.252565 0.718537 -0.648009 0.125752 -0.44671 -0.680666 -0.58064 -0.0314452 0 0 0 1 
0.858289 -0.142822 -0.49289 -0.079101 -0.252565 0.718537 -0.648009 0.125752 -0.44671 -0.680666 -0.58064 -0.0314452 0 0 0 1 
0.858107 -0.125559 -0.497882 -0.0725756 -0.278792 0.700336 -0.657118 0.147385 -0.431192 -0.702683 -0.565959 -0.0311276 0 0 0 1 
0.857643 -0.105141 -0.503383 -0.0659254 -0.309113 0.67689 -0.668034 0.171417 -0.410973 -0.728536 -0.548029 -0.0296589 0 0 0 1 
0.863702 -0.0838281 -0.496984 -0.0556702 -0.334966 0.641309 -0.690305 0.165656 -0.376587 -0.76269 -0.52582 -0.0278699 0 0 0 1 
0.887989 -0.0563285 -0.456401 -0.0313334 -0.346388 0.570864 -0.744399 0.069249 -0.302474 -0.81911 -0.487409 -0.0260608 0 0 0 1 
0.91173 -0.0266728 -0.409923 -0.00653285 -0.344035 0.495709 -0.797441 -0.0555079 -0.224472 -0.868079 -0.442776 -0.0247592 0 0 0 1 
0.91173 -0.0266727 -0.409923 -0.00653285 -0.344035 0.495709 -0.797441 -0.0555079 -0.224472 -0.868079 -0.442776 -0.0247592 0 0 0 1 
0.95047 -0.0716903 -0.302435 -0.012568 -0.255915 0.371706 -0.89238 -0.0381805 -0.176392 -0.925578 -0.334949 -0.033501 0 0 0 1 
0.980949 -0.103697 -0.164277 -0.0344117 -0.139667 0.211321 -0.967387 -0.0212092 -0.135031 -0.9719 -0.192812 -0.0359756 0 0 0 1 
0.936817 0.22566 -0.267303 -0.0237134 -0.144962 -0.444999 -0.88372 -0.0152929 0.31837 -0.866633 0.38417 -0.169118 0 0 0 1 
0.954786 0.035349 -0.295183 -0.0280201 -0.280537 -0.221491 -0.933938 0.00968947 0.0983943 -0.974522 0.201559 -0.127063 0 0 0 1 
0.935599 -0.133611 -0.326808 -0.0464715 -0.331567 -0.0144319 -0.943321 0.0148068 -0.121321 -0.990929 0.0578035 -0.0455901 0 0 0 1 
0.935599 -0.133611 -0.326808 -0.0464715 -0.331567 -0.0144319 -0.943321 0.0148068 -0.121321 -0.990929 0.0578035 -0.0455901 0 0 0 1 
0.883628 -0.178902 -0.432661 -0.0552622 -0.339983 0.390159 -0.855679 0.104183 -0.321889 -0.9032 -0.283932 -0.0349623 0 0 0 1 
0.857249 -0.145743 -0.493843 -0.078778 -0.241456 0.733326 -0.635556 0.122408 -0.454776 -0.664071 -0.593453 -0.0291995 0 0 0 1 
0.857249 -0.145743 -0.493843 -0.078778 -0.241456 0.733326 -0.635556 0.122408 -0.454776 -0.664071 -0.593453 -0.0291995 0 0 0 1 
0.858359 -0.124626 -0.497682 -0.0726554 -0.282318 0.695239 -0.661014 0.148449 -0.428387 -0.707892 -0.561581 -0.0319123 0 0 0 1 
0.858621 -0.0991034 -0.50294 -0.0662514 -0.331642 0.640739 -0.692436 0.178238 -0.390876 -0.761336 -0.517285 -0.0353109 0 0 0 1 
0.863979 -0.0584406 -0.500125 -0.0559203 -0.413856 0.483349 -0.771426 0.189752 -0.286818 -0.873475 -0.393417 -0.0533547 0 0 0 1 
0.863863 0.0443508 -0.501771 -0.0249561 -0.501374 -0.0204724 -0.864988 0.118458 0.0486353 -0.998806 -0.00455096 -0.127426 0 0 0 1 
0.814249 0.148323 -0.561247 0.020777 -0.403848 -0.549787 -0.731191 -0.0310757 0.417019 -0.82203 0.387764 -0.21245 0 0 0 1 
0.814249 0.148323 -0.561247 0.020777 -0.403848 -0.549788 -0.731191 -0.0310758 0.41702 -0.82203 0.387764 -0.21245 0 0 0 1 
0.877746 0.200971 -0.434939 0.00685981 -0.289326 -0.501251 -0.815498 -0.0226089 0.381905 -0.84164 0.381826 -0.197143 0 0 0 1 
0.936817 0.22566 -0.267303 -0.0237134 -0.144962 -0.444999 -0.88372 -0.0152929 0.31837 -0.866633 0.38417 -0.169118 0 0 0 1 
0.970591 0.176656 0.163543 -0.101182 0.203486 -0.239022 -0.949453 -0.126027 0.128636 -0.954809 0.267939 -0.0856178 0 0 0 1 
0.991341 0.0546967 0.119375 -0.103324 0.124938 -0.113155 -0.985691 -0.124218 0.0404063 -0.992071 0.119009 -0.0943446 0 0 0 1 
0.993884 -0.0624826 0.0910591 -0.129411 0.0909 -0.0053909 -0.995846 -0.12596 -0.0627138 -0.998032 -0.000321634 -0.0575222 0 0 0 1 
0.993884 -0.0624826 0.0910591 -0.129411 0.0909 -0.0053909 -0.995846 -0.12596 -0.0627138 -0.998032 -0.000321634 -0.0575222 0 0 0 1 
0.975115 -0.0802131 -0.20668 -0.120634 -0.165823 0.354888 -0.920085 0.0522209 -0.147151 -0.931462 -0.332755 -0.0894119 0 0 0 1 
0.895179 -0.0341572 -0.444396 -0.0984908 -0.309326 0.670233 -0.674614 0.151582 -0.320892 -0.741364 -0.589413 -0.0777361 0 0 0 1 
0.895179 -0.0341572 -0.444396 -0.0984908 -0.309326 0.670233 -0.674614 0.151582 -0.320892 -0.741364 -0.589413 -0.0777361 0 0 0 1 
0.898052 -0.0138557 -0.43967 -0.0942913 -0.334339 0.628038 -0.702699 0.172396 -0.285866 -0.778059 -0.559378 -0.0831416 0 0 0 1 
0.901418 0.01039 -0.432826 -0.0908216 -0.361157 0.569383 -0.738491 0.194878 -0.238771 -0.822007 -0.517005 -0.0895307 0 0 0 1 
0.920836 0.0481059 -0.386972 -0.0919732 -0.371234 0.4119 -0.83218 0.183204 -0.119361 -0.909959 -0.39715 -0.112133 0 0 0 1 
0.957579 0.136641 -0.253713 -0.0945122 -0.247189 -0.0630543 -0.966913 0.0439064 0.148118 -0.988612 0.0266033 -0.167068 0 0 0 1 
0.96059 0.218449 -0.171892 -0.0888788 -0.0240195 -0.55084 -0.834265 -0.14929 0.276929 -0.805516 0.523884 -0.183508 0 0 0 1 
0.96059 0.218449 -0.171892 -0.0888789 -0.0240197 -0.55084 -0.834265 -0.14929 0.276929 -0.805516 0.523884 -0.183508 0 0 0 1 
0.97158 0.235774 -0.021045 -0.0883629 0.0783322 -0.404138 -0.911338 -0.136649 0.223375 -0.883789 0.411121 -0.146155 0 0 0 1 
0.970591 0.176656 0.163543 -0.101182 0.203486 -0.239022 -0.949453 -0.126027 0.128636 -0.954809 0.267939 -0.0856178 0 0 0 1 
0.975625 0.205191 -0.0777922 -0.0482129 -0.0210852 -0.265203 -0.963962 -0.0375277 0.218427 -0.942106 0.254412 -0.116607 0 0 0 1 
0.989053 0.0823767 -0.122422 -0.0474726 -0.109886 -0.142519 -0.983674 -0.0355863 0.0984794 -0.986358 0.131907 -0.11931 0 0 0 1 
0.988431 -0.0355767 -0.147439 -0.0731091 -0.148704 -0.0359955 -0.988227 -0.0367891 -0.0298505 -0.998719 0.0408696 -0.079357 0 0 0 1 
0.988431 -0.0355767 -0.147439 -0.0731091 -0.148704 -0.0359955 -0.988227 -0.0367891 -0.0298505 -0.998719 0.0408696 -0.079357 0 0 0 1 
0.984001 -0.0848994 -0.15663 -0.135386 -0.116047 0.361639 -0.925068 0.0344692 -0.135181 -0.928445 -0.346001 -0.0909412 0 0 0 1 
0.991143 -0.0599434 -0.118499 -0.209007 -0.0416364 0.707062 -0.705924 0.0571425 -0.126102 -0.704606 -0.698304 -0.126876 0 0 0 1 
0.991143 -0.0599434 -0.118499 -0.209007 -0.0416364 0.707062 -0.705924 0.0571425 -0.126102 -0.704606 -0.698304 -0.126876 0 0 0 1 
0.990993 -0.038336 -0.128307 -0.200355 -0.0704711 0.665445 -0.743113 0.0814764 -0.11387 -0.745461 -0.65675 -0.126253 0 0 0 1 
0.989765 -0.0122642 -0.14218 -0.190431 -0.105651 0.606784 -0.787815 0.109157 -0.0959345 -0.794772 -0.599278 -0.125013 0 0 0 1 
0.985656 0.0305877 -0.165971 -0.16682 -0.162191 0.443532 -0.881462 0.115101 -0.0466516 -0.895737 -0.442131 -0.12949 0 0 0 1 
0.958733 0.136298 -0.249508 -0.0959058 -0.243048 -0.0624145 -0.968004 0.0425834 0.14751 -0.9887 0.0267119 -0.166862 0 0 0 1 
0.884747 0.235664 -0.402101 -0.00775614 -0.204789 -0.578429 -0.789608 -0.0908629 0.418669 -0.780949 0.463502 -0.223552 0 0 0 1 
0.884747 0.235664 -0.402101 -0.00775624 -0.204789 -0.57843 -0.789608 -0.0908629 0.418669 -0.780949 0.463502 -0.223552 0 0 0 1 
0.930792 0.258206 -0.258757 -0.0188337 -0.128355 -0.43193 -0.892727 -0.0624659 0.342272 -0.864156 0.368895 -0.181662 0 0 0 1 
0.975625 0.205191 -0.0777922 -0.0482129 -0.0210851 -0.265203 -0.963962 -0.0375277 0.218427 -0.942106 0.254412 -0.116607 0 0 0 1 
0.896501 0.230161 -0.378567 0.0644 -0.302188 -0.307195 -0.902393 0.0533203 0.323989 -0.923395 0.205848 -0.143762 0 0 0 1 
0.900767 0.105976 -0.421175 0.0680972 -0.397746 -0.188137 -0.897999 0.0512548 0.174405 -0.976409 0.127316 -0.147142 0 0 0 1 
0.897422 -0.0129175 -0.440985 0.0420788 -0.440459 -0.0830952 -0.893919 0.0491817 0.0250967 -0.996458 0.0802611 -0.111186 0 0 0 1 
0.897422 -0.0129175 -0.440985 0.0420788 -0.440459 -0.0830952 -0.893919 0.0491817 0.0250967 -0.996458 0.0802611 -0.111187 0 0 0 1 
0.967745 -0.0772996 -0.239779 -0.106407 -0.198813 0.350244 -0.915315 0.0635095 -0.154735 -0.933464 -0.323579 -0.0895852 0 0 0 1 
0.997036 -0.074931 0.0174169 -0.248454 0.0661114 0.718823 -0.692042 0.0120643 -0.0393357 -0.691143 -0.721646 -0.153731 0 0 0 1 
0.997036 -0.074931 0.0174169 -0.248454 0.0661114 0.718823 -0.692042 0.0120643 -0.0393357 -0.691143 -0.721646 -0.153731 0 0 0 1 
0.998652 -0.0517179 -0.0043821 -0.237198 0.0318456 0.677212 -0.735099 0.0400847 -0.0409854 -0.733969 -0.677946 -0.148377 0 0 0 1 
0.999104 -0.0234749 -0.0352269 -0.223274 -0.0131928 0.618047 -0.786031 0.0732467 -0.0402239 -0.785791 -0.617184 -0.141457 0 0 0 1 
0.992887 0.0257342 -0.116248 -0.183196 -0.11535 0.449825 -0.885637 0.098298 -0.0295001 -0.892746 -0.449594 -0.134019 0 0 0 1 
0.919049 0.14491 -0.366538 -0.0486803 -0.358173 -0.0810763 -0.930128 0.0763257 0.164502 -0.986117 0.0226105 -0.17225 0 0 0 1 
0.710166 0.243885 -0.660443 0.129817 -0.411149 -0.617832 -0.670253 -0.0444617 0.571508 -0.747532 0.33849 -0.247901 0 0 0 1 
0.710166 0.243885 -0.660443 0.129817 -0.411149 -0.617833 -0.670253 -0.0444617 0.571508 -0.747531 0.33849 -0.247901 0 0 0 1 
0.796638 0.273952 -0.538812 0.109192 -0.375773 -0.473757 -0.79646 0.00598288 0.473458 -0.836962 0.274468 -0.206084 0 0 0 1 
0.896501 0.230161 -0.378567 0.0644 -0.302188 -0.307195 -0.902393 0.0533202 0.323989 -0.923395 0.205848 -0.143762 0 0 0 1 
0.968937 -0.242347 0.0492863 0.0179418 0.105976 0.226814 -0.968155 -0.0530657 -0.22345 -0.943304 -0.245452 0.0111768 0 0 0 1 
0.968065 -0.247533 -0.0397117 0.0425077 0.107351 0.552447 -0.826607 -0.0908973 -0.226551 -0.795946 -0.561377 0.0143156 0 0 0 1 
0.967352 -0.227124 -0.112453 0.0477022 0.109335 0.774289 -0.623316 -0.13275 -0.228641 -0.590671 -0.773842 0.0271428 0 0 0 1 
0.967352 -0.227124 -0.112453 0.0477022 0.109335 0.774289 -0.623316 -0.13275 -0.228641 -0.590671 -0.773842 0.0271428 0 0 0 1 
0.937953 -0.346193 0.0198586 0.0402686 0.114113 0.254076 -0.960429 -0.062525 -0.327448 -0.903103 -0.277817 0.0714154 0 0 0 1 
0.910686 -0.362873 0.197414 0.0392098 0.0572197 -0.362475 -0.930235 0.0571668 -0.409115 -0.858449 0.309338 0.129769 0 0 0 1 
0.910686 -0.362873 0.197414 0.0392098 0.0572197 -0.362475 -0.930235 0.0571668 -0.409115 -0.858449 0.309338 0.129769 0 0 0 1 
0.911962 -0.364974 0.187401 0.035634 0.0617658 -0.329429 -0.942158 0.0707615 -0.405598 -0.870787 0.277884 0.116183 0 0 0 1 
0.91384 -0.36697 0.173864 0.0313199 0.0677145 -0.284452 -0.956296 0.0852085 -0.400388 -0.885675 0.235094 0.0989652 0 0 0 1 
0.920972 -0.365369 0.135337 0.0264549 0.0837142 -0.153681 -0.984568 0.0690525 -0.380529 -0.918089 0.110949 0.0657886 0 0 0 1 
0.943832 -0.328847 0.0322659 0.025043 0.112087 0.226776 -0.967475 -0.0143188 -0.310834 -0.916751 -0.250898 -0.0164497 0 0 0 1 
0.967352 -0.247582 -0.0541671 0.0365524 0.109334 0.600495 -0.792118 -0.0775934 -0.228641 -0.760335 -0.607959 -0.098125 0 0 0 1 
0.967352 -0.247582 -0.0541671 0.0365524 0.109334 0.600495 -0.792118 -0.0775934 -0.228641 -0.760335 -0.607959 -0.098125 0 0 0 1 
0.968072 -0.250587 -0.00650867 0.0284115 0.107516 0.438532 -0.892261 -0.0696567 -0.226443 -0.863073 -0.451473 -0.0502829 0 0 0 1 
0.968937 -0.242347 0.0492863 0.0179418 0.105976 0.226814 -0.968155 -0.0530657 -0.22345 -0.943304 -0.245452 0.0111768 0 0 0 1 
0.947493 -0.200214 -0.249341 0.0556058 -0.316443 -0.474769 -0.821254 -0.127757 -0.046047 -0.857035 0.513197 0.0190782 0 0 0 1 
0.911485 -0.340854 -0.230246 0.0437566 -0.410519 -0.718622 -0.561299 -0.234609 -0.0258613 -0.606136 0.79494 -0.0588873 0 0 0 1 
0.857472 -0.480907 -0.182947 0.0266455 -0.511805 -0.833741 -0.207199 -0.350109 0.0528869 -0.2713 0.961041 -0.107244 0 0 0 1 
0.857472 -0.480907 -0.182946 0.0266455 -0.511805 -0.833741 -0.207199 -0.350109 0.0528866 -0.2713 0.961041 -0.107244 0 0 0 1 
0.932442 -0.346928 0.100965 -0.011745 -0.302971 -0.902975 -0.304703 -0.206527 -0.196879 -0.253528 0.947081 -0.107018 0 0 0 1 
0.899819 -0.20119 0.387101 -0.0618171 -0.0669709 -0.940497 -0.333135 -0.0723007 -0.431091 -0.273837 0.859752 -0.09232 0 0 0 1 
0.899819 -0.20119 0.387101 -0.0618171 -0.0669709 -0.940497 -0.333135 -0.0723007 -0.431091 -0.273837 0.859752 -0.09232 0 0 0 1 
0.902232 -0.201324 0.381373 -0.0604858 -0.0728915 -0.942811 -0.325259 -0.0566964 -0.425045 -0.265661 0.86531 -0.0965494 0 0 0 1 
0.90616 -0.203099 0.370978 -0.0581425 -0.0819269 -0.94483 -0.31715 -0.0399482 -0.414924 -0.256995 0.872806 -0.10166 0 0 0 1 
0.925204 -0.229201 0.30243 -0.0437084 -0.124505 -0.936216 -0.328632 -0.0519068 -0.358462 -0.266398 0.894727 -0.10825 0 0 0 1 
0.948656 -0.311074 0.0573128 0.00288021 -0.268788 -0.888306 -0.372379 -0.149678 -0.166749 -0.337855 0.926309 -0.11335 0 0 0 1 
0.902061 -0.372106 -0.218684 0.0473822 -0.429884 -0.819832 -0.378253 -0.271548 0.0385341 -0.435216 0.899501 -0.107875 0 0 0 1 
0.902061 -0.372106 -0.218683 0.0473821 -0.429884 -0.819832 -0.378253 -0.271548 0.0385339 -0.435216 0.899501 -0.107875 0 0 0 1 
0.924363 -0.293756 -0.243435 0.0531381 -0.381364 -0.693533 -0.611206 -0.200571 -0.0107156 -0.657814 0.753104 -0.0557206 0 0 0 1 
0.947493 -0.200214 -0.249341 0.0556058 -0.316443 -0.474769 -0.821254 -0.127757 -0.0460466 -0.857035 0.513197 0.0190782 0 0 0 1 
0.947493 0.197476 -0.251515 0.06238 -0.316443 0.692276 -0.64855 -0.16522 -0.0460449 -0.694087 -0.718417 0.415934 0 0 0 1 
0.911485 0.31425 -0.265407 0.0650275 -0.410519 0.735545 -0.538932 -0.219547 -0.0258588 -0.600183 -0.799444 0.451729 0 0 0 1 
0.857473 0.386952 -0.33913 0.0899197 -0.511804 0.573695 -0.639477 -0.190183 0.0528894 -0.721902 -0.689971 0.414527 0 0 0 1 
0.857473 0.386951 -0.339131 0.0899198 -0.511804 0.573695 -0.639477 -0.190183 0.0528891 -0.721903 -0.689971 0.414527 0 0 0 1 
0.932442 0.0190188 -0.360818 0.141712 -0.30297 0.585283 -0.752099 -0.0405242 -0.196877 -0.810605 -0.551505 0.364318 0 0 0 1 
0.89982 -0.343734 -0.268644 0.145975 -0.0669699 0.499655 -0.863632 0.119576 -0.431089 -0.795105 -0.42658 0.3116 0 0 0 1 
0.89982 -0.343734 -0.268644 0.145975 -0.0669699 0.499655 -0.863632 0.119576 -0.431089 -0.795105 -0.42658 0.311599 0 0 0 1 
0.902233 -0.345697 -0.257814 0.141977 -0.0728906 0.466986 -0.881255 0.142881 -0.425043 -0.81389 -0.396132 0.298988 0 0 0 1 
0.906161 -0.343768 -0.246365 0.137382 -0.0819259 0.428808 -0.899674 0.167571 -0.414922 -0.835433 -0.360405 0.284377 0 0 0 1 
0.925205 -0.280339 -0.255744 0.134239 -0.124504 0.412384 -0.902462 0.152446 -0.358461 -0.866804 -0.346637 0.280062 0 0 0 1 
0.948656 -0.0346587 -0.314403 0.126129 -0.268787 0.435661 -0.859042 0.0263873 -0.166747 -0.899443 -0.403977 0.304027 0 0 0 1 
0.902062 0.240988 -0.358063 0.101382 -0.429883 0.427584 -0.795218 -0.11897 0.0385363 -0.871261 -0.489304 0.330159 0 0 0 1 
0.902062 0.240988 -0.358063 0.101382 -0.429883 0.427584 -0.795218 -0.11897 0.0385361 -0.871261 -0.489304 0.330159 0 0 0 1 
0.924363 0.243801 -0.293452 0.0773695 -0.381364 0.612067 -0.692774 -0.154499 -0.0107134 -0.752287 -0.658749 0.394914 0 0 0 1 
0.947493 0.197476 -0.251515 0.0623798 -0.316443 0.692276 -0.64855 -0.16522 -0.0460446 -0.694087 -0.718418 0.415934 0 0 0 1 
0.991573 -0.127134 -0.0249035 -0.0275782 -0.0242503 0.00668321 -0.999684 0.0043126 -0.12726 -0.991863 -0.00354376 0.113732 0 0 0 1 
0.991574 -0.127128 -0.0249079 -0.0275749 -0.0242532 0.00669731 -0.999683 0.00431475 -0.127255 -0.991863 -0.00355757 0.113739 0 0 0 1 
0.991574 -0.127123 -0.0249119 -0.0275719 -0.0242554 0.00670927 -0.999683 0.00431663 -0.12725 -0.991864 -0.0035692 0.113746 0 0 0 1 
0.991574 -0.127123 -0.0249118 -0.027572 -0.0242555 0.00670917 -0.999683 0.00431657 -0.12725 -0.991864 -0.00356886 0.113745 0 0 0 1 
0.991596 -0.0502191 -0.119228 0.0488723 -0.0242532 0.833088 -0.552608 -0.0910961 -0.127079 -0.550856 -0.824869 0.484886 0 0 0 1 
0.991605 0.0709648 -0.108089 0.0927587 -0.0243946 0.923598 0.382585 -0.381828 -0.126981 0.376736 -0.917576 0.551466 0 0 0 1 
0.991605 0.0709648 -0.108089 0.0927588 -0.0243946 0.923598 0.382585 -0.381828 -0.126981 0.376736 -0.917576 0.551466 0 0 0 1 
0.991605 0.0649166 -0.111825 0.0944256 -0.0243847 0.943204 0.331317 -0.343831 -0.126982 0.325809 -0.936869 0.558313 0 0 0 1 
0.991605 0.0562035 -0.116449 0.0959099 -0.0243707 0.965688 0.258559 -0.295623 -0.126985 0.25355 -0.958951 0.565905 0 0 0 1 
0.991604 0.0253542 -0.126802 0.0905561 -0.0243281 0.999658 0.00963442 -0.205497 -0.127002 0.00646853 -0.991881 0.573329 0 0 0 1 
0.991593 -0.0684053 -0.109837 0.0469275 -0.0242419 0.735603 -0.676979 -0.0203206 -0.127105 -0.67395 -0.72776 0.441787 0 0 0 1 
0.991574 -0.127123 -0.0249117 -0.027572 -0.0242552 0.00670929 -0.999683 0.00431666 -0.12725 -0.991864 -0.00356935 0.113745 0 0 0 1 
0.991574 -0.127123 -0.0249118 -0.0275719 -0.0242552 0.00670909 -0.999683 0.00431672 -0.12725 -0.991864 -0.00356912 0.113745 0 0 0 1 
0.991573 -0.127128 -0.024908 -0.0275748 -0.0242532 0.00669739 -0.999683 0.00431487 -0.127255 -0.991863 -0.00355751 0.113739 0 0 0 1 
