a
29
15
25
0
0
0.880348 -0.178877 0.439307 -0.0742575 -0.185805 -0.982199 -0.027588 -0.326549 -0.436421 0.0573383 0.897914 -0.0807146 0 0 0 1 
0.852881 -0.24922 0.458785 -0.0768673 -0.174495 -0.964254 -0.199414 -0.32068 -0.492083 -0.0900211 0.865881 -0.0737436 0 0 0 1 
0.824903 -0.321774 0.464754 -0.0771478 -0.152647 -0.918431 -0.364942 -0.316171 -0.544274 -0.230098 0.806735 -0.0622167 0 0 0 1 
0.797631 -0.428287 0.424682 -0.0692148 -0.121403 -0.803706 -0.58251 -0.290779 -0.590801 -0.41307 0.693056 -0.0409321 0 0 0 1 
0.776559 -0.5859 0.231684 -0.0346378 -0.0707862 -0.446532 -0.891963 -0.217783 -0.626056 -0.676262 0.388232 0.013826 0 0 0 1 
0.773529 -0.633271 -0.0249036 0.00966486 -0.017024 0.0185183 -0.999684 -0.170821 -0.633532 -0.773709 -0.00354367 0.081729 0 0 0 1 
0.773529 -0.633271 -0.0249036 0.00966486 -0.017024 0.0185183 -0.999684 -0.170821 -0.633532 -0.773709 -0.00354367 0.081729 0 0 0 1 
0.773529 -0.633271 -0.0249036 0.00966486 -0.017024 0.0185183 -0.999684 -0.170821 -0.633532 -0.773709 -0.00354367 0.081729 0 0 0 1 
0.772882 -0.632789 -0.0472307 0.0134721 -0.0075724 0.065229 -0.997842 -0.154398 -0.634504 -0.771572 -0.0456226 0.0897772 0 0 0 1 
0.772399 -0.630946 -0.0728521 0.0178279 0.00335096 0.118749 -0.992919 -0.135574 -0.635129 -0.766685 -0.0938363 0.0988451 0 0 0 1 
0.772267 -0.629577 -0.0850634 0.0198988 0.00858668 0.144227 -0.989507 -0.119884 -0.63524 -0.763434 -0.116788 0.100965 0 0 0 1 
0.772359 -0.630625 -0.0759809 0.0183588 0.00469073 0.125279 -0.99211 -0.107183 -0.635169 -0.765909 -0.0997187 0.0916213 0 0 0 1 
0.77269 -0.632327 -0.0557904 0.0149289 -0.0039322 0.0831191 -0.996532 -0.0955837 -0.634772 -0.770229 -0.0617388 0.0760791 0 0 0 1 
0.773206 -0.633179 -0.0351726 0.0114173 -0.0126848 0.0400103 -0.999119 -0.087197 -0.634029 -0.77297 -0.0229044 0.0611948 0 0 0 1 
0.773529 -0.633271 -0.0249036 0.00966486 -0.017024 0.0185183 -0.999684 -0.0835444 -0.633532 -0.773709 -0.00354367 0.0539017 0 0 0 1 
0.878619 0.376379 0.293886 -0.0551687 0.26302 -0.895103 0.360016 -0.393452 -0.39856 0.239019 0.885449 -0.0804495 0 0 0 1 
0.864667 0.288973 0.410908 -0.0742528 0.288722 -0.955256 0.0642346 -0.365604 -0.411084 -0.0630966 0.909411 -0.0814221 0 0 0 1 
0.853233 0.176608 0.490717 -0.0867233 0.325058 -0.915885 -0.235568 -0.338094 -0.407836 -0.360506 0.838871 -0.0663 0 0 0 1 
0.867595 0.0255118 0.496617 -0.0861625 0.34775 -0.744999 -0.569251 -0.293459 -0.355457 -0.666578 0.655229 -0.0317553 0 0 0 1 
0.939708 -0.132374 0.315319 -0.0535424 0.272222 -0.268533 -0.924005 -0.214013 -0.206988 -0.954132 0.216307 0.0462277 0 0 0 1 
0.991179 -0.11402 0.0675505 -0.0114032 0.0976844 0.284097 -0.953806 -0.181354 -0.0895618 -0.951992 -0.292729 0.133175 0 0 0 1 
0.991179 -0.11402 0.0675505 -0.0114032 0.0976844 0.284097 -0.953806 -0.181354 -0.0895618 -0.951992 -0.292729 0.133175 0 0 0 1 
0.991179 -0.11402 0.0675505 -0.0114032 0.0976844 0.284097 -0.953806 -0.181354 -0.0895618 -0.951992 -0.292729 0.133175 0 0 0 1 
0.979346 -0.194162 0.0564069 -0.00867642 0.102822 0.238054 -0.965794 -0.161613 -0.174093 -0.951646 -0.253101 0.127256 0 0 0 1 
0.955996 -0.288713 0.052117 -0.00697565 0.108598 0.183222 -0.977055 -0.138907 -0.272539 -0.939721 -0.206513 0.120023 0 0 0 1 
0.927786 -0.367856 0.0624054 -0.00792554 0.114307 0.121019 -0.986047 -0.120191 -0.355171 -0.921974 -0.154328 0.109129 0 0 0 1 
0.899248 -0.428374 0.0885921 -0.0117829 0.116313 0.0389177 -0.99245 -0.106186 -0.421692 -0.902763 -0.0848221 0.0905799 0 0 0 1 
0.868981 -0.479045 0.124045 -0.0173251 0.110228 -0.0569893 -0.992271 -0.0948158 -0.482412 -0.875938 -0.00328154 0.0672525 0 0 0 1 
0.844269 -0.512732 0.155936 -0.0224324 0.0985434 -0.137483 -0.98559 -0.0876263 -0.526782 -0.84747 0.0655465 0.0469053 0 0 0 1 
0.832445 -0.526943 0.171365 -0.0249249 0.091032 -0.175007 -0.98035 -0.0848004 -0.546578 -0.831687 0.0977151 0.0372461 0 0 0 1 
0.929311 0.281215 0.239373 -0.0453781 0.209964 -0.935565 0.28396 -0.355361 -0.303802 0.213628 0.928476 -0.0803242 0 0 0 1 
0.905244 0.201645 0.373995 -0.0592491 0.244731 -0.966988 -0.0709994 -0.332912 -0.347332 -0.1558 0.924709 -0.080718 0 0 0 1 
0.883381 0.089489 0.460032 -0.068054 0.301806 -0.85959 -0.412332 -0.310198 -0.35854 -0.503087 0.786354 -0.0659007 0 0 0 1 
0.889797 -0.0518356 0.453403 -0.0640517 0.342667 -0.58028 -0.738819 -0.270882 -0.301398 -0.812766 0.498569 -0.0304909 0 0 0 1 
0.957182 -0.14029 0.253221 -0.027299 0.258917 0.0236555 -0.96561 -0.200719 -0.129475 -0.989828 -0.0589662 0.0504504 0 0 0 1 
0.998869 -0.0230513 0.0415914 0.0161484 0.0472107 0.585373 -0.809388 -0.177213 0.00568909 -0.810436 -0.585799 0.137195 0 0 0 1 
0.998869 -0.0230513 0.0415914 0.0161484 0.0472107 0.585373 -0.809388 -0.177213 0.00568909 -0.810436 -0.585799 0.137195 0 0 0 1 
0.998869 -0.0230513 0.0415914 0.0161484 0.0472107 0.585373 -0.809388 -0.177213 0.00568909 -0.810436 -0.585799 0.137195 0 0 0 1 
0.992402 -0.120886 -0.0229266 0.0219496 0.0429412 0.514899 -0.856175 -0.158576 -0.115304 -0.848685 -0.516177 0.13361 0 0 0 1 
0.965949 -0.245202 -0.0825723 0.0269226 0.0320566 0.430105 -0.902209 -0.13776 -0.256738 -0.868842 -0.42332 0.128534 0 0 0 1 
0.927477 -0.356809 -0.111686 0.028236 0.0207501 0.347386 -0.937493 -0.120623 -0.373304 -0.867185 -0.329596 0.119356 0 0 0 1 
0.886678 -0.448498 -0.11248 0.0257298 0.00828289 0.258627 -0.965942 -0.106903 -0.462314 -0.855548 -0.233034 0.10263 0 0 0 1 
0.842316 -0.529918 -0.0984466 0.0212034 -0.013327 0.162119 -0.986681 -0.0948795 -0.53882 -0.832409 -0.129493 0.0813292 0 0 0 1 
0.805333 -0.587332 -0.0805019 0.0167485 -0.0384705 0.083731 -0.995746 -0.0866158 -0.591574 -0.805003 -0.0448364 0.0626495 0 0 0 1 
0.787208 -0.612614 -0.0707705 0.0145125 -0.0525228 0.0477392 -0.997478 -0.0831588 -0.614447 -0.788939 -0.0054045 0.0537693 0 0 0 1 
0.938157 0.278267 0.205982 -0.0462098 0.147214 -0.859129 0.490128 -0.348767 -0.313351 0.429494 0.846963 -0.0767676 0 0 0 1 
0.90262 0.183723 0.389259 -0.059352 0.187839 -0.981805 0.0278306 -0.331053 -0.38729 -0.0479976 0.920708 -0.0781193 0 0 0 1 
0.866428 0.0179328 0.49898 -0.0689692 0.266353 -0.861886 -0.431519 -0.310707 -0.422326 -0.506785 0.751538 -0.0668134 0 0 0 1 
0.860024 -0.183973 0.475934 -0.0668672 0.345436 -0.476567 -0.808429 -0.269865 -0.375544 -0.859673 0.346308 -0.0351703 0 0 0 1 
0.929981 -0.276186 0.242606 -0.0309636 0.318845 0.277552 -0.906258 -0.192967 -0.18296 -0.920155 -0.346179 0.045629 0 0 0 1 
0.990804 -0.114852 0.0715257 0.0145232 0.1353 0.844401 -0.518343 -0.164038 0.000863749 -0.523254 -0.852176 0.138329 0 0 0 1 
0.990804 -0.114852 0.0715257 0.0145232 0.1353 0.844401 -0.518343 -0.164038 0.000863749 -0.523254 -0.852176 0.138329 0 0 0 1 
0.990804 -0.114852 0.0715257 0.0145232 0.1353 0.844401 -0.518343 -0.164038 0.000863749 -0.523254 -0.852176 0.138329 0 0 0 1 
0.987509 -0.157466 0.00552507 0.021678 0.125594 0.765486 -0.631077 -0.147119 -0.0951438 -0.623888 -0.775701 0.133344 0 0 0 1 
0.971278 -0.23216 -0.0521557 0.0279457 0.116483 0.655044 -0.746558 -0.128529 -0.207485 -0.719041 -0.663273 0.126843 0 0 0 1 
0.945805 -0.316268 -0.0736669 0.0301281 0.113954 0.535671 -0.836702 -0.11356 -0.304083 -0.782963 -0.542681 0.11664 0 0 0 1 
0.91588 -0.396914 -0.0601861 0.028229 0.114224 0.401373 -0.908764 -0.101973 -0.384858 -0.825445 -0.412947 0.0993151 0 0 0 1 
0.881059 -0.472446 -0.0230127 0.0243819 0.108503 0.249222 -0.962349 -0.0920884 -0.460393 -0.845389 -0.270841 0.0778125 0 0 0 1 
0.850589 -0.525483 0.0191523 0.0205918 0.0973085 0.121509 -0.987809 -0.0854311 -0.516749 -0.842083 -0.154488 0.059249 0 0 0 1 
0.835247 -0.548303 0.0415465 0.0187075 0.0899459 0.0616966 -0.994034 -0.0826717 -0.542468 -0.834001 -0.10085 0.0504913 0 0 0 1 
0.9431 0.204541 0.262156 -0.0370296 0.184209 -0.977767 0.100191 -0.406693 -0.276821 0.0461981 0.95981 -0.0561618 0 0 0 1 
0.91451 0.0824534 0.396073 -0.0573889 0.202342 -0.940985 -0.271304 -0.376703 -0.350328 -0.328252 0.877223 -0.0821214 0 0 0 1 
0.87988 -0.0630778 0.47099 -0.0724593 0.264184 -0.758929 -0.595175 -0.336424 -0.394991 -0.648111 0.651102 -0.0807122 0 0 0 1 
0.869941 -0.215633 0.443515 -0.0714809 0.335009 -0.401577 -0.852353 -0.277204 -0.361901 -0.890078 0.277109 -0.0453615 0 0 0 1 
0.933032 -0.267233 0.240909 -0.0313012 0.310534 0.259953 -0.914327 -0.194031 -0.181713 -0.927907 -0.325529 0.0488263 0 0 0 1 
0.990804 -0.106421 0.0835564 0.016267 0.135301 0.783228 -0.606834 -0.176874 0.000864018 -0.612559 -0.790424 0.148494 0 0 0 1 
0.990804 -0.106421 0.0835563 0.016267 0.135301 0.783228 -0.606834 -0.176874 0.000864014 -0.612559 -0.790424 0.148494 0 0 0 1 
0.990804 -0.106421 0.0835563 0.016267 0.135301 0.783228 -0.606834 -0.176874 0.000864014 -0.612559 -0.790424 0.148494 0 0 0 1 
0.987376 -0.157791 0.0138351 0.0229388 0.127082 0.737013 -0.663824 -0.151815 -0.0945486 -0.657202 -0.747761 0.137879 0 0 0 1 
0.971066 -0.232048 -0.0564388 0.0272961 0.119813 0.67782 -0.7254 -0.125534 -0.206583 -0.697649 -0.68601 0.123206 0 0 0 1 
0.945483 -0.311895 -0.0937176 0.0270526 0.118233 0.596865 -0.793582 -0.107591 -0.303451 -0.739238 -0.601202 0.107382 0 0 0 1 
0.915411 -0.393065 -0.0867333 0.0241749 0.118057 0.468179 -0.875712 -0.0975796 -0.384818 -0.791397 -0.47498 0.0896132 0 0 0 1 
0.880538 -0.47174 -0.0459773 0.0208988 0.111138 0.299794 -0.947508 -0.0903038 -0.460761 -0.829207 -0.316408 0.0707665 0 0 0 1 
0.850254 -0.526307 0.00832792 0.0189606 0.0985095 0.143562 -0.984726 -0.0851659 -0.517073 -0.838088 -0.17391 0.0562723 0 0 0 1 
0.835247 -0.548136 0.0436903 0.0190304 0.0899466 0.0578101 -0.994267 -0.0826715 -0.542468 -0.834389 -0.0975888 0.0509885 0 0 0 1 
0.979079 -0.167534 0.11548 -0.0650112 -0.203107 -0.83892 0.504937 -0.364789 -0.0122847 0.517828 0.855397 -0.0580702 0 0 0 1 
0.938705 -0.244434 0.243075 -0.086407 -0.266947 -0.961588 0.0639301 -0.349441 -0.218112 0.1249 0.967898 -0.0592187 0 0 0 1 
0.86989 -0.382634 0.311259 -0.103476 -0.24944 -0.885664 -0.391635 -0.332504 -0.425524 -0.263039 0.865875 -0.0458574 0 0 0 1 
0.782392 -0.563462 0.26528 -0.108734 -0.143515 -0.577613 -0.803596 -0.296758 -0.606026 -0.590655 0.532785 -0.015091 0 0 0 1 
0.733677 -0.679478 0.00520248 -0.0835045 0.100871 0.101339 -0.989725 -0.219913 -0.671969 -0.726664 -0.14289 0.0532409 0 0 0 1 
0.794032 -0.566933 -0.219318 -0.046822 0.305864 0.684415 -0.661833 -0.179059 -0.525319 -0.458435 -0.716852 0.131685 0 0 0 1 
0.794032 -0.566933 -0.219318 -0.046822 0.305864 0.684415 -0.661833 -0.179059 -0.525319 -0.458435 -0.716852 0.131685 0 0 0 1 
0.794032 -0.566933 -0.219318 -0.046822 0.305864 0.684415 -0.661833 -0.179059 -0.525319 -0.458435 -0.716852 0.131685 0 0 0 1 
0.742129 -0.605162 -0.288137 -0.0425897 0.209943 0.618137 -0.757516 -0.163957 -0.636529 -0.501682 -0.585787 0.13499 0 0 0 1 
0.66471 -0.66579 -0.338946 -0.0383052 0.0928189 0.523761 -0.846793 -0.146919 -0.741313 -0.531412 -0.409947 0.139434 0 0 0 1 
0.59234 -0.729072 -0.342911 -0.035645 -0.00948223 0.419274 -0.90781 -0.132649 -0.805632 -0.540984 -0.24144 0.138992 0 0 0 1 
0.538433 -0.785684 -0.304615 -0.0347153 -0.0968434 0.301399 -0.948568 -0.120768 -0.837085 -0.54024 -0.0861951 0.128807 0 0 0 1 
0.494966 -0.83496 -0.240522 -0.0345698 -0.182057 0.17101 -0.968303 -0.109689 -0.849626 -0.523066 0.0673657 0.112973 0 0 0 1 
0.466201 -0.866529 -0.178282 -0.0349188 -0.249618 0.064491 -0.966194 -0.101557 -0.848733 -0.494943 0.186236 0.0982356 0 0 0 1 
0.453217 -0.878932 -0.14857 -0.0354131 -0.284275 0.015454 -0.958618 -0.0980079 -0.844856 -0.476697 0.242854 0.0916611 0 0 0 1 
0.89911 -0.285013 0.332216 -0.0494913 -0.0775789 -0.85071 -0.519878 -0.482661 -0.430792 -0.441655 0.786994 -0.141121 0 0 0 1 
0.827401 -0.309423 0.468684 -0.0730248 0.127275 -0.709512 -0.693105 -0.39092 -0.546999 -0.633127 0.547669 -0.172721 0 0 0 1 
0.747729 -0.339848 0.570442 -0.0852116 0.360585 -0.51356 -0.778611 -0.293913 -0.557566 -0.787883 0.261459 -0.152663 0 0 0 1 
0.708256 -0.367897 0.602516 -0.0709432 0.546328 -0.254893 -0.797844 -0.196617 -0.447102 -0.894249 -0.0204627 -0.0717184 0 0 0 1 
0.774585 -0.347275 0.5286 -0.00318019 0.574137 0.0355024 -0.817989 -0.134338 -0.2653 -0.937091 -0.226883 0.0935674 0 0 0 1 
0.882234 -0.250736 0.398491 0.0520364 0.469854 0.414958 -0.779132 -0.177089 -0.0299996 -0.874609 -0.483899 0.221981 0 0 0 1 
0.882101 -0.250893 0.398686 0.0520412 0.470081 0.414312 -0.779339 -0.177097 -0.0303506 -0.87487 -0.483405 0.221994 0 0 0 1 
0.882096 -0.2509 0.398694 0.0520414 0.470091 0.414285 -0.779348 -0.177098 -0.0303653 -0.874881 -0.483385 0.221995 0 0 0 1 
0.794636 -0.590407 0.141325 0.0212399 0.335716 0.2334 -0.912589 -0.174214 -0.505814 -0.772622 -0.383677 0.174398 0 0 0 1 
0.436046 -0.898203 -0.0556438 -0.0362771 0.08915 0.104641 -0.990506 -0.17386 -0.895498 -0.426946 -0.125703 0.157761 0 0 0 1 
0.0686938 -0.995852 -0.0596705 -0.0742546 -0.127167 0.0505834 -0.990591 -0.166137 -0.9895 -0.0756356 0.123164 0.17036 0 0 0 1 
-0.108014 -0.993211 0.0431932 -0.0804269 -0.275459 -0.0118462 -0.96124 -0.152307 -0.955226 0.115725 0.272309 0.171724 0 0 0 1 
-0.179371 -0.968213 0.174326 -0.0739148 -0.399303 -0.0902956 -0.912362 -0.136514 -0.899101 0.23326 0.370414 0.159725 0 0 0 1 
-0.188633 -0.940946 0.281139 -0.0646999 -0.484637 -0.159796 -0.859995 -0.12352 -0.854134 0.298474 0.425875 0.1433 0 0 0 1 
-0.182952 -0.926363 0.329211 -0.0597633 -0.522567 -0.192008 -0.830696 -0.117257 -0.832738 0.324012 0.448958 0.134826 0 0 0 1 
0.784696 -0.374649 0.493852 -0.0824091 -0.326096 -0.927032 -0.185128 -0.55495 -0.527175 0.0157736 0.84961 -0.1724 0 0 0 1 
0.70999 -0.326096 0.624161 -0.107306 -0.0943957 -0.922396 -0.374534 -0.454435 -0.697857 -0.206997 0.685673 -0.219748 0 0 0 1 
0.625503 -0.292414 0.723353 -0.12133 0.182113 -0.846785 -0.49979 -0.343973 -0.75867 -0.444352 0.476414 -0.213859 0 0 0 1 
0.599627 -0.312774 0.736628 -0.10313 0.461821 -0.616496 -0.637695 -0.218963 -0.653582 -0.722569 0.225221 -0.133344 0 0 0 1 
0.811536 -0.335039 0.478705 0.00756207 0.554233 0.181951 -0.812231 -0.141143 -0.185028 -0.924469 -0.333349 0.116997 0 0 0 1 
0.925171 -0.182115 0.333004 0.0641569 0.36919 0.635383 -0.678223 -0.208044 0.0880709 -0.750414 -0.655074 0.25574 0 0 0 1 
0.925273 -0.181896 0.332842 0.0642278 0.368865 0.635943 -0.677876 -0.208222 0.0883651 -0.749994 -0.655516 0.255937 0 0 0 1 
0.925269 -0.181905 0.332848 0.0642285 0.368878 0.63592 -0.67789 -0.208221 0.0883531 -0.750011 -0.655498 0.255939 0 0 0 1 
0.658682 -0.675951 0.330497 -0.0180148 0.376848 -0.0838117 -0.922476 -0.160053 -0.651248 -0.732165 -0.199525 0.131527 0 0 0 1 
-0.149072 -0.715526 0.682496 -0.208888 -0.0296121 -0.686668 -0.726368 -0.203379 -0.988383 0.128491 -0.0811745 0.126855 0 0 0 1 
-0.645476 -0.13026 0.75259 -0.289215 -0.42225 -0.760219 -0.493732 -0.247175 -0.636447 0.636474 -0.435702 0.269036 0 0 0 1 
-0.708839 0.266105 0.65325 -0.264808 -0.627739 -0.660356 -0.412158 -0.25118 -0.3217 0.702224 -0.63513 0.353393 0 0 0 1 
-0.647811 0.488682 0.584407 -0.220832 -0.752491 -0.530049 -0.390905 -0.237043 -0.118736 0.692993 -0.7111 0.385251 0 0 0 1 
-0.572493 0.588536 0.570857 -0.187325 -0.819794 -0.422573 -0.386484 -0.219946 -0.0137696 0.689245 -0.724398 0.386861 0 0 0 1 
-0.534103 0.620871 0.573806 -0.172926 -0.845003 -0.370747 -0.385378 -0.210516 0.0265324 0.6907 -0.722655 0.384085 0 0 0 1 
-0.126179 -0.985025 -0.117494 -0.31771 -0.874461 0.166369 -0.455674 -0.696735 -0.468397 -0.0452476 0.882358 -0.157207 0 0 0 1 
0.179661 -0.837164 -0.516604 -0.127303 -0.881097 0.0966013 -0.462965 -0.708609 -0.437482 -0.538355 0.720267 -0.136369 0 0 0 1 
0.321717 -0.414748 -0.851165 0.00805295 -0.891198 0.170976 -0.420159 -0.724724 -0.319789 -0.893729 0.314616 -0.0389773 0 0 0 1 
0.287002 -0.0361582 -0.957247 0.0451496 -0.924447 0.251435 -0.286666 -0.752688 -0.251051 -0.967198 -0.0387361 0.0461831 0 0 0 1 
0.41269 -0.0505695 -0.909467 0.0793037 -0.867916 0.281171 -0.409469 -0.70303 -0.276422 -0.958324 -0.0721466 0.0449381 0 0 0 1 
0.515845 -0.224751 -0.826674 0.0944141 -0.773229 0.293281 -0.562231 -0.632273 -0.36881 -0.929233 0.0224965 -0.00968518 0 0 0 1 
0.515863 -0.224762 -0.826661 0.0944263 -0.773238 0.293221 -0.56225 -0.63229 -0.368767 -0.929249 0.0225331 -0.00965355 0 0 0 1 
0.515889 -0.224779 -0.82664 0.0944353 -0.77325 0.293133 -0.562278 -0.632297 -0.368704 -0.929273 0.0225862 -0.00963113 0 0 0 1 
0.69032 -0.622699 -0.36838 0.0992583 -0.64798 -0.305627 -0.697649 -0.55801 -0.321838 -0.720304 0.614478 0.124969 0 0 0 1 
0.427466 -0.693821 0.579556 0.0104043 -0.503499 -0.715164 -0.484798 -0.407443 -0.750841 0.0845713 0.655046 0.0990578 0 0 0 1 
-0.135591 -0.248786 0.95902 -0.141587 -0.61905 -0.734479 -0.278061 -0.348971 -0.773558 0.631384 0.0544219 0.146545 0 0 0 1 
-0.312902 0.119237 0.942271 -0.170164 -0.753471 -0.635169 -0.169831 -0.331919 -0.578252 0.763114 -0.288588 0.211087 0 0 0 1 
-0.291504 0.355363 0.888112 -0.142261 -0.853419 -0.515995 -0.0736506 -0.320456 -0.432089 0.779401 -0.453688 0.236612 0 0 0 1 
-0.209102 0.475302 0.854614 -0.103039 -0.907051 -0.420846 0.0121249 -0.310945 -0.365423 0.772644 -0.519123 0.232547 0 0 0 1 
-0.161012 0.518186 0.839975 -0.082453 -0.925546 -0.374793 0.0537975 -0.30533 -0.342694 0.768774 -0.539951 0.226924 0 0 0 1 
0.0438259 -0.995933 -0.0787257 -0.261668 -0.807708 0.0110536 -0.589479 -0.643368 -0.587952 -0.0894217 0.803938 -0.185852 0 0 0 1 
0.382274 -0.814922 -0.435625 -0.0678301 -0.802517 -0.0590894 -0.593696 -0.651424 -0.458075 -0.576551 0.676577 -0.134951 0 0 0 1 
0.509337 -0.386676 -0.768803 0.0615726 -0.830277 0.0141322 -0.557172 -0.672885 -0.22631 -0.922107 0.31385 -0.00351508 0 0 0 1 
0.43484 -0.0220346 -0.900238 0.0889814 -0.895688 0.0927036 -0.434912 -0.71063 -0.0930387 -0.99545 -0.0205752 0.102032 0 0 0 1 
0.55226 -0.0148325 -0.83354 0.116032 -0.825849 0.126914 -0.549423 -0.657692 -0.113937 -0.991803 -0.0578403 0.103288 0 0 0 1 
0.666344 -0.167708 -0.72654 0.130175 -0.711433 0.148762 -0.686828 -0.582716 -0.223267 -0.974548 0.0201865 0.0457629 0 0 0 1 
0.66636 -0.167716 -0.726523 0.130186 -0.71143 0.1487 -0.686845 -0.582729 -0.223229 -0.974556 0.0202299 0.0457915 0 0 0 1 
0.666385 -0.167727 -0.726498 0.130194 -0.711425 0.148611 -0.68687 -0.58273 -0.223172 -0.974568 0.0202931 0.0458094 0 0 0 1 
0.825289 -0.517738 -0.225488 0.120157 -0.477658 -0.427007 -0.767794 -0.478929 -0.301231 -0.741358 0.599706 0.135859 0 0 0 1 
0.431667 -0.598074 0.675257 -0.00814885 -0.307982 -0.801329 -0.512854 -0.327705 -0.847828 -0.0134155 0.530103 0.0887256 0 0 0 1 
-0.244303 -0.235214 0.940739 -0.178793 -0.450091 -0.831796 -0.32486 -0.275317 -0.858915 0.502782 -0.0973424 0.146249 0 0 0 1 
-0.470329 0.099441 0.876871 -0.215851 -0.61317 -0.75143 -0.243672 -0.263397 -0.634676 0.652277 -0.414393 0.216254 0 0 0 1 
-0.47664 0.334061 0.813153 -0.196401 -0.743719 -0.646416 -0.170379 -0.258674 -0.468718 0.685967 -0.556555 0.244427 0 0 0 1 
-0.409083 0.464331 0.785524 -0.16402 -0.823806 -0.558142 -0.0990965 -0.256103 -0.392421 0.687658 -0.610846 0.241654 0 0 0 1 
-0.36633 0.513762 0.77579 -0.146481 -0.855308 -0.514235 -0.0633297 -0.254157 -0.366402 0.686739 -0.627805 0.236459 0 0 0 1 
0.0438259 -0.995933 -0.0787258 -0.261668 -0.807708 0.0110536 -0.589479 -0.643369 -0.587952 -0.0894218 0.803938 -0.185852 0 0 0 1 
0.288366 -0.791298 -0.539159 -0.0755549 -0.917939 -0.0682349 -0.390809 -0.751252 -0.272457 -0.607612 0.74604 -0.0826937 0 0 0 1 
0.116013 -0.31797 -0.940976 -0.0423259 -0.993015 -0.016607 -0.116817 -0.855857 -0.0215177 -0.947955 0.317675 0.0740643 0 0 0 1 
-0.17009 0.0626321 -0.983436 -0.120505 -0.984458 0.0334796 0.172399 -0.910886 -0.0437231 -0.997475 -0.0559641 0.130649 0 0 0 1 
0.0597557 0.0650645 -0.99609 -0.0285776 -0.994445 0.0905032 -0.0537453 -0.85805 -0.0866524 -0.993768 -0.0701114 0.117121 0 0 0 1 
0.382589 -0.110445 -0.917293 0.0734279 -0.907848 0.139428 -0.395438 -0.737857 -0.171571 -0.984054 0.046924 0.0582949 0 0 0 1 
0.382611 -0.110453 -0.917284 0.073443 -0.907849 0.139368 -0.395457 -0.737871 -0.171519 -0.984061 0.0469512 0.0583328 0 0 0 1 
0.382643 -0.110464 -0.917269 0.0734563 -0.90785 0.13928 -0.395487 -0.737873 -0.171444 -0.984073 0.0469907 0.0583643 0 0 0 1 
0.763578 -0.487143 -0.42384 0.150738 -0.630614 -0.42146 -0.651689 -0.569422 -0.138834 -0.764894 0.629016 0.190189 0 0 0 1 
0.498699 -0.600576 0.624986 0.0313424 -0.346155 -0.799048 -0.491629 -0.348168 -0.794655 -0.0288332 0.606377 0.08827 0 0 0 1 
-0.244303 -0.235214 0.940739 -0.178793 -0.450091 -0.831796 -0.32486 -0.275317 -0.858915 0.502782 -0.0973424 0.146249 0 0 0 1 
-0.49436 0.104025 0.86301 -0.221285 -0.608576 -0.750323 -0.25817 -0.257667 -0.620681 0.652836 -0.434237 0.227057 0 0 0 1 
-0.495749 0.337951 0.800014 -0.200142 -0.741132 -0.64483 -0.186865 -0.253169 -0.452722 0.685554 -0.57014 0.254286 0 0 0 1 
-0.415893 0.465684 0.781135 -0.165433 -0.823451 -0.557372 -0.106138 -0.25404 -0.385956 0.687369 -0.615274 0.245348 0 0 0 1 
-0.36633 0.513762 0.77579 -0.146481 -0.855308 -0.514235 -0.0633297 -0.254157 -0.366402 0.686739 -0.627805 0.236459 0 0 0 1 
0.700694 0.607061 0.37484 -0.00314267 0.335843 -0.744179 0.577414 -0.343678 -0.629474 0.278703 0.725319 -0.0809227 0 0 0 1 
0.777371 0.399893 0.485573 -0.0348385 0.418008 -0.905234 0.0763001 -0.334559 -0.470069 -0.14366 0.87086 -0.0828314 0 0 0 1 
0.852805 0.118256 0.508663 -0.0651307 0.369538 -0.824892 -0.427779 -0.314913 -0.369005 -0.552783 0.747172 -0.0710191 0 0 0 1 
0.898386 -0.194842 0.393624 -0.0813119 0.262148 -0.481193 -0.8365 -0.269777 -0.352394 -0.854687 0.38122 -0.0310945 0 0 0 1 
0.911567 -0.406281 0.0631002 -0.0589254 0.168258 0.228593 -0.958871 -0.193768 -0.375147 -0.884692 -0.276738 0.0665973 0 0 0 1 
0.913544 -0.35715 -0.194629 -0.025159 0.180097 0.784232 -0.593755 -0.178619 -0.364694 -0.50737 -0.780752 0.168311 0 0 0 1 
0.913544 -0.35715 -0.194629 -0.025159 0.180097 0.784232 -0.593755 -0.178619 -0.364694 -0.50737 -0.780752 0.168311 0 0 0 1 
0.913544 -0.35715 -0.194629 -0.025159 0.180097 0.784232 -0.593755 -0.178619 -0.364694 -0.50737 -0.780752 0.168311 0 0 0 1 
0.867988 -0.41399 -0.274243 -0.0180655 0.114623 0.704372 -0.700515 -0.157916 -0.483175 -0.576604 -0.658839 0.171794 0 0 0 1 
0.797297 -0.499647 -0.33863 -0.0101388 0.0309071 0.594089 -0.803805 -0.133615 -0.602796 -0.630406 -0.489108 0.174903 0 0 0 1 
0.734284 -0.581033 -0.351038 -0.0045957 -0.0415785 0.477647 -0.877567 -0.112505 -0.677568 -0.658979 -0.32657 0.170403 0 0 0 1 
0.696821 -0.643243 -0.317299 -0.00277432 -0.0999876 0.350949 -0.931041 -0.0949596 -0.710242 -0.680495 -0.180232 0.153393 0 0 0 1 
0.673543 -0.693259 -0.256382 -0.00325849 -0.151721 0.209804 -0.9659 -0.0796997 -0.723409 -0.689474 -0.0361305 0.129117 0 0 0 1 
0.662 -0.72461 -0.191562 -0.00429758 -0.182445 0.0921044 -0.978892 -0.0699979 -0.726959 -0.682977 0.0712286 0.106512 0 0 0 1 
0.657372 -0.738439 -0.150235 -0.00376993 -0.182826 0.0371224 -0.982444 -0.0671236 -0.731052 -0.673298 0.110603 0.0945279 0 0 0 1 
-0.127148 0.826382 0.548567 0.135252 0.965671 -0.023173 0.258735 -0.457476 -0.226525 -0.562633 0.795067 -0.141249 0 0 0 1 
0.235425 0.714234 0.659125 0.0667022 0.965562 -0.249167 -0.0748771 -0.416421 -0.110753 -0.654053 0.748297 -0.156583 0 0 0 1 
0.560262 0.487516 0.669652 0.0021245 0.826102 -0.387929 -0.408738 -0.366087 -0.060511 -0.782201 0.62008 -0.133449 0 0 0 1 
0.819289 0.180625 0.544187 -0.0440916 0.570366 -0.353934 -0.741225 -0.296515 -0.058723 -0.917663 0.392997 -0.0702746 0 0 0 1 
0.974458 -0.134275 0.180005 -0.0471368 0.187158 0.0425979 -0.981406 -0.202631 -0.12411 -0.990028 -0.0666403 0.0584656 0 0 0 1 
0.947522 -0.247113 -0.202823 -0.0288331 -0.0372877 0.544679 -0.837815 -0.185706 -0.317509 -0.801411 -0.506881 0.192642 0 0 0 1 
0.947522 -0.247113 -0.202823 -0.0288331 -0.0372877 0.544679 -0.837815 -0.185706 -0.317509 -0.801411 -0.506881 0.192642 0 0 0 1 
0.947522 -0.247113 -0.202823 -0.0288331 -0.0372877 0.544679 -0.837815 -0.185706 -0.317509 -0.801411 -0.506881 0.192642 0 0 0 1 
0.942475 -0.237448 -0.235284 -0.019805 -0.0812379 0.520059 -0.850259 -0.154513 -0.324254 -0.820462 -0.470853 0.170678 0 0 0 1 
0.934155 -0.229652 -0.273157 -0.0151179 -0.131881 0.489087 -0.862207 -0.121236 -0.331605 -0.84146 -0.426596 0.142753 0 0 0 1 
0.932201 -0.21871 -0.288387 -0.0165133 -0.166604 0.448058 -0.878344 -0.0962847 -0.321316 -0.866839 -0.381242 0.111441 0 0 0 1 
0.94403 -0.194017 -0.266769 -0.0213636 -0.176661 0.385593 -0.905599 -0.0806541 -0.278566 -0.90204 -0.329736 0.0715524 0 0 0 1 
0.9614 -0.157569 -0.225572 -0.0283609 -0.169027 0.308682 -0.936026 -0.0716578 -0.217119 -0.938023 -0.270133 0.0256249 0 0 0 1 
0.975236 -0.12183 -0.184586 -0.0347445 -0.151094 0.242469 -0.958321 -0.0688104 -0.161508 -0.962479 -0.218057 -0.0127797 0 0 0 1 
0.980949 -0.103697 -0.164277 -0.0377972 -0.139667 0.211321 -0.967386 -0.0678231 -0.13503 -0.9719 -0.192812 -0.0310866 0 0 0 1 
-0.716372 0.668914 -0.198407 0.308417 0.697643 0.690934 -0.189486 -0.383937 -0.0103361 0.27416 0.961629 -0.20997 0 0 0 1 
-0.295481 0.953035 -0.0664549 0.220194 0.94354 0.280219 -0.176664 -0.413513 0.149745 0.114904 0.982025 -0.237796 0 0 0 1 
0.197162 0.971832 0.129112 0.104964 0.946278 -0.154219 -0.284208 -0.402747 0.256291 -0.178211 0.950029 -0.23001 0 0 0 1 
0.655727 0.709621 0.2578 0.000164345 0.700006 -0.443496 -0.559734 -0.333788 0.282866 -0.547494 0.787551 -0.17252 0 0 0 1 
0.967146 0.223531 0.121087 -0.047383 0.183643 -0.284936 -0.940791 -0.199423 0.175794 -0.932119 0.316625 -0.0295241 0 0 0 1 
0.978656 -0.0924146 -0.183555 -0.0389574 -0.152779 0.270197 -0.950606 -0.150142 -0.137446 -0.958359 -0.250311 0.141089 0 0 0 1 
0.978656 -0.0924146 -0.183555 -0.0389574 -0.152779 0.270197 -0.950606 -0.150142 -0.137446 -0.958359 -0.250311 0.141089 0 0 0 1 
0.978656 -0.0924146 -0.183555 -0.0389574 -0.152779 0.270197 -0.950606 -0.150142 -0.137446 -0.958359 -0.250311 0.141089 0 0 0 1 
0.972097 -0.088683 -0.217169 -0.0294482 -0.192886 0.224676 -0.955152 -0.119933 -0.133498 -0.97039 -0.201301 0.115956 0 0 0 1 
0.962815 -0.0885448 -0.25524 -0.0244291 -0.23806 0.168615 -0.956502 -0.0880867 -0.127731 -0.981697 -0.141266 0.0841328 0 0 0 1 
0.95915 -0.07284 -0.27336 -0.0253564 -0.266493 0.0916307 -0.959471 -0.0647335 -0.0949359 -0.993125 -0.0684761 0.0461543 0 0 0 1 
0.96416 -0.0193002 -0.264617 -0.0284071 -0.265091 -0.0286561 -0.963797 -0.0520651 -0.0110183 -0.999403 0.0327454 -0.00595212 0 0 0 1 
0.966538 0.061351 -0.249081 -0.0313192 -0.235578 -0.172018 -0.956511 -0.0490175 0.101529 -0.983182 0.151809 -0.0671539 0 0 0 1 
0.961023 0.138808 -0.239098 -0.032328 -0.191779 -0.288226 -0.938161 -0.0533929 0.199138 -0.947448 0.250371 -0.118227 0 0 0 1 
0.95539 0.177085 -0.236369 -0.0322007 -0.166011 -0.339932 -0.925681 -0.0564576 0.244273 -0.923627 0.295369 -0.142206 0 0 0 1 
-0.0562736 0.746902 -0.662549 0.146825 0.993794 0.105679 0.0347262 -0.527959 -0.0959546 0.656483 0.748213 -0.143756 0 0 0 1 
0.238822 0.883008 -0.404057 0.0823121 0.965602 -0.171875 0.19512 -0.481963 -0.102846 0.436756 0.893682 -0.132272 0 0 0 1 
0.465993 0.88413 -0.0341209 0.0340642 0.87788 -0.457201 0.142456 -0.446137 -0.11035 0.0963375 0.989213 -0.104056 0 0 0 1 
0.671372 0.681572 0.291066 -0.0106513 0.738463 -0.648441 -0.184922 -0.405999 -0.0627015 -0.339093 0.938661 -0.0715557 0 0 0 1 
0.901861 0.278091 0.330625 -0.0554969 0.427769 -0.467627 -0.773523 -0.312497 0.060501 -0.839041 0.540694 -0.021836 0 0 0 1 
0.99729 0.028846 0.0676731 -0.082259 0.0648144 0.090591 -0.993777 -0.222052 0.034797 -0.99547 -0.0884759 0.055608 0 0 0 1 
0.99729 0.028846 0.0676731 -0.082259 0.0648144 0.090591 -0.993777 -0.222052 0.034797 -0.99547 -0.0884759 0.055608 0 0 0 1 
0.99729 0.028846 0.0676731 -0.082259 0.0648144 0.090591 -0.993777 -0.222052 0.034797 -0.99547 -0.0884759 0.055608 0 0 0 1 
0.996885 -0.00724229 0.0785324 -0.0820331 0.0784203 0.196729 -0.977317 -0.212418 0.00837167 -0.980431 -0.196684 0.0651915 0 0 0 1 
0.995196 -0.0486917 0.0849383 -0.0868225 0.0960149 0.315741 -0.943975 -0.206169 -0.0191453 -0.947596 -0.318899 0.0730633 0 0 0 1 
0.993107 -0.0646515 0.0977692 -0.0932968 0.114442 0.354572 -0.927999 -0.201025 -0.0253301 -0.932791 -0.359527 0.0662083 0 0 0 1 
0.990707 -0.0380291 0.130585 -0.0976434 0.135999 0.264761 -0.954676 -0.191774 -0.00173124 -0.963564 -0.267473 0.0364861 0 0 0 1 
0.985944 0.0203431 0.165834 -0.101241 0.162899 0.103539 -0.981195 -0.182877 0.0371308 -0.994417 -0.0987705 -0.0067327 0 0 0 1 
0.979141 0.0862999 0.183942 -0.103138 0.188781 -0.0516784 -0.980658 -0.178642 0.0751252 -0.994928 0.0668925 -0.0473085 0 0 0 1 
0.974806 0.121157 0.18728 -0.103594 0.202249 -0.126023 -0.971192 -0.177145 0.0940649 -0.984601 0.147351 -0.0675523 0 0 0 1 
-0.235659 0.723115 -0.649285 0.211866 0.96969 0.130589 -0.206513 -0.463957 0.0645438 0.678271 0.731972 -0.200954 0 0 0 1 
0.168862 0.879139 -0.445646 0.118312 0.985599 -0.15472 0.0682367 -0.460697 0.00896103 0.450751 0.892605 -0.174446 0 0 0 1 
0.462505 0.885312 -0.0480825 0.0385624 0.882383 -0.454326 0.122424 -0.443291 -0.086538 0.0990486 0.991312 -0.113567 0 0 0 1 
0.651618 0.672115 0.351646 -0.0169327 0.745188 -0.65382 -0.131201 -0.420767 -0.141731 -0.347536 0.926893 -0.0388968 0 0 0 1 
0.829339 0.249513 0.499939 -0.0664846 0.555727 -0.461217 -0.691698 -0.37965 -0.0579929 -0.851483 0.521167 0.0275599 0 0 0 1 
0.94158 -0.00917463 0.336665 -0.122291 0.335367 0.117327 -0.934753 -0.338119 0.030924 -0.993051 -0.11355 0.0627791 0 0 0 1 
0.94158 -0.00917463 0.336665 -0.122291 0.335367 0.117327 -0.934753 -0.338119 0.030924 -0.993051 -0.11355 0.0627791 0 0 0 1 
0.94158 -0.00917463 0.336665 -0.122291 0.335367 0.117327 -0.934753 -0.338119 0.030924 -0.993051 -0.11355 0.0627791 0 0 0 1 
0.983821 -0.0203657 0.177991 -0.0996932 0.178313 0.207336 -0.961882 -0.253826 0.0173145 -0.978058 -0.207613 0.0642838 0 0 0 1 
0.999189 -0.0363734 -0.0172947 -0.0650899 -0.00541627 0.304156 -0.952607 -0.165724 -0.0399097 -0.951928 -0.303712 0.0774878 0 0 0 1 
0.989343 -0.0375414 -0.140683 -0.0376454 -0.120915 0.326468 -0.937442 -0.109585 -0.0811214 -0.944462 -0.318449 0.0780341 0 0 0 1 
0.988662 -0.00582801 -0.150043 -0.0330535 -0.144664 0.230813 -0.962184 -0.0835852 -0.0402392 -0.972981 -0.227353 0.0419725 0 0 0 1 
0.992277 0.0532636 -0.11203 -0.0404582 -0.115627 0.0701003 -0.990816 -0.0750192 0.044921 -0.996117 -0.0757178 -0.0149303 0 0 0 1 
0.990519 0.117261 -0.0715668 -0.0493531 -0.0622613 -0.081191 -0.994752 -0.0801936 0.122457 -0.989777 0.0731205 -0.0666818 0 0 0 1 
0.987099 0.150621 -0.0543015 -0.0533233 -0.0309837 -0.153043 -0.987734 -0.0848974 0.157084 -0.976674 0.146401 -0.091245 0 0 0 1 
-0.451417 0.687101 -0.569312 0.272644 0.854791 0.149913 -0.496848 -0.340496 0.256037 0.710928 0.655001 -0.253257 0 0 0 1 
0.0281122 0.867564 -0.496531 0.186158 0.977244 -0.128332 -0.168899 -0.39261 0.210251 0.480484 0.851429 -0.240296 0 0 0 1 
0.426289 0.892384 -0.148079 0.0797986 0.900134 -0.434691 -0.0283155 -0.408846 0.0896371 0.121221 0.98857 -0.180312 0 0 0 1 
0.678373 0.685537 0.264291 -0.00328029 0.734177 -0.646299 -0.208043 -0.395522 -0.0281899 -0.335167 0.941737 -0.0864575 0 0 0 1 
0.852827 0.257721 0.454165 -0.0629582 0.52158 -0.462532 -0.71695 -0.359658 -0.025293 -0.848318 0.528883 0.0129208 0 0 0 1 
0.94158 -0.0091745 0.336665 -0.122291 0.335367 0.117328 -0.934753 -0.338119 0.0309241 -0.993051 -0.11355 0.0627791 0 0 0 1 
0.94158 -0.0091745 0.336665 -0.122291 0.335367 0.117328 -0.934753 -0.338119 0.0309241 -0.993051 -0.11355 0.0627791 0 0 0 1 
0.94158 -0.0091745 0.336665 -0.122291 0.335367 0.117328 -0.934753 -0.338119 0.0309241 -0.993051 -0.11355 0.0627791 0 0 0 1 
0.997222 -0.00669713 0.0741784 -0.0764219 0.0740486 0.196238 -0.977756 -0.209537 0.00800858 -0.980534 -0.196188 0.0647231 0 0 0 1 
0.970399 -0.0140614 -0.241099 0.00717801 -0.228121 0.274397 -0.934167 -0.0854483 -0.0792922 -0.961514 -0.263066 0.0814541 0 0 0 1 
0.900424 -0.0145603 -0.43477 0.0768898 -0.413483 0.281886 -0.865778 -0.0171065 -0.135161 -0.959337 -0.247796 0.0794054 0 0 0 1 
0.884236 0.0178395 -0.466699 0.0935979 -0.461945 0.180599 -0.868327 0.0122881 -0.0687943 -0.983395 -0.167933 0.0366537 0 0 0 1 
0.898668 0.0786021 -0.431531 0.082828 -0.434213 0.0201437 -0.900585 0.0223464 0.062095 -0.996703 -0.0522326 -0.0279361 0 0 0 1 
0.91291 0.143546 -0.382085 0.0653452 -0.365849 -0.127274 -0.921931 0.0161896 0.180969 -0.981426 0.0636734 -0.0865137 0 0 0 1 
0.916807 0.177019 -0.357952 0.0566927 -0.323449 -0.196508 -0.925616 0.0101537 0.234191 -0.964391 0.122903 -0.114356 0 0 0 1 
0.845766 0.00976861 0.533464 0.0396912 0.355576 -0.755762 -0.549899 -0.588398 -0.3978 -0.654773 0.642672 -0.137766 0 0 0 1 
0.852695 -0.129893 0.506004 -0.0251374 0.338708 -0.599965 -0.724789 -0.505087 -0.397729 -0.789411 0.467591 -0.191391 0 0 0 1 
0.854311 -0.257457 0.451518 -0.0761453 0.328905 -0.404865 -0.853174 -0.410878 -0.40246 -0.877382 0.261201 -0.186548 0 0 0 1 
0.870761 -0.363121 0.331539 -0.101156 0.312337 -0.112287 -0.943312 -0.30492 -0.379764 -0.924951 -0.0156406 -0.126039 0 0 0 1 
0.92833 -0.364253 0.0743123 -0.0765316 0.231871 0.411082 -0.881616 -0.186345 -0.290583 -0.835662 -0.46608 0.00909233 0 0 0 1 
0.968937 -0.213079 -0.125533 -0.0406393 0.105979 0.816378 -0.567711 -0.166356 -0.223449 -0.536772 -0.813601 0.141325 0 0 0 1 
0.968937 -0.213079 -0.125533 -0.0406393 0.105979 0.816378 -0.567711 -0.166356 -0.223449 -0.536772 -0.813601 0.141325 0 0 0 1 
0.968937 -0.213079 -0.125533 -0.0406393 0.105979 0.816378 -0.567711 -0.166356 -0.223449 -0.536772 -0.813601 0.141325 0 0 0 1 
0.969745 -0.220613 -0.104518 -0.00925316 0.099666 0.748629 -0.655455 -0.149614 -0.222847 -0.625207 -0.747967 0.137488 0 0 0 1 
0.97041 -0.227637 -0.0805391 0.0205907 0.0918568 0.656485 -0.748725 -0.131809 -0.22331 -0.719172 -0.65797 0.131145 0 0 0 1 
0.970556 -0.234149 -0.0565312 0.0366648 0.087597 0.561715 -0.822681 -0.115343 -0.224384 -0.793506 -0.565686 0.117716 0 0 0 1 
0.970104 -0.240867 -0.0297089 0.0386313 0.090505 0.472635 -0.876599 -0.0978753 -0.225185 -0.847703 -0.480305 0.0887011 0 0 0 1 
0.969311 -0.24584 0.000582106 0.0318259 0.0974993 0.38225 -0.918901 -0.0831219 -0.22568 -0.890757 -0.394488 0.0498064 0 0 0 1 
0.96869 -0.246579 0.0289681 0.0222565 0.104189 0.297831 -0.948916 -0.0766157 -0.225355 -0.922223 -0.314197 0.018327 0 0 0 1 
0.968937 -0.242347 0.0492864 0.0179418 0.105977 0.226814 -0.968155 -0.0769293 -0.22345 -0.943304 -0.245452 0.0111768 0 0 0 1 
0.880321 0.466957 0.0835804 -0.0200154 0.470781 -0.838322 -0.274922 -0.263821 0.0583095 -0.281368 0.957827 -0.0394916 0 0 0 1 
0.931508 0.361 0.0443978 -0.00540031 0.363705 -0.923393 -0.122737 -0.32614 0.00331141 -0.130478 0.991446 -0.0512543 0 0 0 1 
0.967154 0.248066 0.0554687 -0.00118787 0.246192 -0.968457 0.0384899 -0.392623 -0.0632669 0.0235696 0.997718 -0.0612433 0 0 0 1 
0.992528 0.100669 0.068944 -0.000803329 0.0920656 -0.988704 0.118276 -0.435165 -0.0800719 0.111045 0.990584 -0.0681674 0 0 0 1 
0.975531 -0.217811 -0.0299617 0.0100588 -0.204 -0.947531 0.246109 -0.456762 0.0819949 0.233974 0.968779 -0.064228 0 0 0 1 
0.867898 -0.495584 -0.0339106 -0.0030668 -0.495614 -0.859305 -0.12634 -0.373075 -0.0334727 -0.126457 0.991407 -0.088752 0 0 0 1 
0.867898 -0.495584 -0.0339109 -0.00306679 -0.495614 -0.859305 -0.126341 -0.373075 -0.0334726 -0.126457 0.991407 -0.088752 0 0 0 1 
0.867898 -0.495584 -0.0339109 -0.00306679 -0.495614 -0.859305 -0.126341 -0.373075 -0.0334726 -0.126457 0.991407 -0.088752 0 0 0 1 
0.885548 -0.454598 -0.0956305 0.010137 -0.453418 -0.801028 -0.390853 -0.307404 -0.101078 -0.389479 0.915472 -0.0704388 0 0 0 1 
0.908945 -0.385492 -0.158792 0.0251029 -0.388501 -0.64495 -0.658109 -0.236961 -0.151282 -0.659876 0.735988 -0.0310872 0 0 0 1 
0.927148 -0.317843 -0.198427 0.0360293 -0.340443 -0.493374 -0.800425 -0.193247 -0.156511 -0.809665 0.565638 0.00587198 0 0 0 1 
0.934036 -0.28624 -0.213644 0.0420062 -0.332564 -0.47874 -0.812532 -0.178652 -0.130299 -0.829985 0.542354 0.0133059 0 0 0 1 
0.938128 -0.254326 -0.23502 0.0489189 -0.333502 -0.48082 -0.810918 -0.167957 -0.093235 -0.839125 0.535889 0.0156375 0 0 0 1 
0.940389 -0.226517 -0.253693 0.0546397 -0.334927 -0.487144 -0.806545 -0.160064 -0.0591113 -0.843434 0.533971 0.0159453 0 0 0 1 
0.941223 -0.212399 -0.262651 0.0573467 -0.33512 -0.489688 -0.804922 -0.156214 -0.042348 -0.845631 0.532085 0.0161231 0 0 0 1 
0.880322 0.472585 -0.0412014 0.020026 0.470781 -0.88102 -0.0465744 -0.337591 0.0583095 -0.0216036 0.998065 -0.0484059 0 0 0 1 
0.931508 0.363663 -0.00646127 0.0109256 0.363705 -0.931484 0.00744434 -0.367948 0.00331139 0.0092845 0.999952 -0.0518418 0 0 0 1 
0.967154 0.248932 0.051444 0.000114091 0.246193 -0.967706 0.0541692 -0.397632 -0.063267 0.0397247 0.997206 -0.0608323 0 0 0 1 
0.992528 0.0842485 0.0882605 -0.00723948 0.0920662 -0.991803 -0.0886075 -0.368968 -0.080072 -0.0960713 0.992149 -0.0718337 0 0 0 1 
0.975531 -0.0557575 -0.212673 0.0710399 -0.203998 -0.590301 -0.78098 -0.122426 0.0819954 -0.805255 0.587231 0.0420615 0 0 0 1 
0.867899 -0.111461 -0.484075 0.146947 -0.495612 -0.128636 -0.858965 -0.12732 -0.0334713 -0.985408 0.166884 0.162134 0 0 0 1 
0.867898 -0.111461 -0.484075 0.146947 -0.495613 -0.128636 -0.858965 -0.12732 -0.0334712 -0.985408 0.166885 0.162134 0 0 0 1 
0.867898 -0.111461 -0.484075 0.146947 -0.495613 -0.128636 -0.858965 -0.12732 -0.0334712 -0.985408 0.166885 0.162134 0 0 0 1 
0.885549 0.0472737 -0.462135 0.135163 -0.453417 0.304408 -0.837704 -0.147426 -0.101076 -0.951368 -0.291003 0.307289 0 0 0 1 
0.908946 0.201128 -0.365193 0.100158 -0.388501 0.726448 -0.56687 -0.245216 -0.15128 -0.657131 -0.73844 0.441069 0 0 0 1 
0.927148 0.264216 -0.265682 0.0664602 -0.340444 0.890184 -0.302772 -0.331451 -0.156508 -0.371164 -0.915282 0.486767 0 0 0 1 
0.934036 0.238351 -0.266018 0.0667939 -0.332565 0.852034 -0.404276 -0.289038 -0.130296 -0.466076 -0.875098 0.472739 0 0 0 1 
0.938128 0.224709 -0.26348 0.0653532 -0.333502 0.79113 -0.512728 -0.243998 -0.0932328 -0.568875 -0.817122 0.453005 0 0 0 1 
0.940389 0.218019 -0.261032 0.0637837 -0.334927 0.727042 -0.599361 -0.207848 -0.0591091 -0.651059 -0.756723 0.432168 0 0 0 1 
0.941223 0.215635 -0.260001 0.06304 -0.335121 0.692612 -0.638735 -0.191358 -0.0423459 -0.688324 -0.724166 0.420782 0 0 0 1 
0.841311 0.121802 0.52665 -0.218087 0.363426 -0.848674 -0.384285 -0.210819 -0.400147 -0.514701 0.758264 -0.00182599 0 0 0 1 
0.857322 0.0786787 0.508732 -0.208962 0.354268 -0.80718 -0.472182 -0.172388 -0.373487 -0.585039 0.719887 0.0190845 0 0 0 1 
0.872788 0.0348798 0.486851 -0.18887 0.340241 -0.758642 -0.555606 -0.13755 -0.349966 -0.650573 0.674001 0.0365333 0 0 0 1 
0.904528 -0.0290593 0.425424 -0.154809 0.304453 -0.654524 -0.692031 -0.0982333 -0.29856 -0.755482 0.583188 0.0678877 0 0 0 1 
0.96808 -0.120598 0.21972 -0.106631 0.16534 -0.351563 -0.921448 -0.0248037 -0.18837 -0.928364 0.320401 0.121798 0 0 0 1 
0.991637 -0.126286 -0.0266231 -0.0268624 -0.024523 0.0181554 -0.999534 -0.0195742 -0.12671 -0.991827 -0.0149066 0.226503 0 0 0 1 
0.991637 -0.126286 -0.026623 -0.0268625 -0.0245229 0.0181554 -0.999534 -0.0195743 -0.12671 -0.991827 -0.0149066 0.226503 0 0 0 1 
0.991637 -0.126286 -0.026623 -0.0268625 -0.0245229 0.0181554 -0.999534 -0.0195743 -0.12671 -0.991827 -0.0149066 0.226503 0 0 0 1 
0.990815 -0.128617 -0.0417598 -0.0264941 -0.041228 0.00679552 -0.999127 -0.0402216 -0.128788 -0.991671 -0.00143041 0.18594 0 0 0 1 
0.989409 -0.132657 -0.0589287 -0.0185499 -0.0602829 -0.00621172 -0.998162 -0.0394928 -0.132047 -0.991143 0.0141431 0.133783 0 0 0 1 
0.988559 -0.135198 -0.0668764 -0.0108146 -0.0692974 -0.0132751 -0.997508 -0.0253021 -0.133974 -0.990729 0.0224922 0.102401 0 0 0 1 
0.989139 -0.134006 -0.0603921 -0.0137514 -0.0624491 -0.0111955 -0.997985 -0.0239681 -0.133059 -0.990918 0.0194424 0.103975 0 0 0 1 
0.990269 -0.131231 -0.0463267 -0.0201017 -0.0473137 -0.00441065 -0.99887 -0.0207055 -0.130878 -0.991342 0.0105768 0.108522 0 0 0 1 
0.991214 -0.128298 -0.0321639 -0.0265278 -0.0319923 0.00339928 -0.999483 -0.0174404 -0.128341 -0.99173 0.000735169 0.113567 0 0 0 1 
0.991573 -0.127134 -0.0249037 -0.0298409 -0.0242504 0.00668323 -0.999684 -0.0158619 -0.12726 -0.991863 -0.00354392 0.115808 0 0 0 1 
0.812231 -0.0893151 0.576459 -0.283954 0.39818 -0.637296 -0.659777 -0.0327175 -0.426303 -0.765426 0.482068 0.0866468 0 0 0 1 
