a
24
31
20
0
-0.829015 -0.543285 -0.132576 -0.25659 0.00362743 -0.242289 0.970197 -0.143643 0.559215 -0.803827 -0.202832 -0.485827 0 0 0 1 
-0.857979 -0.50374 -0.100581 -0.299568 0.00294138 -0.200619 0.979665 -0.472561 0.513675 -0.840237 -0.173609 -0.429267 0 0 0 1 
-0.882235 -0.466189 -0.065796 -0.341258 0.00580436 -0.15051 0.988591 -0.839077 0.470774 -0.871788 -0.135491 -0.355494 0 0 0 1 
-0.908309 -0.416364 -0.0402086 -0.392523 0.00957742 -0.116799 0.99311 -1.14102 0.418191 -0.901665 -0.110077 -0.306307 0 0 0 1 
-0.939645 -0.340341 -0.0351544 -0.462959 0.00765045 -0.123618 0.9923 -1.27052 0.342067 -0.932141 -0.118761 -0.323115 0 0 0 1 
-0.964 -0.246064 -0.10078 -0.606427 -0.0333514 -0.264126 0.963911 -0.838107 0.263803 -0.932572 -0.24641 -0.57017 0 0 0 1 
-0.988693 0.0492562 -0.141637 -0.669048 -0.149559 -0.392669 0.907438 -0.26511 0.0109196 -0.91836 -0.395596 -0.858905 0 0 0 1 
-0.48489 0.87104 0.0785586 -0.242877 -0.199858 -0.197807 0.959651 -0.164056 -0.851434 -0.449624 -0.269999 -0.615823 0 0 0 1 
0.503803 0.860492 0.0757328 -0.248346 -0.050299 -0.0583006 0.997031 -0.0917089 -0.862353 0.506117 -0.01391 -0.120183 0 0 0 1 
0.988693 0.0281609 -0.147289 -0.679987 0.149559 -0.113656 0.982199 -0.120415 -0.0109194 0.993121 0.116582 0.132374 0 0 0 1 
0.48489 -0.793623 -0.367484 -1.10616 0.199857 -0.308518 0.929986 -0.221469 0.851434 0.524385 -0.00901422 -0.110708 0 0 0 1 
-0.470048 -0.666631 -0.578496 -1.51455 -0.0590772 -0.630183 0.774196 -0.522989 0.880662 -0.398085 -0.256834 -0.590343 0 0 0 1 
-0.867091 0.248553 -0.431712 -1.23046 -0.481332 -0.641319 0.59752 -0.864931 0.12835 -0.7259 -0.675718 -1.40106 0 0 0 1 
-0.481559 0.798806 0.36057 0.302933 -0.77182 -0.581444 0.257325 -1.52335 -0.415204 0.154378 -0.896534 -1.82843 0 0 0 1 
0.684785 0.718843 -0.119728 -0.626644 -0.576206 0.634674 0.514952 -1.02474 -0.446157 0.283643 -0.848817 -1.73608 0 0 0 1 
0.374968 -0.400912 -0.835864 -2.01267 0.70362 0.710138 -0.0249655 -2.0697 -0.603588 0.578769 -0.548369 -1.15459 0 0 0 1 
0.556984 -0.829731 0.0362697 -0.324724 0.828698 0.558124 0.0419258 -1.94024 0.05503 -0.00670466 -0.998462 -2.02571 0 0 0 1 
0.54037 -0.833355 0.11627 -0.16989 0.834238 0.548639 0.0551585 -2.25145 0.109757 -0.0671909 -0.991685 -2.01259 0 0 0 1 
0.529732 -0.833241 0.158407 -0.0883368 0.83682 0.543895 0.0625303 -2.59278 0.13826 -0.0994339 -0.985392 -2.00041 0 0 0 1 
0.526368 -0.832938 0.170736 -0.0644757 0.837531 0.542541 0.0647409 -2.95749 0.146556 -0.108919 -0.983188 -1.99614 0 0 0 1 
0.529068 -0.83319 0.160875 -0.0835609 0.836964 0.543623 0.0629708 -3.33795 0.139922 -0.10133 -0.984964 -1.99958 0 0 0 1 
0.535519 -0.833478 0.136138 -0.131436 0.835485 0.54638 0.0585992 -3.72612 0.123224 -0.0823604 -0.988955 -2.00731 0 0 0 1 
0.543262 -0.833119 0.10382 -0.193985 0.83343 0.550074 0.0530341 -4.11393 0.101293 -0.0577158 -0.993181 -2.01548 0 0 0 1 
0.550269 -0.831933 0.0713549 -0.256819 0.831229 0.553887 0.0476074 -4.49342 0.0791288 -0.0331154 -0.996314 -2.02155 0 0 0 1 
0.555154 -0.830457 0.046305 -0.305301 0.829438 0.5569 0.0435315 -4.8569 0.0619383 -0.0142405 -0.997978 -2.02477 0 0 0 1 
0.556984 -0.829731 0.0362697 -0.324724 0.828698 0.558124 0.0419258 -5.19684 0.05503 -0.00670466 -0.998462 -2.02571 0 0 0 1 
0.556984 -0.829731 0.0362697 -0.324724 0.828698 0.558124 0.0419258 -5.19684 0.05503 -0.00670466 -0.998462 -2.02571 0 0 0 1 
0.556984 -0.829731 0.0362697 -0.324724 0.828698 0.558124 0.0419258 -5.19684 0.05503 -0.00670466 -0.998462 -2.02571 0 0 0 1 
0.556984 -0.829731 0.0362697 -0.324724 0.828698 0.558124 0.0419258 -5.19684 0.05503 -0.00670466 -0.998462 -2.02571 0 0 0 1 
0.556984 -0.829731 0.0362697 -0.324724 0.828698 0.558124 0.0419258 -5.19684 0.05503 -0.00670466 -0.998462 -2.02571 0 0 0 1 
-0.829015 -0.543285 -0.132576 -0.25659 0.00362744 -0.242289 0.970197 -0.143643 0.559215 -0.803827 -0.202832 -0.485827 0 0 0 1 
-0.694658 -0.719231 0.012553 -0.0940735 -2.93556e-06 0.0174535 0.999848 -0.0925106 0.719341 -0.694552 0.0121263 -0.184103 0 0 0 1 
-0.796083 -0.602471 0.0572699 -0.131829 -0.0276712 0.130769 0.991027 -0.44515 0.604554 -0.787355 0.120774 -0.0435139 0 0 0 1 
-0.884294 -0.45806 0.0905837 -0.185157 -0.0335949 0.25591 0.966116 -0.854377 0.46572 -0.851288 0.241689 0.116525 0 0 0 1 
-0.943161 -0.318494 0.0949139 -0.272589 -0.0260411 0.355545 0.934296 -1.20168 0.331314 -0.878721 0.34363 0.249422 0 0 0 1 
-0.971906 -0.225956 0.0658997 -0.395842 -0.0314762 0.402245 0.914991 -1.35472 0.233255 -0.887211 0.398056 0.310918 0 0 0 1 
-0.926894 -0.375322 9.50712e-05 -0.555705 -0.111413 0.275386 0.954856 -0.835549 0.358405 -0.88504 0.297069 0.140015 0 0 0 1 
-0.897976 -0.410369 -0.158859 -0.796908 -0.208634 0.0791843 0.974783 -0.162107 0.387441 -0.908476 0.156722 -0.100657 0 0 0 1 
-0.741692 0.534288 -0.405498 -0.962778 -0.328308 0.238 0.914095 -0.221689 -0.584899 -0.811106 0.0011113 -0.332416 0 0 0 1 
0.175088 0.90427 -0.389409 -0.841937 -0.242658 0.422952 0.873057 -0.242209 -0.954181 0.058369 -0.293483 -0.596521 0 0 0 1 
0.935585 0.329596 -0.12668 -0.555226 -0.0373341 0.449088 0.892707 -0.203146 -0.351123 0.830474 -0.432465 -0.628867 0 0 0 1 
0.779301 -0.615061 0.119959 -0.389356 0.0823402 0.290273 0.953395 -0.143565 0.621217 0.733104 -0.276854 -0.397108 0 0 0 1 
-0.097297 -0.985552 -0.138639 -0.966281 -0.0208371 -0.137252 0.990317 -0.207598 0.995037 -0.0992437 0.00718184 -0.141095 0 0 0 1 
-0.786623 -0.349581 -0.508938 -1.43727 -0.369087 -0.394562 0.841484 -0.558354 0.494974 -0.849773 -0.181346 -0.719049 0 0 0 1 
-0.776385 0.617015 -0.128529 -0.416019 -0.58305 -0.625697 0.518224 -1.23183 -0.239332 -0.47728 -0.845532 -1.82379 0 0 0 1 
0.429345 0.767198 -0.476519 -1.05657 -0.84481 0.527708 0.0884346 -1.6621 -0.31931 -0.364599 -0.874705 -1.84017 0 0 0 1 
0.653778 -0.578984 -0.487188 -1.51256 0.429092 0.813987 -0.391542 -2.50876 -0.623261 -0.0469335 -0.780604 -1.55336 0 0 0 1 
0.770378 -0.418068 0.48139 0.351449 0.57852 0.77572 -0.252136 -2.26402 0.268014 -0.472734 -0.839459 -1.82607 0 0 0 1 
0.73896 -0.388136 0.550717 0.491924 0.583803 0.776896 -0.235812 -2.57002 0.336322 -0.495765 -0.80069 -1.76275 0 0 0 1 
0.720025 -0.371511 0.586126 0.564185 0.586107 0.777781 -0.227013 -2.9089 0.371539 -0.506988 -0.777767 -1.7244 0 0 0 1 
0.714167 -0.366532 0.596338 0.585097 0.586718 0.778075 -0.224412 -3.27293 0.381742 -0.51015 -0.770727 -1.71251 0 0 0 1 
0.718865 -0.370518 0.588175 0.568379 0.586232 0.777838 -0.226494 -3.65393 0.373585 -0.507625 -0.77637 -1.72204 0 0 0 1 
0.73024 -0.380372 0.567509 0.526147 0.584931 0.77729 -0.231681 -4.04351 0.352994 -0.501136 -0.7901 -1.7451 0 0 0 1 
0.744236 -0.392933 0.540107 0.470343 0.583058 0.77667 -0.238385 -4.43325 0.325816 -0.492328 -0.807129 -1.77342 0 0 0 1 
0.757322 -0.405201 0.512129 0.413579 0.580981 0.776155 -0.245038 -4.81482 0.298202 -0.48311 -0.823214 -1.79981 0 0 0 1 
0.766758 -0.414429 0.490235 0.369303 0.579247 0.775832 -0.250116 -5.17998 0.276685 -0.475746 -0.834932 -1.8188 0 0 0 1 
0.770378 -0.418068 0.48139 0.351449 0.578521 0.77572 -0.252136 -5.52061 0.268014 -0.472734 -0.839459 -1.82607 0 0 0 1 
0.770378 -0.418068 0.48139 0.351449 0.57852 0.77572 -0.252136 -5.52061 0.268014 -0.472734 -0.839459 -1.82607 0 0 0 1 
0.770378 -0.418068 0.48139 0.351449 0.57852 0.77572 -0.252136 -5.52061 0.268014 -0.472734 -0.839459 -1.82607 0 0 0 1 
0.770378 -0.418068 0.48139 0.351449 0.57852 0.77572 -0.252136 -5.52061 0.268014 -0.472734 -0.839459 -1.82607 0 0 0 1 
0.770378 -0.418068 0.48139 0.351449 0.57852 0.77572 -0.252136 -5.52061 0.268014 -0.472734 -0.839459 -1.82607 0 0 0 1 
-0.694657 -0.719231 0.012553 -0.0940735 -2.92392e-06 0.0174535 0.999848 -0.0925106 0.719341 -0.694551 0.0121263 -0.184103 0 0 0 1 
-0.694658 -0.691475 0.198276 -0.13433 -3.17155e-06 0.275638 0.961262 -0.071593 0.719341 -0.667747 0.191476 -0.222978 0 0 0 1 
-0.821206 -0.522834 0.228616 -0.1664 -0.0227219 0.430279 0.90241 -0.411068 0.570179 -0.73587 0.365228 -0.0957898 0 0 0 1 
-0.91984 -0.322213 0.223771 -0.208512 -0.00943846 0.588428 0.808494 -0.803277 0.392181 -0.741573 0.544301 0.0539992 0 0 0 1 
-0.975749 -0.138615 0.169409 -0.280711 0.0238901 0.701878 0.711896 -1.13542 0.217584 -0.69868 0.681546 0.182337 0 0 0 1 
-0.996378 -0.0208666 0.0824417 -0.389791 0.0388505 0.750665 0.65954 -1.28097 0.0756486 -0.660354 0.747134 0.24356 0 0 0 1 
-0.987963 -0.152911 0.0234061 -0.550345 -0.0785457 0.62622 0.77568 -0.778753 0.133267 -0.764505 0.630692 0.0710612 0 0 0 1 
-0.960486 -0.206651 -0.186447 -0.781043 -0.258168 0.411164 0.874239 -0.12381 0.104002 -0.887829 0.448268 -0.164941 0 0 0 1 
-0.526787 0.555352 -0.64349 -0.908498 -0.323285 0.569251 0.755937 -0.170529 -0.786118 -0.606249 0.120337 -0.349363 0 0 0 1 
0.452229 0.678054 -0.579424 -0.810158 -0.186308 0.707133 0.682094 -0.185944 -0.872226 0.200511 -0.446113 -0.555592 0 0 0 1 
0.997546 0.0387524 -0.0583145 -0.584363 0.0157872 0.686929 0.726553 -0.154638 -0.0682135 0.725691 -0.684632 -0.577399 0 0 0 1 
0.563847 -0.723251 0.398728 -0.456909 0.0809048 0.528842 0.844855 -0.107921 0.821907 0.44411 -0.356701 -0.392977 0 0 0 1 
-0.356796 -0.927649 0.110289 -1.01925 -0.140233 0.169907 0.975432 -0.189657 0.923597 -0.332564 0.190709 -0.193276 0 0 0 1 
-0.808008 -0.280771 -0.517968 -1.43198 -0.532914 -0.0266169 0.845751 -0.54181 0.251249 -0.959406 0.12812 -0.793541 0 0 0 1 
-0.559803 0.72182 -0.406936 -0.348709 -0.775383 -0.283115 0.564471 -1.22589 -0.292237 -0.631523 -0.718176 -1.85963 0 0 0 1 
0.6644 0.463667 -0.586161 -1.04646 -0.668158 0.719907 -0.187878 -1.5911 -0.334869 -0.516474 -0.78811 -1.86678 0 0 0 1 
0.504097 -0.838059 -0.20867 -1.58724 0.670188 0.531984 -0.517534 -2.49397 -0.544733 -0.121039 -0.829829 -1.54587 0 0 0 1 
0.5804 -0.432629 0.689905 0.304077 0.790915 0.50119 -0.351088 -2.25492 0.193882 -0.749427 -0.633063 -1.88543 0 0 0 1 
0.552962 -0.376886 0.743095 0.449392 0.794945 0.505794 -0.335015 -2.5607 0.24959 -0.77597 -0.579289 -1.82564 0 0 0 1 
0.53656 -0.346475 0.769454 0.524335 0.796669 0.50864 -0.326504 -2.89942 0.278249 -0.788189 -0.548941 -1.789 0 0 0 1 
0.531501 -0.337436 0.776945 0.546049 0.79712 0.509528 -0.324008 -3.26341 0.286543 -0.791529 -0.539792 -1.77759 0 0 0 1 
0.535557 -0.344671 0.770961 0.528689 0.796761 0.508815 -0.326005 -3.64445 0.279913 -0.788866 -0.54712 -1.78674 0 0 0 1 
0.545399 -0.362639 0.755668 0.484869 0.795793 0.507099 -0.331006 -4.03412 0.263163 -0.781885 -0.565156 -1.80881 0 0 0 1 
0.557548 -0.385731 0.735086 0.427037 0.794382 0.505009 -0.337524 -4.42398 0.241032 -0.772125 -0.587985 -1.83578 0 0 0 1 
0.568957 -0.408501 0.713733 0.36829 0.792803 0.503082 -0.344053 -4.80564 0.21852 -0.761601 -0.610092 -1.86077 0 0 0 1 
0.57722 -0.425778 0.6968 0.322521 0.791474 0.501711 -0.349078 -5.17087 0.200962 -0.752994 -0.62659 -1.87862 0 0 0 1 
0.5804 -0.432629 0.689905 0.304077 0.790915 0.50119 -0.351088 -5.51152 0.193882 -0.749427 -0.633063 -1.88543 0 0 0 1 
0.5804 -0.432629 0.689905 0.304077 0.790915 0.50119 -0.351088 -5.51152 0.193882 -0.749427 -0.633063 -1.88543 0 0 0 1 
0.5804 -0.432629 0.689905 0.304077 0.790915 0.50119 -0.351088 -5.51152 0.193882 -0.749427 -0.633063 -1.88543 0 0 0 1 
0.5804 -0.432629 0.689905 0.304077 0.790915 0.50119 -0.351088 -5.51152 0.193882 -0.749427 -0.633063 -1.88543 0 0 0 1 
0.5804 -0.432629 0.689905 0.304077 0.790915 0.50119 -0.351088 -5.51152 0.193882 -0.749427 -0.633063 -1.88543 0 0 0 1 
-0.694657 -0.691475 0.198276 -0.13433 -3.15991e-06 0.275638 0.961262 -0.071593 0.719341 -0.667747 0.191476 -0.222978 0 0 0 1 
-0.694658 -0.710484 -0.112531 0.588737 -2.84429e-06 -0.156433 0.987689 0.180093 0.719341 -0.686105 -0.108666 0.475282 0 0 0 1 
-0.821206 -0.560861 0.105144 0.142853 -0.0227221 0.216253 0.976073 -0.424635 0.570178 -0.799168 0.190332 0.349076 0 0 0 1 
-0.91984 -0.320906 0.225641 -0.213726 -0.00943882 0.593122 0.805058 -0.798821 0.39218 -0.738395 0.548606 0.0418782 0 0 0 1 
-0.97575 -0.103743 0.192744 -0.35915 0.0238899 0.824819 0.564892 -0.888694 0.217582 -0.555798 0.802338 -0.196518 0 0 0 1 
-0.996378 0.00118266 0.0850315 -0.411625 0.0388505 0.895788 0.442781 -0.89106 0.0756467 -0.44448 0.892588 -0.244286 0 0 0 1 
-0.987963 -0.154054 0.0140267 -0.528115 -0.078546 0.577697 0.812463 -0.827664 0.133267 -0.801582 0.582844 0.207036 0 0 0 1 
-0.960486 -0.0903501 -0.263256 -0.689728 -0.258167 -0.0642276 0.963963 0.0146973 0.104002 -0.993837 -0.0383642 1.02223 0 0 0 1 
-0.526788 0.797692 -0.293568 -1.8821 -0.323285 0.131393 0.937136 -0.267893 -0.786118 -0.588578 -0.188666 0.343099 0 0 0 1 
0.452228 0.87395 -0.178048 -1.86766 -0.186307 0.287787 0.939398 -0.470367 -0.872226 0.391651 -0.292969 -1.04313 0 0 0 1 
0.997546 0.0621652 -0.032216 -0.660832 0.0157876 0.248562 0.968488 -0.390249 -0.0682139 0.966619 -0.246971 -1.75023 0 0 0 1 
0.563847 -0.825877 -0.00190367 0.531545 0.0809052 0.0529418 0.995315 -0.107659 0.821907 0.561359 -0.0966688 -1.0711 0 0 0 1 
-0.356796 -0.86481 -0.353272 -0.00666407 -0.140232 -0.324295 0.935504 0.258332 0.923597 -0.383324 0.00556714 0.265921 0 0 0 1 
-0.808008 0.00554803 -0.589145 -1.47628 -0.532914 -0.433308 0.726806 0.0233247 0.251249 -0.901229 -0.353073 0.262657 0 0 0 1 
-0.559803 0.828604 -0.00596835 -1.34093 -0.775383 -0.521279 0.356441 -0.579135 -0.292237 -0.204164 -0.934299 -1.67498 0 0 0 1 
0.6644 0.68971 -0.287878 -1.89044 -0.668158 0.72073 0.184697 -2.44201 -0.33487 -0.0696358 -0.939688 -1.8435 0 0 0 1 
0.504097 -0.631818 -0.588807 -0.868595 0.670188 0.716189 -0.194735 -3.36369 -0.544733 0.296446 -0.784465 -1.95086 0 0 0 1 
0.5804 -0.712858 0.393661 1.18254 0.790914 0.608562 -0.0640872 -2.98747 0.193882 -0.348549 -0.917019 -1.52684 0 0 0 1 
0.552963 -0.689891 0.467207 1.30506 0.794945 0.604796 -0.0477977 -3.2877 0.24959 -0.397834 -0.882855 -1.40588 0 0 0 1 
0.53656 -0.676072 0.505005 1.36588 0.796668 0.603159 -0.0389739 -3.62389 0.278249 -0.423233 -0.862236 -1.33751 0 0 0 1 
0.531501 -0.671799 0.515939 1.38318 0.797119 0.602726 -0.0363599 -3.98719 0.286543 -0.43059 -0.855854 -1.31689 0 0 0 1 
0.535557 -0.675225 0.507198 1.36936 0.796761 0.60307 -0.0384519 -4.36878 0.279912 -0.424708 -0.860972 -1.33341 0 0 0 1 
0.545399 -0.683526 0.485111 1.33406 0.795793 0.603994 -0.0436586 -4.75989 0.263162 -0.409859 -0.873362 -1.37405 0 0 0 1 
0.557549 -0.693745 0.455914 1.2866 0.794382 0.605326 -0.0503721 -5.15177 0.241031 -0.390255 -0.888597 -1.42546 0 0 0 1 
0.568958 -0.703307 0.4262 1.2374 0.792803 0.606805 -0.057017 -5.53563 0.21852 -0.370333 -0.902831 -1.4752 0 0 0 1 
0.577221 -0.710209 0.403013 1.19841 0.791474 0.608042 -0.0620767 -5.90266 0.200962 -0.354806 -0.913087 -1.5123 0 0 0 1 
0.5804 -0.712858 0.393661 1.18254 0.790915 0.608562 -0.0640872 -6.24406 0.193882 -0.348549 -0.917019 -1.52684 0 0 0 1 
0.5804 -0.712858 0.393661 1.18254 0.790914 0.608562 -0.0640872 -6.24406 0.193882 -0.348549 -0.917019 -1.52684 0 0 0 1 
0.5804 -0.712858 0.393661 1.18254 0.790914 0.608562 -0.0640872 -6.24406 0.193882 -0.348549 -0.917019 -1.52684 0 0 0 1 
0.5804 -0.712858 0.393661 1.18254 0.790914 0.608562 -0.0640872 -6.24406 0.193882 -0.348549 -0.917019 -1.52684 0 0 0 1 
0.5804 -0.712858 0.393661 1.18254 0.790914 0.608562 -0.0640872 -6.24406 0.193882 -0.348548 -0.917019 -1.52685 0 0 0 1 
-0.694657 -0.710485 -0.112531 0.588737 -2.83265e-06 -0.156433 0.987689 0.180093 0.719341 -0.686105 -0.108666 0.475281 0 0 0 1 
-0.694659 -0.691474 0.198276 -0.13433 -2.11014e-06 0.275639 0.961262 -0.0715934 0.71934 -0.667748 0.191476 -0.222978 0 0 0 1 
-0.697331 -0.669783 0.255186 -0.225543 -0.0723923 0.420028 0.90462 -0.386421 0.713084 -0.612346 0.341386 -0.167961 0 0 0 1 
-0.696901 -0.660132 0.280277 -0.305009 -0.191087 0.547603 0.814627 -0.708475 0.691242 -0.514157 0.507768 -0.110276 0 0 0 1 
-0.719726 -0.64168 0.265029 -0.406817 -0.292064 0.626169 0.722919 -0.969529 0.629835 -0.442898 0.638082 -0.036428 0 0 0 1 
-0.781698 -0.578911 0.23197 -0.573019 -0.294427 0.670453 0.681033 -1.12363 0.549783 -0.464064 0.694539 0.0307692 0 0 0 1 
-0.903361 -0.314498 0.2916 -1.01995 0.0301058 0.631731 0.774603 -0.833536 0.427824 -0.708525 0.561213 0.0281693 0 0 0 1 
-0.965827 0.174631 0.191525 -1.59228 0.256673 0.541752 0.80039 -0.295939 -0.0360143 -0.822197 0.568062 -0.333044 0 0 0 1 
-0.514475 0.669485 -0.535823 -1.14848 0.208175 0.703681 0.679335 -0.34742 -0.831852 -0.237956 0.501397 -1.14126 0 0 0 1 
0.391422 0.401746 -0.827882 -0.235507 0.34346 0.770869 0.536467 -0.212969 -0.853712 0.494329 -0.163751 -1.1761 0 0 0 1 
0.845967 -0.360846 -0.392595 0.233678 0.527241 0.676128 0.514654 -0.0270367 -0.0797339 0.642372 -0.762234 -0.402722 0 0 0 1 
0.394615 -0.855699 0.334752 -0.210115 0.575738 0.514199 0.635709 0.0244447 0.716104 0.0581303 -0.695569 0.405495 0 0 0 1 
-0.575888 -0.702059 0.418888 -1.54341 0.315788 0.281584 0.906084 -0.333638 0.754076 -0.654082 -0.0595409 0.455192 0 0 0 1 
-0.988777 0.0227165 -0.147658 -2.11381 -0.137602 0.246408 0.959348 -1.04104 -0.0581772 -0.9689 0.240516 -0.836682 0 0 0 1 
-0.394816 0.852202 -0.343325 -0.591982 -0.54125 0.0862167 0.836431 -1.96273 -0.742408 -0.51606 -0.427214 -2.19708 0 0 0 1 
0.498505 0.121338 -0.858353 -0.35303 -0.403326 0.908925 -0.105752 -1.93853 -0.767346 -0.398914 -0.502043 -2.20506 0 0 0 1 
0.0688005 -0.981482 -0.178773 -1.37156 0.553149 0.186659 -0.811902 -1.78418 -0.830237 0.0430286 -0.555748 -1.95289 0 0 0 1 
0.61985 -0.574703 0.534325 0.614023 0.710945 0.123042 -0.692401 -1.46781 -0.332181 -0.80906 -0.484849 -1.86637 0 0 0 1 
0.635764 -0.508966 0.580309 0.746972 0.722195 0.126843 -0.67996 -1.7704 -0.272468 -0.85139 -0.448214 -1.77221 0 0 0 1 
0.642184 -0.47273 0.603428 0.814212 0.727937 0.129391 -0.673324 -2.10767 -0.240223 -0.871656 -0.42721 -1.71774 0 0 0 1 
0.643801 -0.461914 0.610046 0.833513 0.729593 0.130209 -0.671371 -2.47126 -0.230683 -0.877315 -0.420838 -1.70114 0 0 0 1 
0.642517 -0.470573 0.604758 0.818089 0.72827 0.129552 -0.672934 -2.85261 -0.238317 -0.872798 -0.425944 -1.71444 0 0 0 1 
0.638962 -0.492021 0.591306 0.778921 0.724918 0.127996 -0.676839 -3.24311 -0.257334 -0.861123 -0.438459 -1.74695 0 0 0 1 
0.633606 -0.519457 0.573331 0.726735 0.720473 0.126162 -0.68191 -3.63414 -0.281889 -0.845132 -0.454192 -1.78766 0 0 0 1 
0.627423 -0.54636 0.554825 0.673174 0.715934 0.124543 -0.68697 -4.01706 -0.306234 -0.828239 -0.469299 -1.82655 0 0 0 1 
0.62211 -0.566673 0.540241 0.631075 0.71238 0.123445 -0.690851 -4.38332 -0.324797 -0.814643 -0.480483 -1.85521 0 0 0 1 
0.61985 -0.574703 0.534325 0.614023 0.710945 0.123042 -0.692401 -4.7244 -0.33218 -0.80906 -0.484849 -1.86637 0 0 0 1 
0.61985 -0.574703 0.534325 0.614023 0.710945 0.123042 -0.692401 -4.7244 -0.332181 -0.80906 -0.484849 -1.86637 0 0 0 1 
0.61985 -0.574703 0.534325 0.614023 0.710945 0.123042 -0.692401 -4.7244 -0.332181 -0.80906 -0.484849 -1.86637 0 0 0 1 
0.61985 -0.574703 0.534325 0.614023 0.710945 0.123042 -0.692401 -4.7244 -0.332181 -0.80906 -0.484849 -1.86637 0 0 0 1 
0.61985 -0.574703 0.534325 0.614023 0.710945 0.123042 -0.692401 -4.7244 -0.33218 -0.80906 -0.484849 -1.86637 0 0 0 1 
-0.694658 -0.691474 0.198276 -0.13433 -2.09222e-06 0.275639 0.961262 -0.0715934 0.71934 -0.667748 0.191476 -0.222978 0 0 0 1 
-0.982893 -0.149942 -0.106949 0.575011 -0.00957779 -0.53829 0.842705 0.541568 0.183926 -0.829314 -0.527646 1.92209 0 0 0 1 
-0.961736 -0.0835431 -0.26093 0.737092 -0.169029 -0.568602 0.80506 0.445522 0.215622 -0.81836 -0.532723 2.16563 0 0 0 1 
-0.899334 -0.00719205 -0.437205 0.815923 -0.345282 -0.601803 0.720148 0.30259 0.26829 -0.798613 -0.538738 2.38916 0 0 0 1 
-0.839742 0.0631185 -0.539305 0.669373 -0.466345 -0.592587 0.656782 0.0705659 0.27813 -0.80303 -0.527055 2.55192 0 0 0 1 
-0.860078 0.103114 -0.499633 0.32897 -0.476683 -0.51137 0.715035 -0.239622 0.181767 -0.853152 -0.48897 2.69139 0 0 0 1 
-0.992275 0.107982 0.061073 -0.725153 0.0420597 -0.170315 0.984492 -0.763118 -0.116709 -0.979455 -0.164458 2.25565 0 0 0 1 
-0.632239 0.514093 0.57964 -2.96007 0.730058 0.144818 0.667864 -0.752606 -0.259402 -0.845421 0.466877 0.238114 0 0 0 1 
-0.250967 0.941116 -0.226533 -2.23481 0.733366 0.337604 0.590083 -0.979571 -0.631814 0.0180404 0.77491 -2.05005 0 0 0 1 
0.254726 0.399075 -0.880826 0.0945036 0.830944 0.375571 0.41046 -0.705973 -0.494617 0.836472 0.235941 -2.60916 0 0 0 1 
0.379147 -0.569989 -0.728945 1.69857 0.925215 0.220752 0.30862 -0.20541 0.0149935 0.791443 -0.61106 -0.880112 0 0 0 1 
-0.00212428 -0.997011 0.0772289 0.973312 0.921907 0.0279665 0.386401 0.0215573 0.387406 -0.0720189 -0.919092 1.40805 0 0 0 1 
-0.682522 -0.470483 0.559293 -1.6807 0.68151 -0.133251 0.719575 -0.503697 0.264022 -0.87229 -0.411586 1.99072 0 0 0 1 
-0.833622 0.482965 0.26799 -3.26076 0.314754 0.0166801 0.949027 -1.7301 -0.453876 -0.875481 0.16592 -0.0522672 0 0 0 1 
-0.00248869 0.996358 -0.0852324 -1.76971 -0.129799 0.08419 0.98796 -2.93905 -0.991538 -0.0135217 -0.129117 -2.45281 0 0 0 1 
0.191806 0.119162 -0.974172 0.380954 0.0939557 0.985813 0.139085 -3.25254 -0.976925 0.118206 -0.177889 -2.5796 0 0 0 1 
-0.490077 -0.829325 -0.268412 -0.297819 0.283151 0.139768 -0.948836 -1.06205 -0.824409 0.541004 -0.166327 -2.80801 0 0 0 1 
0.382807 -0.904085 0.189973 1.7349 0.416592 -0.0146077 -0.908976 -0.534366 -0.824567 -0.427104 -0.371042 -1.33915 0 0 0 1 
0.53705 -0.840888 0.0669702 1.87372 0.437333 0.209662 -0.874518 -1.00029 -0.721331 -0.498948 -0.480347 -1.08794 0 0 0 1 
0.658504 -0.749974 -0.0625454 1.93514 0.423242 0.437774 -0.793234 -1.52992 -0.622285 -0.495876 -0.605696 -0.945102 0 0 0 1 
0.753502 -0.629009 -0.191265 1.93342 0.373036 0.648604 -0.663443 -2.10029 -0.541368 -0.428557 -0.723368 -0.907648 0 0 0 1 
0.824276 -0.474673 -0.308635 1.87348 0.289644 0.821897 -0.490501 -2.68577 -0.486494 -0.314913 -0.814956 -0.95934 0 0 0 1 
0.869664 -0.288074 -0.400871 1.75832 0.179916 0.941178 -0.286034 -3.26036 -0.45969 -0.176631 -0.870337 -1.07493 0 0 0 1 
0.887565 -0.0780624 -0.45402 1.59574 0.0538042 0.996359 -0.0661286 -3.80021 -0.45753 -0.0342651 -0.888534 -1.22508 0 0 0 1 
0.877927 0.139012 -0.458169 1.40197 -0.0770315 0.985467 0.151393 -4.28603 -0.472556 0.0976185 -0.875877 -1.38176 0 0 0 1 
0.844962 0.342767 -0.410549 1.20133 -0.201004 0.914878 0.350137 -4.70484 -0.495618 0.213331 -0.841934 -1.52282 0 0 0 1 
0.797685 0.513554 -0.316167 1.02273 -0.308347 0.79786 0.518018 -5.05047 -0.518286 0.315726 -0.794793 -1.63371 0 0 0 1 
0.797685 0.513554 -0.316167 1.02273 -0.308347 0.797859 0.518018 -5.05047 -0.518287 0.315726 -0.794793 -1.63371 0 0 0 1 
0.797685 0.513554 -0.316167 1.02273 -0.308347 0.797859 0.518018 -5.05047 -0.518287 0.315726 -0.794793 -1.63371 0 0 0 1 
0.797685 0.513554 -0.316167 1.02273 -0.308347 0.797859 0.518018 -5.05047 -0.518286 0.315726 -0.794793 -1.63371 0 0 0 1 
0.797685 0.513554 -0.316167 1.02273 -0.308347 0.797859 0.518018 -5.05047 -0.518287 0.315726 -0.794793 -1.63371 0 0 0 1 
-0.982893 -0.149942 -0.106949 0.575012 -0.00957779 -0.53829 0.842705 0.541568 0.183927 -0.829314 -0.527646 1.92209 0 0 0 1 
-0.728555 -0.353443 -0.586759 -0.282198 0.503662 -0.856976 -0.109164 -1.25506 0.464255 0.37506 -0.80237 -0.0608653 0 0 0 1 
-0.807208 -0.207662 -0.552533 0.216624 0.322203 -0.939328 -0.11768 -1.22632 0.494572 0.273019 -0.825142 0.270236 0 0 0 1 
-0.837839 -0.0143185 -0.54573 0.578092 0.118892 -0.980447 -0.156806 -1.25657 0.532814 0.196261 -0.82316 0.620895 0 0 0 1 
-0.83647 0.115726 -0.535654 0.618219 -0.0729718 -0.992265 -0.100423 -1.19352 0.543132 0.0449136 -0.838445 0.88853 0 0 0 1 
-0.866011 0.102885 -0.489326 0.352581 -0.218591 -0.958037 0.185428 -0.934964 0.449715 -0.267545 -0.85216 1.20699 0 0 0 1 
-0.998503 -0.026087 0.0480879 -0.603122 0.0543279 -0.369393 0.927684 -0.666939 0.00643727 -0.928908 -0.370257 1.73227 0 0 0 1 
-0.525173 0.733262 0.431881 -3.54243 0.772757 0.198353 0.602913 -0.96024 -0.356428 -0.650372 0.670802 0.479804 0 0 0 1 
-0.123558 0.87942 -0.459733 -2.69347 0.800123 0.362323 0.478044 -1.26134 -0.586973 0.308777 0.748411 -2.43851 0 0 0 1 
0.269122 0.119494 -0.955664 0.240772 0.893899 0.338358 0.294036 -0.927716 -0.358493 0.933399 0.015756 -3.21752 0 0 0 1 
0.260187 -0.78659 -0.559982 2.32606 0.960311 0.150424 0.234897 -0.292994 0.100533 0.598874 -0.794508 -1.07821 0 0 0 1 
-0.141428 -0.932748 0.331632 1.47711 0.932944 -0.0135463 0.359766 0.00810528 0.331078 -0.360275 -0.872117 1.8401 0 0 0 1 
-0.71685 -0.205147 0.666363 -1.73785 0.687267 -0.0469371 0.724887 -0.589164 0.117431 -0.977605 -0.174637 2.64654 0 0 0 1 
-0.742841 0.654627 0.140184 -3.74425 0.35654 0.209617 0.910461 -2.03542 -0.566628 -0.726309 0.389113 0.284902 0 0 0 1 
0.136412 0.930785 -0.339165 -2.27096 -0.0715336 0.350726 0.933743 -3.36298 -0.988067 0.103112 -0.114425 -2.55127 0 0 0 1 
0.162591 -0.162224 -0.973267 0.700872 0.240408 0.963179 -0.120381 -3.81483 -0.956958 0.214408 -0.195604 -2.72841 0 0 0 1 
-0.615471 -0.78703 -0.0421787 0.166974 0.256999 -0.149811 -0.954729 -0.748279 -0.745082 0.598448 -0.29447 -3.16323 0 0 0 1 
0.257551 -0.873104 0.413954 2.20737 0.368615 -0.30723 -0.877344 -0.132139 -0.893191 -0.37855 -0.242711 -1.10325 0 0 0 1 
0.410659 -0.866822 0.282807 2.39203 0.421927 -0.0943018 -0.901712 -0.718533 -0.808293 -0.48962 -0.327009 -0.751061 0 0 0 1 
0.534927 -0.83353 0.138134 2.48421 0.445157 0.139089 -0.884584 -1.39948 -0.718115 -0.534679 -0.445454 -0.538211 0 0 0 1 
0.637664 -0.770181 -0.0143329 2.49377 0.434334 0.374845 -0.819051 -2.14359 -0.636191 -0.516054 -0.573542 -0.46935 0 0 0 1 
0.722541 -0.671072 -0.166124 2.41822 0.389105 0.593379 -0.704626 -2.91276 -0.57143 -0.444481 -0.689859 -0.529543 0 0 0 1 
0.789468 -0.532911 -0.304543 2.25315 0.312881 0.776266 -0.547282 -3.66597 -0.528059 -0.336776 -0.779574 -0.688385 0 0 0 1 
0.836242 -0.359034 -0.41448 2.00273 0.212552 0.908989 -0.358554 -4.36406 -0.505491 -0.211739 -0.836448 -0.906582 0 0 0 1 
0.861145 -0.160865 -0.482236 1.68619 0.097638 0.983289 -0.153651 -4.9747 -0.498895 -0.0852308 -0.862461 -1.14481 0 0 0 1 
0.865342 0.0438705 -0.499259 1.33799 -0.0210843 0.998466 0.0511918 -5.47658 -0.500739 0.033772 -0.864939 -1.3721 0 0 0 1 
0.854068 0.234987 -0.464057 1.00234 -0.133199 0.961196 0.241581 -5.8613 -0.502818 0.144514 -0.852226 -1.57043 0 0 0 1 
0.854068 0.234987 -0.464057 1.00234 -0.1332 0.961196 0.241581 -5.8613 -0.502818 0.144514 -0.852226 -1.57043 0 0 0 1 
0.854068 0.234987 -0.464057 1.00234 -0.1332 0.961196 0.241581 -5.8613 -0.502818 0.144514 -0.852226 -1.57043 0 0 0 1 
0.854068 0.234987 -0.464057 1.00234 -0.1332 0.961195 0.241581 -5.86129 -0.502818 0.144514 -0.852226 -1.57043 0 0 0 1 
0.854068 0.234987 -0.464057 1.00234 -0.133199 0.961195 0.241581 -5.8613 -0.502818 0.144515 -0.852226 -1.57043 0 0 0 1 
-0.728555 -0.353443 -0.586759 -0.282198 0.503662 -0.856976 -0.109164 -1.25506 0.464255 0.375061 -0.80237 -0.0608652 0 0 0 1 
-0.648352 -0.366768 -0.667175 -0.733259 0.569475 -0.815244 -0.105242 -1.51401 0.505311 0.448173 -0.737429 -0.12302 0 0 0 1 
-0.740541 -0.042907 -0.67064 -0.332204 0.255786 -0.940839 -0.222252 -1.17514 0.621428 0.336127 -0.707705 -0.0110345 0 0 0 1 
-0.69018 0.349952 -0.633392 -0.304172 -0.093432 -0.911057 -0.401554 -0.953457 0.71758 0.217966 -0.661491 0.223507 0 0 0 1 
-0.567669 0.608836 -0.554139 -0.644466 -0.395486 -0.792027 -0.465063 -0.760303 0.72204 0.0448472 -0.690396 0.496558 0 0 0 1 
-0.568921 0.651285 -0.502153 -1.02989 -0.62973 -0.737715 -0.243345 -0.298592 0.528933 -0.177776 -0.829835 0.911978 0 0 0 1 
-0.969621 0.227102 -0.0908867 -1.08734 -0.206933 -0.56341 0.799843 0.158257 -0.13044 -0.794351 -0.593289 1.76404 0 0 0 1 
-0.610409 0.672709 0.418167 -3.22079 0.701625 0.214204 0.679588 -0.551682 -0.367592 -0.708223 0.602741 0.416549 0 0 0 1 
-0.143693 0.893705 -0.425023 -2.55714 0.728336 0.386266 0.565973 -0.832247 -0.669984 0.228233 0.706421 -2.17081 0 0 0 1 
0.342481 0.189409 -0.920234 0.00152397 0.839234 0.378647 0.390272 -0.554401 -0.422365 0.905953 0.0292787 -2.93865 0 0 0 1 
0.361939 -0.735883 -0.572256 1.89654 0.923421 0.198966 0.328186 0.00400889 0.127647 0.647216 -0.751544 -1.11914 0 0 0 1 
-0.104777 -0.956878 0.270934 1.2329 0.89671 0.0269041 0.441801 0.284573 0.430039 -0.28924 -0.855223 1.46822 0 0 0 1 
-0.75626 -0.287677 0.587634 -1.70426 0.623043 -0.0424812 0.781033 -0.24109 0.199722 -0.956785 -0.211362 2.25655 0 0 0 1 
-0.795836 0.596444 0.104399 -3.58762 0.260404 0.181472 0.948292 -1.58789 -0.546658 -0.781871 0.299739 0.0623002 0 0 0 1 
0.100585 0.955015 -0.278979 -2.03088 -0.176821 0.293096 0.93959 -2.92943 -0.97909 0.0451797 -0.198347 -2.72091 0 0 0 1 
0.257685 -0.0972002 -0.961328 0.336688 0.182612 0.981896 -0.0503307 -3.47054 -0.948816 0.16258 -0.27077 -2.88076 0 0 0 1 
-0.553383 -0.821637 -0.136677 -0.233488 0.349028 -0.0797546 -0.933712 -1.08568 -0.756272 0.564405 -0.330909 -3.17609 0 0 0 1 
0.280404 -0.87621 0.391956 2.08029 0.464119 -0.23367 -0.854396 -0.480467 -0.840218 -0.421491 -0.341143 -1.47324 0 0 0 1 
0.437585 -0.843154 0.312427 2.33689 0.487092 -0.0697879 -0.870558 -0.915475 -0.755818 -0.533123 -0.380156 -1.03221 0 0 0 1 
0.561728 -0.800204 0.210086 2.50644 0.480578 0.108904 -0.870163 -1.49261 -0.673429 -0.589758 -0.445735 -0.683741 0 0 0 1 
0.659247 -0.746712 0.0884057 2.5989 0.444083 0.291769 -0.847149 -2.19842 -0.606782 -0.597739 -0.52395 -0.450243 0 0 0 1 
0.733472 -0.678032 -0.047875 2.60638 0.380605 0.468039 -0.797545 -3.00461 -0.563169 -0.566755 -0.601356 -0.338601 0 0 0 1 
0.785083 -0.589257 -0.190843 2.51169 0.296104 0.627681 -0.719958 -3.86928 -0.544028 -0.508718 -0.667263 -0.338972 0 0 0 1 
0.814043 -0.478328 -0.329449 2.30075 0.198678 0.762339 -0.615926 -4.74133 -0.545767 -0.435936 -0.71561 -0.426564 0 0 0 1 
0.82192 -0.347651 -0.451206 1.97416 0.0974437 0.866281 -0.48996 -5.56754 -0.561207 -0.35874 -0.74589 -0.56852 0 0 0 1 
0.813497 -0.203958 -0.544632 1.5536 0.00125886 0.937102 -0.349053 -6.3009 -0.581568 -0.283268 -0.762586 -0.734376 0 0 0 1 
0.797009 -0.0569225 -0.601279 1.08075 -0.0824328 0.975981 -0.201662 -6.90807 -0.598315 -0.210291 -0.773173 -0.905669 0 0 0 1 
0.797009 -0.0569226 -0.601279 1.08075 -0.0824329 0.975981 -0.201662 -6.90807 -0.598316 -0.210291 -0.773173 -0.905669 0 0 0 1 
0.797009 -0.0569226 -0.601279 1.08075 -0.0824329 0.975981 -0.201662 -6.90807 -0.598316 -0.210291 -0.773173 -0.905669 0 0 0 1 
0.797009 -0.0569225 -0.601279 1.08075 -0.082433 0.97598 -0.201662 -6.90807 -0.598315 -0.210291 -0.773173 -0.905669 0 0 0 1 
0.797009 -0.0569225 -0.601279 1.08075 -0.0824328 0.97598 -0.201662 -6.90807 -0.598316 -0.210291 -0.773173 -0.905669 0 0 0 1 
-0.648352 -0.366767 -0.667175 -0.733259 0.569475 -0.815244 -0.105242 -1.51401 0.505311 0.448173 -0.737429 -0.12302 0 0 0 1 
-0.694659 -0.691474 0.198276 -0.134329 -2.16346e-06 0.275638 0.961262 -0.0715936 0.71934 -0.667748 0.191476 -0.222978 0 0 0 1 
-0.821207 -0.522832 0.228616 -0.1664 -0.0227207 0.430279 0.90241 -0.411069 0.570178 -0.735871 0.365227 -0.0957901 0 0 0 1 
-0.91984 -0.322212 0.223772 -0.208512 -0.00943693 0.588428 0.808495 -0.803277 0.39218 -0.741574 0.544301 0.0539988 0 0 0 1 
-0.975749 -0.138613 0.169409 -0.280711 0.0238918 0.701878 0.711896 -1.13542 0.217583 -0.69868 0.681545 0.182337 0 0 0 1 
-0.996378 -0.0208649 0.0824423 -0.389791 0.0388523 0.750664 0.659541 -1.28097 0.0756479 -0.660354 0.747134 0.24356 0 0 0 1 
-0.987963 -0.152909 0.0234066 -0.550345 -0.0785442 0.62622 0.77568 -0.778755 0.133266 -0.764505 0.630692 0.0710606 0 0 0 1 
-0.960487 -0.206649 -0.186446 -0.781043 -0.258167 0.411164 0.874239 -0.123812 0.104001 -0.887829 0.448268 -0.164942 0 0 0 1 
-0.526787 0.555354 -0.643489 -0.908498 -0.323284 0.569251 0.755937 -0.17053 -0.786119 -0.606247 0.120337 -0.349363 0 0 0 1 
0.452229 0.678053 -0.579424 -0.810158 -0.186306 0.707134 0.682094 -0.185944 -0.872226 0.200513 -0.446112 -0.555592 0 0 0 1 
0.997546 0.0387506 -0.0583151 -0.584363 0.0157889 0.686929 0.726553 -0.154639 -0.0682127 0.725691 -0.684631 -0.577399 0 0 0 1 
0.563846 -0.723252 0.398728 -0.456909 0.0809062 0.528842 0.844855 -0.107919 0.821907 0.444109 -0.356701 -0.392977 0 0 0 1 
-0.356797 -0.927648 0.110289 -1.01925 -0.140232 0.169907 0.975432 -0.189657 0.923597 -0.332565 0.190708 -0.193276 0 0 0 1 
-0.808009 -0.28077 -0.517968 -1.43198 -0.532914 -0.0266159 0.845751 -0.541809 0.251247 -0.959406 0.12812 -0.793541 0 0 0 1 
-0.559802 0.721821 -0.406935 -0.348709 -0.775383 -0.283114 0.564471 -1.22589 -0.292238 -0.631523 -0.718176 -1.85963 0 0 0 1 
0.664401 0.463666 -0.586162 -1.04646 -0.668157 0.719909 -0.187878 -1.5911 -0.334871 -0.516474 -0.788109 -1.86678 0 0 0 1 
0.504096 -0.83806 -0.208671 -1.58724 0.670189 0.531983 -0.517534 -2.49397 -0.544734 -0.121038 -0.829829 -1.54586 0 0 0 1 
0.580399 -0.43263 0.689904 0.304077 0.790915 0.501189 -0.351088 -2.25492 0.193881 -0.749427 -0.633063 -1.88543 0 0 0 1 
0.552962 -0.376887 0.743094 0.449392 0.794946 0.505792 -0.335016 -2.5607 0.249588 -0.775971 -0.579289 -1.82564 0 0 0 1 
0.53656 -0.346476 0.769453 0.524335 0.796669 0.508638 -0.326504 -2.89942 0.278247 -0.788189 -0.548941 -1.789 0 0 0 1 
0.531501 -0.337437 0.776945 0.546049 0.79712 0.509527 -0.324008 -3.26341 0.286542 -0.791529 -0.539793 -1.77759 0 0 0 1 
0.535557 -0.344672 0.770961 0.528689 0.796762 0.508814 -0.326005 -3.64445 0.279911 -0.788866 -0.54712 -1.78674 0 0 0 1 
0.545399 -0.36264 0.755667 0.484869 0.795793 0.507097 -0.331006 -4.03412 0.263161 -0.781885 -0.565156 -1.80881 0 0 0 1 
0.557548 -0.385732 0.735085 0.427037 0.794383 0.505008 -0.337524 -4.42398 0.24103 -0.772125 -0.587985 -1.83578 0 0 0 1 
0.568957 -0.408502 0.713733 0.36829 0.792804 0.50308 -0.344053 -4.80564 0.218519 -0.761601 -0.610093 -1.86077 0 0 0 1 
0.57722 -0.425779 0.696799 0.32252 0.791475 0.501709 -0.349078 -5.17087 0.20096 -0.752994 -0.62659 -1.87862 0 0 0 1 
0.580399 -0.43263 0.689904 0.304077 0.790915 0.501189 -0.351088 -5.51152 0.193881 -0.749427 -0.633063 -1.88543 0 0 0 1 
0.580399 -0.43263 0.689904 0.304077 0.790915 0.501189 -0.351088 -5.51152 0.193881 -0.749427 -0.633063 -1.88543 0 0 0 1 
0.580399 -0.43263 0.689904 0.304077 0.790915 0.501189 -0.351088 -5.51152 0.193881 -0.749427 -0.633063 -1.88543 0 0 0 1 
0.580399 -0.43263 0.689904 0.304077 0.790915 0.501189 -0.351088 -5.51152 0.193881 -0.749427 -0.633063 -1.88543 0 0 0 1 
0.580399 -0.43263 0.689904 0.304076 0.790915 0.501189 -0.351088 -5.51152 0.193881 -0.749427 -0.633063 -1.88543 0 0 0 1 
-0.694658 -0.691474 0.198276 -0.134329 -2.15089e-06 0.275638 0.961262 -0.0715936 0.71934 -0.667748 0.191476 -0.222978 0 0 0 1 
-0.885961 -0.310718 -0.344279 0.145179 -0.203642 -0.406313 0.890752 0.0137823 0.416658 -0.859281 -0.296702 0.0643369 0 0 0 1 
-0.852713 -0.322725 -0.410765 0.642577 -0.163263 -0.582299 0.796413 0.011797 0.49621 -0.746175 -0.443845 1.00065 0 0 0 1 
-0.826572 -0.32421 -0.460072 0.997932 -0.0870485 -0.73395 0.673602 -0.063866 0.556059 -0.59683 -0.578441 1.9786 0 0 0 1 
-0.783297 -0.300156 -0.544383 1.23294 -0.0361852 -0.85221 0.521947 -0.162265 0.620594 -0.428538 -0.656672 2.80386 0 0 0 1 
-0.686715 -0.216231 -0.694023 1.44912 -0.0520857 -0.937644 0.343672 -0.104528 0.725059 -0.272153 -0.632631 3.31548 0 0 0 1 
-0.196883 -0.00317661 -0.980422 2.33151 -0.222511 -0.973756 0.0478384 0.880211 0.954844 -0.227573 -0.191009 2.53448 0 0 0 1 
0.303743 0.205854 -0.93025 2.43251 -0.256273 -0.922743 -0.287871 2.32206 0.917641 -0.325836 0.227522 1.36089 0 0 0 1 
-0.561356 0.560636 -0.608743 -1.02666 -0.418632 -0.82689 -0.3755 2.08396 0.713882 -0.0440504 -0.69888 3.3304 0 0 0 1 
-0.800993 0.487336 0.347727 -4.39485 -0.581626 -0.771086 -0.259111 1.27714 -0.141853 0.409793 -0.901081 1.35405 0 0 0 1 
-0.175531 0.0592556 0.982689 -4.30385 -0.58226 -0.811134 -0.0550941 0.708433 -0.793828 0.581851 -0.176881 -2.59181 0 0 0 1 
0.689568 -0.295526 0.661182 -0.844679 -0.4199 -0.906987 0.0325346 0.946533 -0.590068 0.300065 0.74952 -4.56132 0 0 0 1 
0.972583 0.0113821 -0.232277 1.43569 -0.0212794 -0.990256 -0.137626 2.30582 0.23158 -0.138795 0.962864 -2.71977 0 0 0 1 
0.313426 0.54528 -0.777454 0.576945 0.206032 -0.838252 -0.504861 3.26216 0.926992 0.00194333 0.375075 -0.431011 0 0 0 1 
-0.68976 0.303877 -0.657184 0.00787094 0.45293 -0.527043 -0.719083 3.07565 0.564877 0.793653 -0.225898 -1.77624 0 0 0 1 
-0.618776 0.523857 0.585398 -5.18411 -0.645153 0.0862971 -0.759164 -0.359923 0.448211 0.847424 -0.28457 -1.90367 0 0 0 1 
0.730811 0.321326 0.602216 -2.99633 -0.677706 0.446813 0.584014 -6.56887 0.0814189 0.83493 -0.544301 -1.32915 0 0 0 1 
0.439825 -0.622565 0.647277 0.210271 -0.641402 0.286725 0.711612 -6.35831 0.628615 0.728149 0.273205 -3.22363 0 0 0 1 
0.301802 -0.689449 0.658465 0.280921 -0.714274 0.293936 0.635149 -6.66501 0.631449 0.662014 0.403745 -3.35598 0 0 0 1 
0.176988 -0.722277 0.668574 0.215776 -0.779488 0.311867 0.543266 -6.98103 0.600894 0.617297 0.507809 -3.52201 0 0 0 1 
0.0623202 -0.73017 0.680417 0.0403421 -0.832274 0.33825 0.439211 -7.2934 0.55085 0.593666 0.586622 -3.71179 0 0 0 1 
-0.0464353 -0.719562 0.692874 -0.219108 -0.869496 0.370574 0.326576 -7.59073 0.491753 0.587286 0.642864 -3.90797 0 0 0 1 
-0.152464 -0.695447 0.702216 -0.532359 -0.88949 0.40625 0.20921 -7.86389 0.43077 0.592717 0.680532 -4.09402 0 0 0 1 
-0.256965 -0.66254 0.70357 -0.864064 -0.892025 0.442711 0.0910987 -8.10645 0.371834 0.604192 0.704763 -4.26005 0 0 0 1 
-0.359164 -0.626021 0.69217 -1.17468 -0.878301 0.477512 -0.0238699 -8.31482 0.315576 0.616507 0.72134 -4.40589 0 0 0 1 
-0.456843 -0.591802 0.664127 -1.4225 -0.850882 0.508443 -0.132236 -8.48776 0.259413 0.625505 0.735832 -4.54105 0 0 0 1 
-0.546862 -0.566355 0.616591 -1.56528 -0.813476 0.533605 -0.231351 -8.62545 0.19799 0.628098 0.752524 -4.68122 0 0 0 1 
-0.546862 -0.566354 0.616592 -1.56529 -0.813475 0.533605 -0.231351 -8.62545 0.19799 0.628099 0.752524 -4.68122 0 0 0 1 
-0.546862 -0.566354 0.616591 -1.56529 -0.813475 0.533606 -0.231351 -8.62545 0.19799 0.628099 0.752524 -4.68122 0 0 0 1 
-0.546862 -0.566354 0.616592 -1.56529 -0.813475 0.533605 -0.231352 -8.62545 0.19799 0.628099 0.752523 -4.68122 0 0 0 1 
-0.546862 -0.566354 0.616591 -1.56529 -0.813475 0.533605 -0.231351 -8.62545 0.197989 0.628099 0.752524 -4.68122 0 0 0 1 
-0.885961 -0.310718 -0.344279 0.145179 -0.203642 -0.406313 0.890752 0.0137821 0.416658 -0.859281 -0.296702 0.0643368 0 0 0 1 
-0.707274 0.691763 0.145698 0.12286 -0.702331 -0.711073 -0.0332632 -1.73547 -0.080592 0.125855 -0.98877 -2.61652 0 0 0 1 
-0.6844 0.725804 0.0693097 0.545805 -0.722904 -0.663131 -0.194084 -2.14104 0.0949051 0.182935 -0.978533 -1.26035 0 0 0 1 
-0.668526 0.743668 0.00553672 0.846525 -0.693825 -0.621004 -0.364639 -2.54378 0.267732 0.247612 -0.931133 0.225595 0 0 0 1 
-0.614166 0.787189 -0.0559781 1.1112 -0.659445 -0.550876 -0.511535 -2.8442 0.433512 0.277253 -0.857437 1.55169 0 0 0 1 
-0.464715 0.878333 -0.11212 1.53105 -0.657253 -0.427019 -0.621026 -2.86705 0.593346 0.214909 -0.775729 2.44106 0 0 0 1 
0.113697 0.956693 -0.267976 2.86137 -0.727532 -0.103511 -0.678221 -1.74787 0.676588 -0.272073 -0.684256 1.46721 0 0 0 1 
0.611594 0.732222 -0.299673 3.26658 -0.632946 0.225568 -0.740607 -0.000882387 0.474692 -0.642627 -0.601414 -0.159347 0 0 0 1 
0.0411168 0.867017 0.49658 1.13154 -0.682518 0.387346 -0.619785 0.158828 0.729712 0.313441 -0.60768 3.13319 0 0 0 1 
-0.453949 0.104293 0.884903 -2.74507 -0.811688 0.361263 -0.458968 -0.454823 0.36755 0.926613 0.0793415 2.99155 0 0 0 1 
-0.378538 -0.793225 0.476973 -4.48664 -0.891287 0.173402 -0.418974 -1.22818 -0.249632 0.583717 0.772631 -0.442632 0 0 0 1 
0.191939 -0.928019 -0.31928 -2.35159 -0.841716 0.0116246 -0.539795 -1.38789 -0.504652 -0.372351 0.778897 -3.73517 0 0 0 1 
0.833149 -0.204456 -0.513868 1.04152 -0.528178 -0.0186514 -0.848929 -0.403334 -0.163984 -0.978698 0.123529 -3.67264 0 0 0 1 
0.765067 0.643353 0.0277375 2.29046 -0.163302 0.235502 -0.958056 1.0224 0.6229 -0.728448 -0.285236 -1.10198 0 0 0 1 
-0.188567 0.925803 0.327615 1.53655 0.262676 0.368993 -0.891541 1.67271 0.946279 0.0820583 0.312766 0.24805 0 0 0 1 
-0.357135 -0.179689 0.916606 -3.63894 -0.246006 0.964769 0.09328 0.579075 0.901074 0.192177 0.388758 0.36207 0 0 0 1 
0.583213 -0.799188 0.145468 -2.76539 -0.445706 -0.165113 0.87982 -5.20741 0.679123 0.577959 0.452499 1.21957 0 0 0 1 
-0.181472 -0.85915 -0.478465 -2.07304 -0.541717 -0.318731 0.777788 -5.52443 0.820738 -0.40034 0.407575 -1.6444 0 0 0 1 
-0.323784 -0.828241 -0.457363 -2.0904 -0.572996 -0.213013 0.791392 -5.73834 0.752887 -0.518307 0.405608 -2.01841 0 0 0 1 
