a
24
16
25
0
-0.829015 -0.543285 -0.132576 -0.25659 0.00362743 -0.242289 0.970197 -0.34904 0.559215 -0.803827 -0.202832 -0.485827 0 0 0 1 
-0.873547 -0.470979 -0.122858 -0.237782 0.00498469 -0.261053 0.965312 -0.383588 0.486714 -0.842633 -0.23039 -0.539163 0 0 0 1 
-0.919666 -0.377972 -0.106542 -0.206203 0.00571878 -0.284167 0.958758 -0.417406 0.39266 -0.881128 -0.2635 -0.603245 0 0 0 1 
-0.958551 -0.272162 -0.0843081 -0.163172 0.00416899 -0.309266 0.950967 -0.45164 0.28489 -0.911198 -0.297582 -0.669208 0 0 0 1 
-0.984841 -0.16338 -0.0582664 -0.11277 -0.000390347 -0.333821 0.942637 -0.486915 0.173459 -0.92837 -0.328696 -0.729428 0 0 0 1 
-0.997538 -0.0624601 -0.0318835 -0.061708 -0.00762258 -0.355385 0.934689 -0.523431 0.0697117 -0.932631 -0.354034 -0.778467 0 0 0 1 
-0.999755 0.0199642 -0.0095436 -0.0184708 -0.0162856 -0.371853 0.928149 -0.561182 -0.0149809 -0.928077 -0.372087 -0.813407 0 0 0 1 
-0.997236 0.0741835 0.00404592 0.00783061 -0.0246338 -0.381544 0.924022 -0.600199 -0.0700908 -0.921369 -0.382317 -0.833206 0 0 0 1 
-0.995819 0.0912442 0.00443479 0.00858324 -0.0309868 -0.383054 0.923206 -0.640727 -0.0859359 -0.919208 -0.38428 -0.837005 0 0 0 1 
-0.998004 0.0619991 -0.0119818 -0.0231898 -0.0344131 -0.374912 0.926422 -0.683351 -0.0529451 -0.924985 -0.376298 -0.821556 0 0 0 1 
-0.828978 -0.529657 -0.179609 -0.347618 -0.0546209 -0.242935 0.968504 -0.800628 0.556608 -0.812678 -0.172457 -0.427039 0 0 0 1 
-0.307018 -0.934526 -0.180004 -0.348383 -0.150226 -0.139179 0.978806 -0.931387 0.939772 -0.327552 0.09766 0.0957512 0 0 0 1 
-0.31879 -0.931591 -0.174673 -0.338066 -0.13717 -0.137003 0.981027 -0.838172 0.937847 -0.336702 0.084111 0.0695283 0 0 0 1 
-0.485646 -0.855237 -0.180879 -0.350076 -0.0894768 -0.157198 0.983505 -0.676865 0.869564 -0.49382 0.000181615 -0.0929104 0 0 0 1 
-0.688233 -0.705883 -0.167523 -0.324228 -0.0353349 -0.198022 0.97956 -0.500949 0.724629 -0.680085 -0.111343 -0.308758 0 0 0 1 
-0.829015 -0.543285 -0.132576 -0.25659 0.00362743 -0.242289 0.970197 -0.34904 0.559215 -0.803827 -0.202832 -0.485827 0 0 0 1 
-0.694658 -0.719231 0.012553 -0.0940735 -2.93556e-06 0.0174535 0.999848 -0.297907 0.719341 -0.694552 0.0121263 -0.184103 0 0 0 1 
-0.788315 -0.614824 0.023449 -0.0748731 0.0200176 0.0124627 0.999722 -0.3234 0.614946 -0.788566 -0.00248276 -0.20766 0 0 0 1 
-0.878298 -0.476684 0.0369546 -0.0506596 0.0438248 -0.00329851 0.999034 -0.346184 0.476102 -0.879069 -0.0237876 -0.239797 0 0 0 1 
-0.947843 -0.314016 0.0546588 -0.0197943 0.0664651 -0.0270066 0.997423 -0.368569 0.31173 -0.949034 -0.0464692 -0.272756 0 0 0 1 
-0.986959 -0.141858 0.0760856 0.0163854 0.0844878 -0.0541705 0.994951 -0.392244 0.13702 -0.988404 -0.0654494 -0.299424 0 0 0 1 
-0.99487 0.0219413 0.0987549 0.0537908 0.0967389 -0.0791896 0.992154 -0.418222 -0.0295895 -0.996618 -0.0766608 -0.314461 0 0 0 1 
-0.979834 0.160563 0.11893 0.0867399 0.104375 -0.0962527 0.989869 -0.447111 -0.170384 -0.982321 -0.077553 -0.314947 0 0 0 1 
-0.956258 0.260682 0.132722 0.10952 0.109981 -0.100036 0.988887 -0.479605 -0.271062 -0.960228 -0.0669903 -0.300097 0 0 0 1 
-0.940069 0.312154 0.137221 0.117846 0.115929 -0.0858709 0.989539 -0.517028 -0.320672 -0.946143 -0.044537 -0.270093 0 0 0 1 
-0.943225 0.305006 0.13152 0.110057 0.12219 -0.0495677 0.991268 -0.56189 -0.308862 -0.95106 -0.00948482 -0.224535 0 0 0 1 
-0.894331 -0.433746 0.109713 0.0464351 -0.00747219 0.259666 0.96567 -0.779349 0.447344 -0.862808 0.235469 0.0996716 0 0 0 1 
-0.268601 -0.93036 0.249566 0.205522 -0.312231 0.329191 0.891149 -1.0241 0.911244 -0.161441 0.378908 0.320418 0 0 0 1 
-0.214519 -0.951362 0.221117 0.167357 -0.293841 0.278761 0.914303 -0.907329 0.931472 -0.131162 0.339348 0.270176 0 0 0 1 
-0.346779 -0.927362 0.140515 0.0631986 -0.196406 0.218286 0.955917 -0.699329 0.917153 -0.303894 0.257836 0.155473 0 0 0 1 
-0.54632 -0.835342 0.0611343 -0.0361283 -0.0818971 0.125916 0.988655 -0.477402 0.833563 -0.535115 0.137202 -0.0131205 0 0 0 1 
-0.694658 -0.719231 0.012553 -0.0940735 -2.93556e-06 0.0174535 0.999848 -0.297907 0.719341 -0.694552 0.0121263 -0.184103 0 0 0 1 
-0.694658 -0.691475 0.198276 -0.13433 -3.17155e-06 0.275638 0.961262 -0.27699 0.719341 -0.667747 0.191476 -0.222978 0 0 0 1 
-0.816059 -0.55227 0.17043 -0.104802 0.0311967 0.252358 0.967131 -0.304695 0.577126 -0.794553 0.18871 -0.250746 0 0 0 1 
-0.921371 -0.362317 0.140716 -0.0684487 0.0652189 0.212786 0.97492 -0.330508 0.383173 -0.90744 0.172425 -0.285072 0 0 0 1 
-0.983745 -0.136655 0.116494 -0.0252018 0.0940215 0.160722 0.982511 -0.356302 0.152988 -0.977494 0.145261 -0.317031 0 0 0 1 
-0.989862 0.0982718 0.102545 0.0218826 0.112633 0.1033 0.988253 -0.383254 -0.0865244 -0.989784 0.113321 -0.33951 0 0 0 1 
-0.94457 0.312872 0.0994957 0.0674613 0.120775 0.0493341 0.991453 -0.411951 -0.30529 -0.948513 0.0843868 -0.348226 0 0 0 1 
-0.868954 0.48385 0.103964 0.105465 0.122674 0.00707172 0.992422 -0.442767 -0.479448 -0.875123 0.0655008 -0.341873 0 0 0 1 
-0.793046 0.599084 0.110343 0.130624 0.125103 -0.017106 0.991997 -0.476357 -0.596177 -0.800503 0.0613811 -0.321238 0 0 0 1 
-0.747051 0.655037 0.113327 0.139502 0.1344 -0.0181312 0.990762 -0.51408 -0.65104 -0.75538 0.0744919 -0.287668 0 0 0 1 
-0.753845 0.647718 0.11036 0.131093 0.153001 0.00970058 0.988179 -0.558379 -0.63899 -0.761819 0.106414 -0.24148 0 0 0 1 
-0.940482 -0.283894 0.18681 0.0363027 0.0510016 0.425564 0.90349 -0.757538 0.335995 -0.859244 0.385756 0.0661972 0 0 0 1 
-0.145991 -0.865267 0.479582 0.157126 -0.383116 0.496398 0.778981 -0.991031 0.912091 0.0700113 0.403967 0.325815 0 0 0 1 
-0.0707017 -0.879989 0.469703 0.115102 -0.36846 0.460619 0.807507 -0.874772 0.926951 0.115975 0.356807 0.278021 0 0 0 1 
-0.239766 -0.890986 0.38556 0.0100721 -0.247495 0.440119 0.863158 -0.668014 0.938754 -0.111531 0.32604 0.149352 0 0 0 1 
-0.502354 -0.818436 0.278932 -0.0840811 -0.100775 0.375811 0.921201 -0.450416 0.858769 -0.43466 0.271268 -0.0383556 0 0 0 1 
-0.694658 -0.691475 0.198276 -0.13433 -3.17155e-06 0.275638 0.961262 -0.27699 0.719341 -0.667747 0.191476 -0.222978 0 0 0 1 
-0.694658 -0.710484 -0.112531 0.588737 -2.84429e-06 -0.156433 0.987689 -0.0253038 0.719341 -0.686105 -0.108666 0.475282 0 0 0 1 
-0.814245 -0.575069 -0.0793809 0.481793 0.0312174 -0.179917 0.983186 -0.0291901 0.579682 -0.798076 -0.164449 0.557798 0 0 0 1 
-0.917077 -0.397771 -0.0273406 0.340699 0.0657286 -0.218462 0.973629 -0.0161567 0.393254 -0.891096 -0.226492 0.613557 0 0 0 1 
-0.980095 -0.193542 0.0442195 0.180824 0.096096 -0.267583 0.958731 0.00725079 0.173722 -0.943897 -0.280855 0.631217 0 0 0 1 
-0.991519 0.0151466 0.129077 0.0213532 0.117467 -0.320481 0.939944 0.0330136 -0.0556035 -0.947134 -0.315984 0.609477 0 0 0 1 
-0.954673 0.204867 0.215938 -0.120302 0.128867 -0.369478 0.92026 0.0529544 -0.268315 -0.906375 -0.32633 0.558707 0 0 0 1 
-0.886807 0.357994 0.292257 -0.233387 0.13314 -0.407676 0.903368 0.0599678 -0.442547 -0.840024 -0.313866 0.498595 0 0 0 1 
-0.813577 0.465945 0.347833 -0.315249 0.1355 -0.429812 0.892694 0.048295 -0.565448 -0.773406 -0.28655 0.453262 0 0 0 1 
-0.761943 0.527139 0.376255 -0.368213 0.141226 -0.431743 0.890872 0.0125651 -0.632059 -0.731931 -0.254518 0.446284 0 0 0 1 
-0.753845 0.540392 0.373758 -0.392549 0.153001 -0.408831 0.899694 -0.0542094 -0.63899 -0.735415 -0.225514 0.496998 0 0 0 1 
-0.983401 -0.162908 0.0798929 0.192949 0.0823133 -0.00815094 0.996573 -0.656791 0.161699 -0.986608 -0.0214251 1.08746 0 0 0 1 
-0.465495 -0.880696 0.0876941 1.06265 -0.264974 0.233217 0.935628 -1.1585 0.844455 -0.412293 0.341923 0.815691 0 0 0 1 
-0.364519 -0.92888 0.0656394 1.07258 -0.278627 0.176058 0.944125 -0.981087 0.888535 -0.325863 0.322987 0.674261 0 0 0 1 
-0.441954 -0.896926 -0.0141464 0.926594 -0.197968 0.0821419 0.976761 -0.668789 0.87492 -0.434484 0.213866 0.63857 0 0 0 1 
-0.588904 -0.803903 -0.0832602 0.732039 -0.0873466 -0.0391082 0.99541 -0.320167 0.803469 -0.593474 0.0471871 0.587735 0 0 0 1 
-0.694658 -0.710484 -0.112531 0.588737 -2.84429e-06 -0.156433 0.987689 -0.0253038 0.719341 -0.686105 -0.108666 0.475282 0 0 0 1 
-0.694659 -0.691474 0.198276 -0.13433 -2.11014e-06 0.275639 0.961262 -0.27699 0.71934 -0.667748 0.191476 -0.222979 0 0 0 1 
-0.805061 -0.55696 0.204137 -0.169449 0.0657039 0.258291 0.96383 -0.31822 0.589542 -0.789355 0.171346 -0.227535 0 0 0 1 
-0.905145 -0.368267 0.212347 -0.203627 0.135049 0.224538 0.965062 -0.352062 0.40308 -0.902199 0.153505 -0.262851 0 0 0 1 
-0.963845 -0.141641 0.2257 -0.230273 0.19951 0.177859 0.963619 -0.381442 0.17663 -0.973809 0.14317 -0.326473 0 0 0 1 
-0.965412 0.0937304 0.2433 -0.242485 0.253883 0.125498 0.959059 -0.409632 -0.0593593 -0.987656 0.144954 -0.410952 0 0 0 1 
-0.91541 0.305193 0.262455 -0.238198 0.29833 0.0766721 0.951378 -0.438827 -0.270231 -0.949199 0.161235 -0.504139 0 0 0 1 
-0.838097 0.467356 0.281376 -0.224018 0.338034 0.0400829 0.94028 -0.468946 -0.428167 -0.88316 0.191576 -0.592106 0 0 0 1 
-0.766775 0.566653 0.301598 -0.215934 0.380449 0.0227383 0.924523 -0.497461 -0.517026 -0.823643 0.233017 -0.66236 0 0 0 1 
-0.731976 0.596429 0.329369 -0.23695 0.431046 0.0310032 0.901798 -0.520531 -0.527646 -0.802067 0.279782 -0.703537 0 0 0 1 
-0.771064 0.480817 0.417463 -0.355407 0.516454 0.0887325 0.851705 -0.523342 -0.372471 -0.87232 0.316738 -0.716373 0 0 0 1 
-0.554938 -0.614694 0.560531 -0.716267 0.311485 0.471253 0.825165 -0.763717 0.771376 -0.632513 0.070048 0.336434 0 0 0 1 
0.513504 -0.791393 0.331679 0.0652334 -0.121503 0.315579 0.941089 -1.35206 0.849442 0.523553 -0.0658944 1.04597 0 0 0 1 
0.499813 -0.795032 0.343673 0.0248162 -0.143749 0.315144 0.938094 -1.17271 0.854122 0.518275 -0.043228 0.895353 0 0 0 1 
0.165729 -0.90407 0.393945 -0.205005 -0.0984996 0.382296 0.918775 -0.823229 0.98124 0.191071 0.0256931 0.563642 0 0 0 1 
-0.328993 -0.877855 0.348043 -0.275342 -0.01976 0.374878 0.926864 -0.501158 0.944126 -0.298055 0.140679 0.106283 0 0 0 1 
-0.694659 -0.691474 0.198276 -0.13433 -2.11014e-06 0.275639 0.961262 -0.27699 0.71934 -0.667748 0.191476 -0.222979 0 0 0 1 
-0.982893 -0.149942 -0.106949 0.575011 -0.00957779 -0.53829 0.842705 0.336171 0.183926 -0.829314 -0.527646 1.92209 0 0 0 1 
-0.98861 -0.145302 0.0392216 0.203485 0.108969 -0.511297 0.852468 0.165334 0.103812 -0.847032 -0.521306 1.73402 0 0 0 1 
-0.972517 -0.11967 0.199724 -0.189166 0.232731 -0.474485 0.84894 0.00371683 0.00682701 -0.872091 -0.489296 1.41568 0 0 0 1 
-0.929491 -0.08021 0.360018 -0.527591 0.357401 -0.437107 0.82535 -0.144518 -0.0911652 -0.895826 -0.434954 0.996131 0 0 0 1 
-0.861318 -0.0379042 0.50665 -0.763301 0.476466 -0.406463 0.779595 -0.270323 -0.176384 -0.912881 -0.368154 0.540779 0 0 0 1 
-0.776368 -0.00631664 0.630248 -0.888771 0.583064 -0.386932 0.714367 -0.360254 -0.239351 -0.922087 -0.304085 0.130754 0 0 0 1 
-0.687218 0.000288986 0.726451 -0.933639 0.672032 -0.379497 0.635889 -0.400351 -0.27587 -0.925193 -0.260603 -0.162439 0 0 0 1 
-0.607506 -0.0314564 0.793692 -0.945029 0.741064 -0.382146 0.552077 -0.381665 -0.28594 -0.923566 -0.255467 -0.291293 0 0 0 1 
-0.5493 -0.112728 0.827987 -0.961692 0.790548 -0.391147 0.471209 -0.305807 -0.270747 -0.913398 -0.303974 -0.229234 0 0 0 1 
-0.558754 -0.479919 0.676366 -0.642244 0.821546 -0.431807 0.372298 -0.0854683 -0.113386 -0.763689 -0.63555 0.199754 0 0 0 1 
-0.520229 -0.843001 0.136789 -0.0207174 0.835366 -0.468993 0.28672 -0.419462 0.177553 -0.263429 -0.948198 2.76946 0 0 0 1 
-0.461035 -0.844509 -0.272494 2.77883 0.800774 -0.528256 0.282325 -1.59892 0.382372 0.0880444 -0.919805 3.41107 0 0 0 1 
-0.558987 -0.771707 -0.303319 2.91733 0.675648 -0.635969 0.372886 -1.31946 0.48066 -0.00350161 -0.8769 3.10378 0 0 0 1 
-0.738766 -0.638659 -0.215266 2.22605 0.461386 -0.712082 0.529209 -0.691129 0.491271 -0.291641 -0.820731 2.98316 0 0 0 1 
-0.904603 -0.409144 -0.119558 1.23951 0.210928 -0.673402 0.708547 -0.0537294 0.370408 -0.615736 -0.695462 2.57805 0 0 0 1 
-0.982893 -0.149942 -0.106949 0.575011 -0.00957779 -0.53829 0.842705 0.336171 0.183926 -0.829314 -0.527646 1.92209 0 0 0 1 
-0.728555 -0.353443 -0.586759 -0.282197 0.503662 -0.856976 -0.109164 -1.46045 0.464255 0.37506 -0.80237 -0.0608655 0 0 0 1 
-0.680931 -0.476301 -0.556301 -0.771866 0.60983 -0.789382 -0.0705892 -1.61188 0.405513 0.387316 -0.827977 -0.355177 0 0 0 1 
-0.607399 -0.598565 -0.522289 -1.28403 0.716054 -0.697232 -0.0336832 -1.7444 0.343995 0.394447 -0.852103 -0.837065 0 0 0 1 
-0.507157 -0.709958 -0.488623 -1.73894 0.81122 -0.584693 0.00755556 -1.83065 0.291059 0.392549 -0.872463 -1.45053 0 0 0 1 
-0.387824 -0.801578 -0.455045 -2.07951 0.886022 -0.460289 0.0556804 -1.84967 0.254084 0.381585 -0.888726 -2.10096 0 0 0 1 
-0.262893 -0.869179 -0.418825 -2.2909 0.935934 -0.335174 0.108102 -1.79232 0.234339 0.363574 -0.90161 -2.67539 0 0 0 1 
-0.147618 -0.91422 -0.377374 -2.40148 0.962649 -0.220369 0.157303 -1.66443 0.226972 0.340058 -0.912603 -3.06895 0 0 0 1 
-0.0560355 -0.942255 -0.330176 -2.46247 0.973161 -0.125471 0.19291 -1.48537 0.223198 0.310505 -0.923997 -3.20003 0 0 0 1 
-0.00102614 -0.960275 -0.279055 -2.51246 0.976885 -0.0606152 0.204995 -1.28235 0.213766 0.272394 -0.938139 -3.00557 0 0 0 1 
-0.106943 -0.974032 -0.199563 -2.06864 0.978995 -0.1382 0.149901 -0.921019 0.173588 0.17934 -0.968351 -1.61956 0 0 0 1 
-0.370377 -0.91857 -0.138022 -0.557985 0.901398 -0.391306 0.185366 -0.736857 0.224281 0.0557579 -0.972928 2.35286 0 0 0 1 
-0.514328 -0.838806 -0.178527 2.98529 0.77168 -0.543481 0.330362 -1.47289 0.374135 -0.0321488 -0.926817 3.53096 0 0 0 1 
-0.552618 -0.771838 -0.314451 2.89226 0.680041 -0.635706 0.36527 -1.33701 0.481828 0.0119844 -0.876184 3.08791 0 0 0 1 
-0.591218 -0.651825 -0.474959 1.65254 0.598876 -0.749251 0.282791 -1.20744 0.540194 0.11725 -0.833333 2.4927 0 0 0 1 
-0.652492 -0.494257 -0.574426 0.305069 0.545499 -0.832515 0.0966929 -1.26025 0.526009 0.250257 -0.812826 1.33388 0 0 0 1 
-0.728555 -0.353443 -0.586759 -0.282197 0.503662 -0.856976 -0.109164 -1.46045 0.464255 0.37506 -0.80237 -0.0608655 0 0 0 1 
-0.648352 -0.366768 -0.667175 -0.733259 0.569475 -0.815244 -0.105242 -1.7194 0.505311 0.448173 -0.737429 -0.123021 0 0 0 1 
-0.579572 -0.514872 -0.631667 -1.28225 0.687436 -0.725162 -0.0396627 -1.87333 0.437639 0.457218 -0.774225 -0.403657 0 0 0 1 
-0.473338 -0.658154 -0.585478 -1.88552 0.802697 -0.596015 0.0210472 -2.01033 0.362806 0.459999 -0.810415 -0.856499 0 0 0 1 
-0.331255 -0.778638 -0.532911 -2.4583 0.895967 -0.436659 0.081075 -2.07361 0.295828 0.450614 -0.842279 -1.43575 0 0 0 1 
-0.168017 -0.863636 -0.475293 -2.92145 0.954118 -0.263693 0.141864 -2.02643 0.24785 0.42965 -0.868316 -2.05904 0 0 0 1 
-0.00611754 -0.911162 -0.412002 -3.22924 0.974761 -0.0973816 0.200891 -1.86367 0.223166 0.400375 -0.888762 -2.62445 0 0 0 1 
0.131539 -0.930359 -0.342242 -3.38124 0.966735 0.0439925 0.251969 -1.61246 0.219366 0.364001 -0.905197 -3.03636 0 0 0 1 
0.226044 -0.936948 -0.26652 -3.40789 0.946584 0.146684 0.287163 -1.32178 0.229962 0.317195 -0.920057 -3.22091 0 0 0 1 
0.261334 -0.946923 -0.187197 -3.33289 0.933064 0.198162 0.300205 -1.04605 0.247176 0.253121 -0.935326 -3.11803 0 0 0 1 
0.0105393 -0.997169 -0.0744482 -2.26267 0.958587 -0.0111152 0.284582 -0.64082 0.284604 0.0743646 -0.955757 -1.96938 0 0 0 1 
-0.48624 -0.873308 -0.030083 0.0666586 0.792059 -0.45502 0.406938 0.127681 0.36907 -0.174042 -0.91296 2.02 0 0 0 1 
-0.710408 -0.693534 -0.119718 3.77564 0.519867 -0.631769 0.574984 -0.0156963 0.474405 -0.346236 -0.809358 3.51258 0 0 0 1 
-0.69209 -0.660479 -0.29117 3.41546 0.424034 -0.698471 0.576484 0.0610466 0.584129 -0.275513 -0.76347 3.04132 0 0 0 1 
-0.626696 -0.601186 -0.49581 1.72476 0.417394 -0.796254 0.437907 -0.204972 0.658054 -0.0674862 -0.74994 2.28696 0 0 0 1 
-0.603744 -0.481671 -0.635205 -0.000786006 0.493726 -0.851531 0.176438 -0.903887 0.625882 0.207094 -0.75192 1.09201 0 0 0 1 
-0.648352 -0.366768 -0.667175 -0.733259 0.569475 -0.815244 -0.105242 -1.7194 0.505311 0.448173 -0.737429 -0.123021 0 0 0 1 
-0.694659 -0.691474 0.198276 -0.134329 -2.16346e-06 0.275638 0.961262 -0.27699 0.71934 -0.667748 0.191476 -0.222978 0 0 0 1 
-0.81606 -0.552268 0.17043 -0.104801 0.0311977 0.252357 0.967131 -0.304695 0.577125 -0.794554 0.188709 -0.250746 0 0 0 1 
-0.921372 -0.362316 0.140716 -0.0684487 0.0652199 0.212785 0.97492 -0.330508 0.383171 -0.907441 0.172424 -0.285071 0 0 0 1 
-0.983745 -0.136653 0.116495 -0.0252019 0.0940223 0.160722 0.982512 -0.356303 0.152987 -0.977494 0.145261 -0.317031 0 0 0 1 
-0.989862 0.0982735 0.102545 0.0218825 0.112634 0.103299 0.988253 -0.383254 -0.0865261 -0.989784 0.113321 -0.33951 0 0 0 1 
-0.944569 0.312874 0.0994965 0.0674609 0.120776 0.0493336 0.991453 -0.411951 -0.305291 -0.948513 0.0843866 -0.348226 0 0 0 1 
-0.868953 0.483851 0.103965 0.105465 0.122675 0.00707161 0.992422 -0.442767 -0.479449 -0.875122 0.0655012 -0.341874 0 0 0 1 
-0.793045 0.599086 0.110344 0.130624 0.125103 -0.0171058 0.991997 -0.476357 -0.596178 -0.800502 0.0613817 -0.321239 0 0 0 1 
-0.74705 0.655038 0.113327 0.139501 0.1344 -0.0181315 0.990761 -0.514081 -0.651041 -0.755379 0.0744922 -0.287667 0 0 0 1 
-0.753844 0.647719 0.110361 0.131092 0.153001 0.00970013 0.988179 -0.55838 -0.638991 -0.761818 0.106414 -0.24148 0 0 0 1 
-0.940482 -0.283892 0.186811 0.0363027 0.0510029 0.425564 0.90349 -0.757539 0.335994 -0.859244 0.385756 0.0661973 0 0 0 1 
-0.145992 -0.865267 0.479583 0.157126 -0.383114 0.496399 0.778982 -0.991032 0.912091 0.0700096 0.403966 0.325815 0 0 0 1 
-0.070703 -0.879989 0.469703 0.115101 -0.368459 0.46062 0.807507 -0.874772 0.926952 0.115973 0.356807 0.27802 0 0 0 1 
-0.239767 -0.890986 0.38556 0.0100721 -0.247494 0.44012 0.863158 -0.668015 0.938754 -0.111533 0.32604 0.149352 0 0 0 1 
-0.502356 -0.818435 0.278932 -0.0840813 -0.100773 0.375811 0.921201 -0.450418 0.858769 -0.434661 0.271267 -0.0383558 0 0 0 1 
-0.694659 -0.691474 0.198276 -0.134329 -2.16346e-06 0.275638 0.961262 -0.27699 0.71934 -0.667748 0.191476 -0.222978 0 0 0 1 
-0.885961 -0.310718 -0.344279 0.145179 -0.203642 -0.406313 0.890752 -0.191615 0.416658 -0.859281 -0.296702 0.0643367 0 0 0 1 
-0.878528 -0.303911 -0.368546 0.471135 -0.225228 -0.416846 0.880631 -0.297553 0.42126 -0.856667 -0.297762 0.23465 0 0 0 1 
-0.875646 -0.284518 -0.390247 0.7792 -0.249317 -0.425742 0.869819 -0.416487 0.413624 -0.858949 -0.301864 0.463949 0 0 0 1 
-0.874437 -0.25868 -0.41042 1.03404 -0.274712 -0.433267 0.858378 -0.534729 0.399866 -0.863345 -0.307802 0.759622 0 0 0 1 
-0.872272 -0.232564 -0.430181 1.21175 -0.300073 -0.440049 0.846353 -0.640579 0.386132 -0.867336 -0.314057 1.10434 0 0 0 1 
-0.866989 -0.212417 -0.450787 1.31063 -0.323953 -0.447128 0.833745 -0.727503 0.378661 -0.868882 -0.318842 1.46496 0 0 0 1 
-0.856685 -0.204459 -0.473591 1.35459 -0.344793 -0.455909 0.820527 -0.795276 0.383678 -0.866224 -0.320074 1.80639 0 0 0 1 
-0.839082 -0.214682 -0.499852 1.38737 -0.360818 -0.46802 0.806702 -0.848274 0.407125 -0.857245 -0.315246 2.1018 0 0 0 1 
-0.810531 -0.248511 -0.530361 1.46119 -0.369812 -0.485045 0.792447 -0.891337 0.45418 -0.838436 -0.301241 2.33271 0 0 0 1 
-0.764732 -0.310135 -0.564801 1.62381 -0.368823 -0.508061 0.778359 -0.924221 0.52835 -0.803548 -0.274146 2.47798 0 0 0 1 
-0.391674 -0.672747 -0.627696 2.46642 -0.240183 -0.583792 0.775564 -0.576899 0.888202 -0.45453 -0.0670733 1.54886 0 0 0 1 
0.0423833 -0.825016 -0.563518 2.05904 -0.0954981 -0.564788 0.819692 0.0126228 0.994527 -0.0190737 0.102725 0.97752 0 0 0 1 
-0.205028 -0.814725 -0.54239 1.37075 -0.123396 -0.528224 0.840091 0.0268626 0.970947 -0.239171 -0.00776635 1.09183 0 0 0 1 
-0.633132 -0.616157 -0.468504 0.448376 -0.181017 -0.470622 0.863567 -0.0821505 0.752581 -0.631559 -0.186431 0.853178 0 0 0 1 
-0.885961 -0.310718 -0.344279 -0.0968182 -0.203641 -0.406314 0.890752 -0.191355 0.416658 -0.859281 -0.296703 0.235597 0 0 0 1 
-0.885961 -0.310718 -0.344279 0.145179 -0.203642 -0.406313 0.890752 -0.191615 0.416658 -0.859281 -0.296702 0.0643367 0 0 0 1 
-0.707274 0.691763 0.145698 0.12286 -0.702331 -0.711073 -0.0332632 -1.94086 -0.0805918 0.125855 -0.98877 -2.61652 0 0 0 1 
-0.693579 0.707808 0.133997 0.466851 -0.716467 -0.697135 -0.0260374 -2.03514 -0.0749847 0.114064 -0.99064 -2.43177 0 0 0 1 
-0.675859 0.724068 0.137619 0.835829 -0.73265 -0.680354 -0.0184939 -2.1415 -0.080239 0.113326 -0.990312 -2.19418 0 0 0 1 
-0.655723 0.740207 0.148733 1.17252 -0.749534 -0.661883 -0.0104646 -2.24499 -0.0906977 0.118342 -0.988822 -1.89231 0 0 0 1 
-0.634991 0.755875 0.159499 1.43119 -0.765908 -0.642946 -0.0022408 -2.33402 -0.100856 0.123585 -0.987196 -1.54017 0 0 0 1 
-0.615866 0.770986 0.162141 1.58842 -0.780761 -0.624806 0.00538115 -2.4036 -0.105455 0.123279 -0.986753 -1.1691 0 0 0 1 
-0.600729 0.785459 0.148923 1.64675 -0.793247 -0.608799 0.0111459 -2.45636 -0.0994189 0.111437 -0.988786 -0.813111 0 0 0 1 
-0.591577 0.798425 0.112049 1.62929 -0.802507 -0.596491 0.0134617 -2.50037 -0.0775843 0.0819565 -0.993612 -0.496124 0 0 0 1 
-0.589089 0.806891 0.0436031 1.56937 -0.807339 -0.589992 0.0106485 -2.54409 -0.0343179 0.0289296 -0.998993 -0.227991 0 0 0 1 
-0.591239 0.80395 -0.0640305 1.49987 -0.805657 -0.59238 0.00144008 -2.58922 0.0367726 -0.0524383 -0.997947 -0.0104115 0 0 0 1 
-0.528784 0.545646 -0.650122 1.03926 -0.693651 -0.71923 -0.0394595 -2.27048 0.489118 -0.430092 -0.758805 -0.045984 0 0 0 1 
-0.277937 0.148623 -0.949033 0.085717 -0.52459 -0.851112 0.0203455 -1.47499 0.804709 -0.503508 -0.314522 0.579414 0 0 0 1 
-0.477778 0.328421 -0.814781 -0.537755 -0.572364 -0.819984 0.00511014 -1.53535 0.666429 -0.468794 -0.579746 0.0553039 0 0 0 1 
-0.696734 0.620791 -0.359418 -0.701786 -0.659199 -0.75169 -0.0204671 -1.76758 0.282876 -0.222668 -0.932952 -1.3001 0 0 0 1 
-0.707274 0.691762 0.145699 -0.119136 -0.702331 -0.711073 -0.0332648 -1.94061 -0.0805911 0.125856 -0.98877 -2.44526 0 0 0 1 
-0.707274 0.691763 0.145698 0.12286 -0.702331 -0.711073 -0.0332632 -1.94087 -0.080592 0.125855 -0.98877 -2.61652 0 0 0 1 
-0.642196 0.726917 0.243262 0.540247 -0.750171 -0.661229 -0.00451466 -2.08791 -0.15757 0.185388 -0.96995 -2.89677 0 0 0 1 
-0.618895 0.753278 0.222579 0.898863 -0.771403 -0.636291 0.00847638 -2.20268 -0.14801 0.166452 -0.974878 -2.69987 0 0 0 1 
-0.588852 0.778895 0.215812 1.29044 -0.794577 -0.606769 0.0218741 -2.32971 -0.147986 0.158599 -0.97619 -2.44242 0 0 0 1 
-0.554822 0.803522 0.215694 1.65443 -0.81791 -0.574256 0.0353898 -2.45309 -0.1523 0.156783 -0.975819 -2.11656 0 0 0 1 
-0.519737 0.82684 0.214963 1.94198 -0.839922 -0.540544 0.048404 -2.56059 -0.15622 0.155395 -0.975422 -1.74036 0 0 0 1 
-0.486827 0.848755 0.206433 2.12694 -0.859519 -0.507578 0.0599361 -2.64698 -0.155652 0.148255 -0.976623 -1.34998 0 0 0 1 
-0.45944 0.869163 0.182949 2.20931 -0.875951 -0.477485 0.0686833 -2.71501 -0.147052 0.128698 -0.98072 -0.984947 0 0 0 1 
-0.440654 0.887121 0.137259 2.20919 -0.888648 -0.452725 0.0731133 -2.77331 -0.127001 0.0897569 -0.987833 -0.674996 0 0 0 1 
-0.432684 0.899413 0.0619787 2.15523 -0.89689 -0.436409 0.071671 -2.8315 -0.09151 0.0245773 -0.995501 -0.435366 0 0 0 1 
-0.435926 0.898594 -0.0499644 2.07244 -0.899294 -0.432751 0.0632181 -2.89322 -0.0351854 -0.0724913 -0.996748 -0.271165 0 0 0 1 
-0.475169 0.623924 -0.62043 1.26482 -0.80206 -0.597084 0.0138279 -2.63037 0.361821 -0.504193 -0.78414 -0.543202 0 0 0 1 
-0.32619 0.202518 -0.923357 -0.0705142 -0.624534 -0.779417 0.0496782 -1.82705 0.709619 -0.592872 -0.380717 0.13213 0 0 0 1 
-0.503595 0.403325 -0.764017 -0.570287 -0.6524 -0.75727 0.0302605 -1.81639 0.566363 -0.513684 -0.644487 -0.427141 0 0 0 1 
-0.668841 0.691392 -0.273184 -0.461758 -0.720204 -0.693721 0.00757045 -1.96919 0.184279 -0.201811 -0.961932 -1.73684 0 0 0 1 
-0.642196 0.726916 0.243263 0.298251 -0.750171 -0.661229 -0.00451636 -2.08766 -0.157569 0.185389 -0.96995 -2.7255 0 0 0 1 
-0.642196 0.726917 0.243262 0.540248 -0.750171 -0.661228 -0.00451478 -2.08791 -0.15757 0.185388 -0.96995 -2.89677 0 0 0 1 
-0.992879 -0.118965 0.00627682 -0.281546 -0.0160252 0.185584 0.982498 -0.259862 0.118048 -0.9754 0.186169 -0.382345 0 0 0 1 
-0.990013 -0.131175 0.0516482 -0.323536 0.0303892 0.159176 0.986783 -0.293531 0.137663 -0.978497 0.1536 -0.464904 0 0 0 1 
-0.98529 -0.13693 0.10224 -0.323723 0.0852224 0.124855 0.988508 -0.32465 0.148122 -0.982681 0.111349 -0.546935 0 0 0 1 
-0.977792 -0.140816 0.155218 -0.261825 0.144045 0.0864019 0.985792 -0.353439 0.152226 -0.986259 0.0641994 -0.591973 0 0 0 1 
-0.967161 -0.146794 0.207491 -0.143756 0.202538 0.0480877 0.978093 -0.378799 0.153556 -0.987998 0.0167772 -0.570124 0 0 0 1 
-0.953715 -0.158106 0.255792 0.00375628 0.25676 0.0146218 0.966364 -0.399289 0.156528 -0.987314 -0.0266503 -0.470916 0 0 0 1 
-0.938305 -0.177298 0.296899 0.146377 0.303224 -0.00907022 0.952876 -0.415399 0.16625 -0.984116 -0.0622714 -0.309401 0 0 0 1 
-0.921899 -0.20638 0.327887 0.255455 0.338647 -0.0181313 0.940739 -0.431442 0.188204 -0.978304 -0.0866052 -0.121881 0 0 0 1 
-0.904986 -0.247088 0.346337 0.314259 0.359332 -0.00808433 0.933175 -0.455168 0.227777 -0.96896 -0.0961029 0.0459477 0 0 0 1 
-0.886821 -0.301129 0.350529 0.315466 0.360199 0.0247504 0.932547 -0.49494 0.289493 -0.953262 -0.0865173 0.153051 0 0 0 1 
-0.794351 -0.561834 0.230975 -0.0607663 0.0693692 0.293846 0.953332 -0.723349 0.603485 -0.773303 0.194443 0.144535 0 0 0 1 
-0.633439 -0.757702 0.156981 0.719597 -0.304572 0.430639 0.84958 -0.991925 0.711331 -0.490345 0.503558 0.285837 0 0 0 1 
-0.706787 -0.700514 0.098656 0.783319 -0.300895 0.423899 0.854267 -0.838022 0.640246 -0.5741 0.510387 0.176832 0 0 0 1 
-0.833252 -0.551402 0.0405768 0.471594 -0.208161 0.380859 0.900897 -0.614304 0.512211 -0.742228 0.432132 0.0730088 0 0 0 1 
-0.941813 -0.335969 0.0106111 0.0439977 -0.0930528 0.290926 0.95221 -0.407648 0.323 -0.895816 0.305261 -0.126565 0 0 0 1 
-0.992879 -0.118965 0.00627682 -0.281546 -0.0160252 0.185584 0.982498 -0.259862 0.118048 -0.9754 0.186169 -0.382345 0 0 0 1 
-0.766091 -0.642447 0.0191432 -0.0560583 0.252448 -0.273376 0.928189 -0.798523 0.591079 -0.71591 -0.371616 -0.859644 0 0 0 1 
-0.796605 -0.604497 -0.00198955 -0.117702 0.246646 -0.328031 0.9119 -0.844547 0.551894 -0.725933 -0.410408 -0.984019 0 0 0 1 
-0.825469 -0.564161 -0.0180074 -0.174235 0.241196 -0.381398 0.89239 -0.894291 0.510319 -0.732297 -0.450905 -1.14005 0 0 0 1 
-0.852424 -0.522142 -0.0272295 -0.209736 0.236332 -0.431233 0.870739 -0.950445 0.466392 -0.735803 -0.490992 -1.3121 0 0 0 1 
-0.877286 -0.479059 -0.029513 -0.216268 0.231504 -0.476209 0.848311 -1.01261 0.420445 -0.737379 -0.528675 -1.48194 0 0 0 1 
-0.899863 -0.435354 -0.0267025 -0.196209 0.225319 -0.516401 0.826173 -1.07814 0.373467 -0.737426 -0.562784 -1.63195 0 0 0 1 
-0.919967 -0.391367 -0.022203 -0.161034 0.2159 -0.553153 0.804617 -1.14383 0.327183 -0.735427 -0.593379 -1.748 0 0 0 1 
-0.937492 -0.34745 -0.019679 -0.12649 0.201492 -0.588035 0.783337 -1.20708 0.283742 -0.730407 -0.621286 -1.81928 0 0 0 1 
-0.952446 -0.303966 -0.0212381 -0.105282 0.181179 -0.620987 0.762594 -1.26552 0.244991 -0.722482 -0.646529 -1.83424 0 0 0 1 
-0.964917 -0.261246 -0.0261797 -0.0996273 0.155562 -0.649184 0.744554 -1.31645 0.211507 -0.71436 -0.667049 -1.77559 0 0 0 1 
-0.97531 -0.219808 0.0213243 0.257797 0.150077 -0.588861 0.794178 -1.44091 0.16201 -0.77777 -0.60731 -0.684777 0 0 0 1 
-0.925977 -0.294001 0.236917 1.3744 0.350347 -0.435034 0.829459 -1.96113 0.140795 -0.851064 -0.505834 0.109983 0 0 0 1 
-0.908512 -0.364535 0.204254 1.26792 0.345619 -0.380828 0.857623 -1.79139 0.234848 -0.849755 -0.471977 0.033489 0 0 0 1 
-0.888301 -0.445414 0.111925 0.812429 0.288132 -0.350721 0.891053 -1.41454 0.357633 -0.823773 -0.439884 -0.187119 0 0 0 1 
-0.83854 -0.544026 0.0297726 0.28003 0.245866 -0.329072 0.911736 -1.04831 0.486211 -0.771847 -0.409697 -0.533412 0 0 0 1 
-0.766091 -0.642447 0.0191438 -0.0560573 0.252448 -0.273375 0.92819 -0.798522 0.591079 -0.71591 -0.371615 -0.859643 0 0 0 1 
-0.75176 -0.585698 0.303009 1.22894 0.315493 0.0840512 0.945198 -0.884899 0.579069 -0.80616 -0.121598 0.336844 0 0 0 1 
-0.782147 -0.548265 0.296061 1.23305 0.315551 0.0611799 0.946934 -0.862329 0.537284 -0.834064 -0.125154 0.383475 0 0 0 1 
-0.812089 -0.513773 0.276673 1.16365 0.31223 0.0179744 0.949836 -0.813242 0.492974 -0.857738 -0.145819 0.327035 0 0 0 1 
-0.840689 -0.479702 0.251252 1.05699 0.306472 -0.0389537 0.951082 -0.760359 0.446449 -0.876566 -0.179763 0.190426 0 0 0 1 
-0.86719 -0.443907 0.225671 0.946211 0.298874 -0.101475 0.948882 -0.720992 0.398316 -0.890308 -0.22067 0.0113199 0 0 0 1 
-0.890984 -0.405081 0.20508 0.860433 0.289791 -0.159643 0.943682 -0.699992 0.349528 -0.900236 -0.259628 -0.156534 0 0 0 1 
-0.911619 -0.362704 0.193384 0.82154 0.279588 -0.202298 0.938566 -0.687026 0.301301 -0.909682 -0.285827 -0.246993 0 0 0 1 
-0.928829 -0.316682 0.192324 0.838561 0.268765 -0.218587 0.938075 -0.662827 0.255032 -0.923002 -0.288143 -0.191605 0 0 0 1 
-0.942549 -0.267041 0.200727 0.902939 0.257946 -0.199934 0.945246 -0.616145 0.212287 -0.942717 -0.25733 0.0651141 0 0 0 1 
-0.952857 -0.213721 0.215377 0.994197 0.248181 -0.140618 0.958453 -0.563126 0.174556 -0.966721 -0.18703 0.558084 0 0 0 1 
-0.936858 -0.0295254 0.34846 1.68104 0.316603 0.351574 0.880998 -1.47387 0.148521 -0.935694 0.320027 3.6715 0 0 0 1 
-0.841751 0.161149 0.515255 2.45002 0.515972 0.520942 0.679995 -3.09266 0.158837 -0.838243 0.521651 4.85005 0 0 0 1 
-0.830741 0.04756 0.554623 2.69612 0.498935 0.50544 0.703985 -2.91003 0.246847 -0.86155 0.443619 4.2681 0 0 0 1 
-0.830142 -0.151468 0.536584 2.63829 0.426644 0.446999 0.786236 -2.26682 0.358942 -0.881617 0.30645 3.28691 0 0 0 1 
-0.804045 -0.384705 0.453336 2.16296 0.35586 0.29944 0.885268 -1.4606 0.476314 -0.873119 0.103862 1.88547 0 0 0 1 
-0.75176 -0.585698 0.303009 1.22894 0.315493 0.0840508 0.945198 -0.884899 0.579069 -0.80616 -0.121598 0.336841 0 0 0 1 
-0.906269 -0.422515 0.0125557 -0.421096 0.00625521 0.0162953 0.999848 -0.0358167 0.422656 -0.906209 0.0121249 1.45878 0 0 0 1 
-0.910771 -0.412737 0.0120384 -0.399759 0.00625211 0.0153671 0.999863 -0.037353 0.412865 -0.910721 0.0114154 1.45962 0 0 0 1 
-0.91533 -0.402527 0.0119467 -0.374239 0.00639789 0.0151265 0.999865 -0.0380359 0.402654 -0.915283 0.0112705 1.46539 0 0 0 1 
-0.919886 -0.391995 0.012226 -0.345055 0.00667764 0.0155148 0.999858 -0.037642 0.392129 -0.919837 0.0116542 1.47592 0 0 0 1 
-0.924388 -0.381239 0.0128222 -0.313017 0.0070842 0.0164504 0.99984 -0.0364704 0.381389 -0.92433 0.0125057 1.4906 0 0 0 1 
-0.928783 -0.370371 0.0136492 -0.279437 0.00760369 0.017778 0.999813 -0.0352626 0.370545 -0.928714 0.0136959 1.50809 0 0 0 1 
-0.932953 -0.359717 0.0142751 -0.248036 0.00806481 0.0187596 0.999791 -0.0343504 0.35991 -0.932873 0.0146009 1.52354 0 0 0 1 
-0.936803 -0.349559 0.014441 -0.221582 0.00833124 0.018976 0.999786 -0.0343232 0.349758 -0.936722 0.0148643 1.53385 0 0 0 1 
-0.940261 -0.340171 0.0139287 -0.202613 0.00827581 0.0180635 0.999803 -0.0358415 0.340356 -0.94019 0.0141691 1.53612 0 0 0 1 
-0.943278 -0.331765 0.0125551 -0.193009 0.00782044 0.0156025 0.999848 -0.039506 0.331911 -0.943233 0.012123 1.52703 0 0 0 1 
-0.945659 -0.32507 0.00759123 -0.215944 0.00612208 0.00554193 0.999966 -0.0550194 0.325101 -0.945673 0.00325063 1.46268 0 0 0 1 
-0.945469 -0.325471 0.012555 -0.17776 0.00792399 0.0155499 0.999848 -0.039763 0.325616 -0.945425 0.0121229 1.53248 0 0 0 1 
-0.938548 -0.34492 0.0125551 -0.225707 0.00760161 0.0157103 0.999848 -0.0397029 0.345065 -0.938501 0.0121228 1.51559 0 0 0 1 
-0.928479 -0.371245 0.0102256 -0.308694 0.00620966 0.0120111 0.999909 -0.0434055 0.371333 -0.928458 0.00884683 1.46899 0 0 0 1 
-0.917182 -0.39835 0.00972182 -0.381174 0.00566504 0.0113596 0.99992 -0.0437198 0.398429 -0.917163 0.00816213 1.44366 0 0 0 1 
-0.906269 -0.422516 0.0125557 -0.421097 0.00625513 0.0162953 0.999848 -0.0358181 0.422656 -0.906209 0.0121249 1.45878 0 0 0 1 
-0.906269 -0.419813 0.0493307 -0.127862 0.00625336 0.103375 0.994623 0.0879951 0.422655 -0.901704 0.0910606 2.08572 0 0 0 1 
-0.907514 -0.417142 0.0490974 -0.12271 0.00630233 0.103356 0.994625 0.0879964 0.419974 -0.902945 0.0911678 2.0883 0 0 0 1 
-0.911055 -0.409431 0.0484228 -0.108034 0.00644078 0.103301 0.994629 0.0876928 0.412234 -0.906474 0.0914764 2.09582 0 0 0 1 
-0.916353 -0.397558 0.0473839 -0.0855128 0.00665171 0.103216 0.994637 0.0874155 0.400317 -0.911753 0.0919381 2.10771 0 0 0 1 
-0.922638 -0.382902 0.0461016 -0.0580941 0.00690897 0.103108 0.994646 0.0870523 0.385606 -0.918017 0.0924858 2.12271 0 0 0 1 
-0.929067 -0.367198 0.0447279 -0.0295067 0.007181 0.102989 0.994657 0.086191 0.369842 -0.924424 0.0930467 2.13894 0 0 0 1 
-0.934863 -0.352342 0.0434281 -0.00276363 0.00743461 0.102872 0.994667 0.0855912 0.354931 -0.9302 0.0935521 2.15473 0 0 0 1 
-0.939411 -0.340165 0.0423631 0.0189303 0.0076401 0.102775 0.994676 0.0852337 0.342708 -0.934733 0.0939487 2.16795 0 0 0 1 
-0.942293 -0.332186 0.0416646 0.0328991 0.00777318 0.102709 0.994681 0.0849388 0.334699 -0.937605 0.0941999 2.17663 0 0 0 1 
-0.943278 -0.329409 0.0414218 0.0376137 0.00781946 0.102686 0.994683 0.0847825 0.331911 -0.938587 0.0942856 2.17952 0 0 0 1 
-0.944379 -0.326276 0.0411477 0.0427302 0.00787124 0.10266 0.994686 0.0846789 0.328766 -0.939683 0.0943819 2.18239 0 0 0 1 
-0.945469 -0.323139 0.0408731 0.0485179 0.00792293 0.102634 0.994688 0.0845639 0.325617 -0.94077 0.0944768 2.18648 0 0 0 1 
-0.940367 -0.337544 0.0421335 0.0227587 0.00768386 0.102753 0.994677 0.0843373 0.340077 -0.935685 0.0940317 2.17023 0 0 0 1 
-0.927139 -0.371988 0.0451468 -0.0385414 0.00709834 0.103026 0.994654 0.0862548 0.37465 -0.922503 0.0928787 2.13355 0 0 0 1 
-0.912642 -0.405918 0.0481156 -0.101606 0.00650352 0.103277 0.994632 0.0874679 0.408708 -0.908055 0.0916146 2.09902 0 0 0 1 
-0.906269 -0.419813 0.0493308 -0.127861 0.00625344 0.103375 0.994623 0.0879931 0.422655 -0.901704 0.0910606 2.08572 0 0 0 1 
-0.519605 -0.797625 -0.306277 -0.134943 -0.23732 -0.209628 0.948544 -0.747478 0.820786 -0.565554 0.0803687 0.449332 0 0 0 1 
-0.518059 -0.805068 -0.28893 -0.0331877 -0.252392 -0.178871 0.950949 -0.792226 0.817259 -0.565571 0.110527 0.609762 0 0 0 1 
-0.516266 -0.814773 -0.263843 0.0862609 -0.274226 -0.134586 0.952201 -0.844329 0.811337 -0.563942 0.15395 0.824212 0 0 0 1 
-0.514845 -0.824982 -0.233109 0.205385 -0.3018 -0.0800916 0.950002 -0.906248 0.802404 -0.559455 0.207744 1.07457 0 0 0 1 
-0.514173 -0.834608 -0.197626 0.313955 -0.333011 -0.0180767 0.94275 -0.978871 0.790399 -0.550548 0.268639 1.33955 0 0 0 1 
-0.514233 -0.843493 -0.155191 0.414783 -0.365514 0.0518454 0.929361 -1.06331 0.775863 -0.534633 0.334969 1.59993 0 0 0 1 
-0.514793 -0.852199 -0.0935184 0.536597 -0.398788 0.141469 0.906065 -1.16991 0.758918 -0.50373 0.412674 1.85057 0 0 0 1 
-0.515782 -0.851668 -0.0929038 0.532596 -0.413368 0.152414 0.897718 -1.22632 0.750397 -0.50143 0.430664 1.95433 0 0 0 1 
-0.51602 -0.851498 -0.0931418 0.529685 -0.419655 0.156516 0.894088 -1.27219 0.746735 -0.500454 0.4381 1.98675 0 0 0 1 
-0.51592 -0.841618 -0.159708 0.404234 -0.401925 0.0731782 0.912744 -1.25363 0.756494 -0.535093 0.376021 1.83222 0 0 0 1 
-0.524357 -0.753072 -0.397407 -0.318404 -0.244324 -0.314025 0.917439 -1.18016 0.815693 -0.578161 0.0193322 0.327522 0 0 0 1 
-0.537389 -0.616845 -0.575079 -1.4539 -0.227705 -0.550454 0.803213 -1.38588 0.812012 -0.562586 -0.155349 -0.582975 0 0 0 1 
-0.536487 -0.632259 -0.558955 -1.40394 -0.222663 -0.53282 0.816409 -1.28328 0.814005 -0.562451 -0.14507 -0.557283 0 0 0 1 
-0.535455 -0.685356 -0.493533 -1.0289 -0.207943 -0.459392 0.86355 -1.08432 0.818564 -0.56502 -0.103469 -0.368983 0 0 0 1 
-0.527992 -0.748828 -0.400602 -0.538225 -0.211743 -0.340738 0.916004 -0.884989 0.822429 -0.568467 -0.0213476 0.0101364 0 0 0 1 
-0.519605 -0.797625 -0.306277 -0.134943 -0.23732 -0.209628 0.948544 -0.747478 0.820786 -0.565553 0.0803689 0.449332 0 0 0 1 
-0.514048 -0.857584 0.0174422 1.388 -0.309769 0.204565 0.928545 -1.03099 0.799874 -0.471913 0.370809 1.74767 0 0 0 1 
-0.513762 -0.857415 0.0297947 1.46317 -0.322924 0.225437 0.919184 -1.12552 0.794839 -0.46262 0.392701 1.86562 0 0 0 1 
-0.513211 -0.857776 0.0288682 1.45814 -0.338177 0.233019 0.911778 -1.20068 0.788828 -0.458172 0.409668 1.95658 0 0 0 1 
-0.51269 -0.858516 0.00995189 1.34356 -0.354238 0.222074 0.908405 -1.23783 0.78209 -0.462204 0.417974 2.00075 0 0 0 1 
-0.512625 -0.858092 -0.0298808 1.09961 -0.368821 0.18864 0.910157 -1.22481 0.775362 -0.47759 0.413184 1.97354 0 0 0 1 
-0.513519 -0.852895 -0.094173 0.700964 -0.378458 0.126624 0.916916 -1.1553 0.770109 -0.506495 0.387809 1.83102 0 0 0 1 
-0.516561 -0.832961 -0.198346 0.0435181 -0.37652 0.0129224 0.926319 -1.01704 0.769024 -0.553181 0.320301 1.44672 0 0 0 1 
-0.517643 -0.8316 -0.201216 0.0230361 -0.390526 0.0203944 0.920366 -1.06078 0.761273 -0.555001 0.335318 1.53864 0 0 0 1 
-0.517909 -0.831204 -0.202166 0.0167363 -0.396742 0.0240209 0.917616 -1.10237 0.757869 -0.555449 0.342214 1.56922 0 0 0 1 
-0.515083 -0.852935 -0.0848089 0.755418 -0.41745 0.163212 0.893923 -1.38211 0.748615 -0.495847 0.440125 2.11021 0 0 0 1 
-0.520029 -0.830091 0.201293 2.48255 -0.374082 0.433198 0.820001 -1.97505 0.767876 -0.351124 0.535797 2.60832 0 0 0 1 
-0.50291 -0.864286 0.00958888 1.36088 -0.365017 0.222425 0.904041 -1.27681 0.783483 -0.451151 0.427339 2.05705 0 0 0 1 
-0.504304 -0.863464 -0.0104295 1.23641 -0.351946 0.194494 0.915591 -1.16079 0.788551 -0.465406 0.401977 1.92476 0 0 0 1 
-0.513273 -0.857626 0.0320862 1.47845 -0.330151 0.231823 0.915019 -1.16556 0.792181 -0.459061 0.402135 1.91752 0 0 0 1 
-0.516502 -0.854337 0.0577422 1.62757 -0.315985 0.252839 0.914454 -1.16606 0.795851 -0.454072 0.40055 1.9061 0 0 0 1 
-0.514047 -0.857584 0.0174426 1.388 -0.309769 0.204565 0.928545 -1.03099 0.799874 -0.471913 0.370809 1.74767 0 0 0 1 
-0.707105 -0.706997 0.0125549 0.970231 0.00030461 0.0174506 0.999848 -0.00423622 0.707108 -0.707001 0.0121241 -0.451067 0 0 0 1 
-0.707383 -0.706736 0.0115813 0.962629 0.000590979 0.0157934 0.999875 -0.00662327 0.70683 -0.707301 0.0107542 -0.462803 0 0 0 1 
-0.7075 -0.706624 0.0112164 0.959745 0.000711252 0.0151592 0.999885 -0.00769711 0.706713 -0.707426 0.0102225 -0.467523 0 0 0 1 
-0.707424 -0.706695 0.0115281 0.962183 0.000633572 0.0156763 0.999877 -0.00692177 0.706789 -0.707345 0.0106419 -0.463958 0 0 0 1 
-0.707168 -0.706938 0.0123676 0.968779 0.000370001 0.0171219 0.999854 -0.00465107 0.707046 -0.707068 0.0118464 -0.453424 0 0 0 1 
-0.706835 -0.707253 0.0133135 0.976167 2.82576e-05 0.0187928 0.999824 -0.00222301 0.707379 -0.706711 0.0132634 -0.441025 0 0 0 1 
-0.707105 -0.706997 0.0125553 0.970418 0.000305936 0.0174499 0.999848 0.00614166 0.707108 -0.707002 0.0121226 -0.445211 0 0 0 1 
-0.707035 -0.707065 0.0127327 0.971301 0.000232853 0.0177721 0.999842 0.0246038 0.707179 -0.706926 0.0124007 -0.433079 0 0 0 1 
-0.707105 -0.706997 0.0125548 0.970242 0.000305687 0.0174496 0.999848 0.0119772 0.707108 -0.707002 0.0121225 -0.441719 0 0 0 1 
-0.707105 -0.706997 0.0125548 0.970227 0.000305633 0.0174496 0.999848 -0.00423527 0.707109 -0.707001 0.0121226 -0.451071 0 0 0 1 
-0.709813 -0.704379 0.00392191 0.902831 0.00305444 0.00249 0.999992 -0.0271916 0.704384 -0.709819 -0.000384207 -0.559384 0 0 0 1 
-0.707105 -0.706997 0.0125548 0.970227 0.000305662 0.0174494 0.999848 -0.00423622 0.707109 -0.707001 0.0121225 -0.451072 0 0 0 1 
-0.706342 -0.707727 0.0142397 0.983324 -0.000480562 0.0205958 0.999788 5.14984e-05 0.707871 -0.706186 0.0148876 -0.426509 0 0 0 1 
-0.707388 -0.706728 0.0117805 0.964172 0.00059575 0.0160705 0.999871 -0.0062871 0.706826 -0.707303 0.0109473 -0.461417 0 0 0 1 
-0.707744 -0.706392 0.010431 0.953612 0.000960514 0.0138029 0.999904 -0.00969219 0.706469 -0.707686 0.00909051 -0.477304 0 0 0 1 
-0.707105 -0.706997 0.0125551 0.970231 0.00030473 0.0174508 0.999847 -0.0042367 0.707108 -0.707001 0.0121242 -0.451068 0 0 0 1 
-0.707106 -0.703212 0.0741248 1.45977 0.000303034 0.104527 0.994522 0.118779 0.707108 -0.703255 0.0736984 0.0384184 0 0 0 1 
-0.707106 -0.703212 0.0741253 1.45973 0.000304345 0.104526 0.994522 0.118877 0.707108 -0.703255 0.0736969 0.038395 0 0 0 1 
-0.707106 -0.703212 0.0741249 1.45967 0.000304477 0.104526 0.994522 0.118743 0.707108 -0.703255 0.0736965 0.0382532 0 0 0 1 
