a
29
16
15
0
0
0.773529 -0.633271 -0.0249037 0.00966488 -0.0170241 0.0185184 -0.999684 -0.0594484 -0.633532 -0.773709 -0.00354362 0.0539017 0 0 0 1 
0.773529 -0.633271 -0.0249037 0.00966488 -0.0170241 0.0185184 -0.999684 -0.0611995 -0.633532 -0.773709 -0.0035436 0.0295355 0 0 0 1 
0.773529 -0.633271 -0.0249037 0.00966488 -0.0170241 0.0185184 -0.999684 -0.0626813 -0.633532 -0.773709 -0.00354364 0.00891788 0 0 0 1 
0.773529 -0.633271 -0.0249037 0.00966488 -0.0170241 0.0185184 -0.999684 -0.0626813 -0.633532 -0.773709 -0.00354364 0.00891788 0 0 0 1 
0.773529 -0.633271 -0.0249037 0.00966488 -0.0170241 0.0185184 -0.999684 -0.0626813 -0.633532 -0.773709 -0.00354364 0.00891788 0 0 0 1 
0.773529 -0.633271 -0.0249037 0.00966488 -0.0170241 0.0185184 -0.999684 -0.0626813 -0.633532 -0.773709 -0.00354364 0.00891788 0 0 0 1 
0.773529 -0.633271 -0.0249037 0.00966488 -0.0170241 0.0185184 -0.999684 -0.0626813 -0.633532 -0.773709 -0.00354364 0.00891788 0 0 0 1 
0.773529 -0.633271 -0.0249037 0.00966488 -0.0170241 0.0185184 -0.999684 -0.0626813 -0.633532 -0.773709 -0.00354364 0.00891788 0 0 0 1 
0.773529 -0.633271 -0.0249037 0.00966488 -0.0170241 0.0185184 -0.999684 -0.0626813 -0.633532 -0.773709 -0.00354364 0.00891788 0 0 0 1 
0.773529 -0.633271 -0.0249037 0.00966488 -0.0170241 0.0185184 -0.999684 -0.0626813 -0.633532 -0.773709 -0.00354364 0.00891788 0 0 0 1 
0.773529 -0.633271 -0.0249037 0.00966488 -0.0170241 0.0185184 -0.999684 -0.0626813 -0.633532 -0.773709 -0.00354364 0.00891788 0 0 0 1 
0.773529 -0.633271 -0.0249037 0.00966488 -0.0170241 0.0185184 -0.999684 -0.0626813 -0.633532 -0.773709 -0.00354364 0.00891788 0 0 0 1 
0.773529 -0.633271 -0.0249037 0.00966488 -0.0170241 0.0185184 -0.999684 -0.0626813 -0.633532 -0.773709 -0.00354364 0.00891788 0 0 0 1 
0.773529 -0.633271 -0.0249037 0.00966488 -0.0170241 0.0185184 -0.999684 -0.0626813 -0.633532 -0.773709 -0.00354364 0.00891788 0 0 0 1 
0.773529 -0.633271 -0.0249037 0.00966488 -0.0170241 0.0185184 -0.999684 -0.0611995 -0.633532 -0.773709 -0.0035436 0.0295355 0 0 0 1 
0.773529 -0.633271 -0.0249037 0.00966488 -0.0170241 0.0185184 -0.999684 -0.0594484 -0.633532 -0.773709 -0.00354362 0.0539017 0 0 0 1 
0.832445 -0.526943 0.171365 -0.0249249 0.0910319 -0.175007 -0.98035 -0.0607045 -0.546578 -0.831687 0.0977152 0.0372461 0 0 0 1 
0.884953 -0.46425 0.0364858 -0.00252024 -0.0186258 -0.113573 -0.993355 -0.0609149 -0.465309 -0.878392 0.109154 0.0114428 0 0 0 1 
0.912145 -0.402262 -0.0785887 0.0164996 -0.115525 -0.068359 -0.990949 -0.0633144 -0.393249 -0.912969 0.108825 -0.00873164 0 0 0 1 
0.912145 -0.402262 -0.0785887 0.0164996 -0.115525 -0.068359 -0.990949 -0.0633144 -0.393249 -0.912969 0.108825 -0.00873164 0 0 0 1 
0.912145 -0.402262 -0.0785887 0.0164996 -0.115525 -0.068359 -0.990949 -0.0633144 -0.393249 -0.912969 0.108825 -0.00873164 0 0 0 1 
0.912145 -0.402262 -0.0785887 0.0164996 -0.115525 -0.068359 -0.990949 -0.0633144 -0.393249 -0.912969 0.108825 -0.00873164 0 0 0 1 
0.912145 -0.402262 -0.0785887 0.0164996 -0.115525 -0.068359 -0.990949 -0.0633144 -0.393249 -0.912969 0.108825 -0.00873164 0 0 0 1 
0.912145 -0.402262 -0.0785887 0.0164996 -0.115525 -0.068359 -0.990949 -0.0633144 -0.393249 -0.912969 0.108825 -0.00873164 0 0 0 1 
0.912145 -0.402262 -0.0785887 0.0164996 -0.115525 -0.068359 -0.990949 -0.0633144 -0.393249 -0.912969 0.108825 -0.00873164 0 0 0 1 
0.912145 -0.402262 -0.0785887 0.0164996 -0.115525 -0.068359 -0.990949 -0.0633144 -0.393249 -0.912969 0.108825 -0.00873164 0 0 0 1 
0.912145 -0.402262 -0.0785887 0.0164996 -0.115525 -0.068359 -0.990949 -0.0633144 -0.393249 -0.912969 0.108825 -0.00873164 0 0 0 1 
0.912145 -0.402262 -0.0785887 0.0164996 -0.115525 -0.068359 -0.990949 -0.0633144 -0.393249 -0.912969 0.108825 -0.00873164 0 0 0 1 
0.912145 -0.402262 -0.0785887 0.0164996 -0.115525 -0.068359 -0.990949 -0.0633144 -0.393249 -0.912969 0.108825 -0.00873164 0 0 0 1 
0.912145 -0.402262 -0.0785887 0.0164996 -0.115525 -0.068359 -0.990949 -0.0633144 -0.393249 -0.912969 0.108825 -0.00873164 0 0 0 1 
0.884953 -0.46425 0.0364858 -0.00252024 -0.0186258 -0.113573 -0.993355 -0.0609149 -0.465309 -0.878392 0.109154 0.0114428 0 0 0 1 
0.832445 -0.526943 0.171365 -0.0249249 0.0910319 -0.175007 -0.98035 -0.0607045 -0.546578 -0.831687 0.0977152 0.0372461 0 0 0 1 
0.787208 -0.612614 -0.0707706 0.0145125 -0.0525229 0.0477392 -0.997478 -0.0590628 -0.614447 -0.788939 -0.00540447 0.0537693 0 0 0 1 
0.991951 -0.117813 -0.0464036 0.0226197 -0.0324083 0.118044 -0.992479 -0.0598134 -0.122405 -0.985995 -0.113275 0.0358455 0 0 0 1 
0.943664 0.330533 0.0156914 0.0260235 -0.0460123 0.178028 -0.982949 -0.0609601 0.327691 -0.926852 -0.183207 0.0233734 0 0 0 1 
0.943664 0.330533 0.0156914 0.0260235 -0.0460123 0.178028 -0.982949 -0.0609601 0.327691 -0.926852 -0.183207 0.0233734 0 0 0 1 
0.943664 0.330533 0.0156914 0.0260235 -0.0460123 0.178028 -0.982949 -0.0609601 0.327691 -0.926852 -0.183207 0.0233734 0 0 0 1 
0.98478 0.172506 0.0212098 0.022199 -0.0108276 0.182685 -0.983112 -0.0608325 0.173467 -0.967919 -0.181773 0.0223122 0 0 0 1 
0.999386 0.0229718 0.0264315 0.0185702 0.0218202 0.181857 -0.983083 -0.0608394 0.02739 -0.983056 -0.181244 0.0218847 0 0 0 1 
0.999627 0.00335784 0.0271165 0.0180936 0.0260579 0.181387 -0.983066 -0.0608491 0.0082196 -0.983406 -0.181232 0.0218684 0 0 0 1 
0.999386 0.0229718 0.0264315 0.0185702 0.0218202 0.181857 -0.983083 -0.0608394 0.02739 -0.983056 -0.181244 0.0218847 0 0 0 1 
0.999386 0.0229718 0.0264315 0.0185702 0.0218202 0.181857 -0.983083 -0.0608394 0.02739 -0.983056 -0.181244 0.0218847 0 0 0 1 
0.999386 0.0229718 0.0264315 0.0185702 0.0218202 0.181857 -0.983083 -0.0608394 0.02739 -0.983056 -0.181244 0.0218847 0 0 0 1 
0.999386 0.0229718 0.0264315 0.0185702 0.0218202 0.181857 -0.983083 -0.0608394 0.02739 -0.983056 -0.181244 0.0218847 0 0 0 1 
0.999386 0.0229718 0.0264315 0.0185702 0.0218202 0.181857 -0.983083 -0.0608394 0.02739 -0.983056 -0.181244 0.0218847 0 0 0 1 
0.999386 0.0229719 0.0264315 0.0185702 0.0218202 0.181857 -0.983083 -0.0608394 0.02739 -0.983056 -0.181244 0.0218847 0 0 0 1 
0.958215 -0.284116 -0.0332198 0.0178545 -0.000510334 0.114434 -0.993431 -0.0597845 -0.286051 -0.951937 -0.109508 0.0361301 0 0 0 1 
0.787208 -0.612614 -0.0707706 0.0145125 -0.0525229 0.0477392 -0.997478 -0.0590628 -0.614447 -0.788939 -0.00540447 0.0537693 0 0 0 1 
0.835247 -0.548303 0.0415464 0.0187075 0.0899458 0.0616967 -0.994034 -0.0585757 -0.542468 -0.834001 -0.10085 0.0504913 0 0 0 1 
0.99452 -0.0132131 0.103711 0.0286693 0.104207 0.205424 -0.973109 -0.0571224 0.00844692 -0.978584 -0.205675 0.0339782 0 0 0 1 
0.873674 0.43327 0.221292 0.0332618 0.0795979 0.321426 -0.943583 -0.0564116 0.479956 -0.841998 -0.246335 0.0241262 0 0 0 1 
0.873674 0.43327 0.221292 0.0332618 0.0795979 0.321426 -0.943583 -0.0564116 0.479956 -0.841998 -0.246335 0.0241262 0 0 0 1 
0.873674 0.43327 0.221292 0.0332618 0.0795979 0.321426 -0.943583 -0.0564116 0.479956 -0.841998 -0.246335 0.0241262 0 0 0 1 
0.94553 0.301237 0.123408 0.0277448 0.0618447 0.205966 -0.976603 -0.0600701 0.319607 -0.931039 -0.176118 0.0234266 0 0 0 1 
0.984754 0.163129 0.060406 0.0228573 0.0450547 0.0962198 -0.99434 -0.0632364 0.168018 -0.981901 -0.0874032 0.0241107 0 0 0 1 
0.988037 0.143095 0.057501 0.0222895 0.0428308 0.10357 -0.993699 -0.0630382 0.148149 -0.984275 -0.0962024 0.0238424 0 0 0 1 
0.984754 0.160921 0.0660624 0.0229309 0.0450548 0.130863 -0.990376 -0.0622763 0.168018 -0.978253 -0.121618 0.0234221 0 0 0 1 
0.984754 0.165138 0.054676 0.0227771 0.0450546 0.0614592 -0.997092 -0.0641718 0.168018 -0.984353 -0.053082 0.0248317 0 0 0 1 
0.984754 0.160921 0.0660624 0.0229309 0.0450548 0.130863 -0.990376 -0.0622763 0.168018 -0.978253 -0.121618 0.0234221 0 0 0 1 
0.984754 0.165138 0.054676 0.0227771 0.0450546 0.0614592 -0.997092 -0.0641718 0.168018 -0.984353 -0.053082 0.0248317 0 0 0 1 
0.984754 0.160921 0.0660624 0.0229309 0.0450548 0.130863 -0.990376 -0.0622763 0.168018 -0.978253 -0.121618 0.0234221 0 0 0 1 
0.984754 0.165138 0.054676 0.0227771 0.0450547 0.0614593 -0.997092 -0.0641717 0.168018 -0.984353 -0.0530821 0.0248317 0 0 0 1 
0.982145 -0.175031 0.0689553 0.0229323 0.07894 0.0507317 -0.995588 -0.0614004 -0.17076 -0.983255 -0.0636428 0.0364367 0 0 0 1 
0.835247 -0.548303 0.0415464 0.0187075 0.0899458 0.0616967 -0.994034 -0.0585757 -0.542468 -0.834001 -0.10085 0.0504913 0 0 0 1 
0.835247 -0.548136 0.0436902 0.0190304 0.0899465 0.0578101 -0.994267 -0.0585755 -0.542468 -0.834389 -0.0975887 0.0509885 0 0 0 1 
0.995098 0.0170976 0.0974059 0.0274375 0.0918779 0.204566 -0.974531 -0.0573349 0.0365881 -0.978704 -0.201992 0.0345483 0 0 0 1 
0.850778 0.481993 0.209424 0.0310099 0.0507088 0.321352 -0.945601 -0.0567282 0.523072 -0.815117 -0.248958 0.0235006 0 0 0 1 
0.850778 0.481993 0.209424 0.0310099 0.0507088 0.321352 -0.945601 -0.0567282 0.523072 -0.815117 -0.248958 0.0235006 0 0 0 1 
0.850778 0.481993 0.209424 0.0310099 0.0507088 0.321352 -0.945601 -0.0567282 0.523072 -0.815117 -0.248958 0.0235006 0 0 0 1 
0.928715 0.360878 0.0851777 0.0214047 0.039011 0.133345 -0.990301 -0.0614884 0.368736 -0.923031 -0.109762 0.033418 0 0 0 1 
0.974813 0.22234 0.0174338 0.0158062 0.0281346 -0.0450518 -0.998588 -0.0625932 0.221241 -0.973927 0.0501724 0.044885 0 0 0 1 
0.97917 0.202444 0.0155842 0.0153973 0.0255136 -0.0465305 -0.998591 -0.0624118 0.201434 -0.978188 0.0507263 0.0460499 0 0 0 1 
0.975001 0.22097 0.023346 0.0159109 0.0262575 -0.0102478 -0.999602 -0.0623889 0.220643 -0.975227 0.0157936 0.0442167 0 0 0 1 
0.974635 0.223504 0.0114771 0.0156993 0.0300322 -0.079798 -0.996358 -0.0627739 0.221774 -0.971431 0.0844862 0.0455598 0 0 0 1 
0.975001 0.22097 0.023346 0.0159109 0.0262575 -0.0102478 -0.999602 -0.0623889 0.220643 -0.975227 0.0157936 0.0442167 0 0 0 1 
0.974635 0.223504 0.0114771 0.0156993 0.0300322 -0.079798 -0.996358 -0.0627739 0.221774 -0.971431 0.0844862 0.0455598 0 0 0 1 
0.975001 0.22097 0.023346 0.0159109 0.0262575 -0.0102478 -0.999602 -0.0623889 0.220643 -0.975227 0.0157936 0.0442167 0 0 0 1 
0.974635 0.223504 0.0114771 0.0156993 0.0300322 -0.0797979 -0.996358 -0.0627738 0.221774 -0.971431 0.0844862 0.0455598 0 0 0 1 
0.98741 -0.140227 0.0732013 0.0232585 0.0701851 -0.0263416 -0.997186 -0.0609404 -0.14176 -0.989769 0.0161683 0.0485896 0 0 0 1 
0.835247 -0.548136 0.0436902 0.0190304 0.0899465 0.0578101 -0.994267 -0.0585755 -0.542468 -0.834389 -0.0975887 0.0509885 0 0 0 1 
0.453218 -0.878932 -0.14857 -0.0354131 -0.284275 0.015454 -0.958618 -0.073912 -0.844856 -0.476697 0.242855 0.0916611 0 0 0 1 
0.976543 -0.0863301 -0.197259 -0.0183405 -0.177686 0.194353 -0.964705 -0.0709974 -0.121621 -0.977126 -0.174454 0.0317591 0 0 0 1 
0.750265 0.658729 0.0563831 0.00594644 -0.222189 0.331546 -0.916902 -0.0682627 0.622683 -0.675391 -0.39511 0.0123306 0 0 0 1 
0.750265 0.658729 0.0563831 0.00594644 -0.222189 0.331546 -0.916902 -0.0682627 0.622683 -0.675391 -0.39511 0.0123306 0 0 0 1 
0.750265 0.658729 0.0563831 0.00594644 -0.222189 0.331546 -0.916902 -0.0682627 0.622683 -0.675391 -0.39511 0.0123306 0 0 0 1 
0.831545 0.551916 -0.0626206 -0.0017931 -0.214909 0.215721 -0.952511 -0.0709864 0.512198 -0.805514 -0.297993 0.0175902 0 0 0 1 
0.891658 0.43018 -0.141032 -0.00759355 -0.204876 0.105641 -0.97307 -0.0731567 0.403697 -0.89654 -0.182329 0.0238972 0 0 0 1 
0.89951 0.411848 -0.145815 -0.00817033 -0.208806 0.112084 -0.971512 -0.0729277 0.383772 -0.904333 -0.186817 0.0241771 0 0 0 1 
0.893513 0.428056 -0.135655 -0.00746189 -0.213371 0.138919 -0.967044 -0.0723628 0.395104 -0.893011 -0.21546 0.0229126 0 0 0 1 
0.889841 0.432114 -0.146494 -0.00773133 -0.19608 0.0722501 -0.977922 -0.0739158 0.41199 -0.89892 -0.14902 0.0249083 0 0 0 1 
0.893513 0.428056 -0.135655 -0.00746189 -0.213371 0.138919 -0.967044 -0.0723628 0.395104 -0.893011 -0.21546 0.0229126 0 0 0 1 
0.889841 0.432114 -0.146494 -0.00773133 -0.19608 0.0722501 -0.977922 -0.0739158 0.41199 -0.89892 -0.14902 0.0249083 0 0 0 1 
0.893513 0.428056 -0.135655 -0.00746189 -0.213371 0.138919 -0.967044 -0.0723628 0.395104 -0.893011 -0.21546 0.0229126 0 0 0 1 
0.889841 0.432114 -0.146494 -0.00773133 -0.19608 0.0722502 -0.977922 -0.0739158 0.41199 -0.89892 -0.14902 0.0249083 0 0 0 1 
0.943104 -0.246892 -0.222711 -0.0237872 -0.219226 0.0418848 -0.974775 -0.0742523 -0.249992 -0.968138 0.0146233 0.0441487 0 0 0 1 
0.453218 -0.878932 -0.14857 -0.0354131 -0.284275 0.015454 -0.958618 -0.073912 -0.844856 -0.476697 0.242855 0.0916612 0 0 0 1 
-0.182952 -0.926363 0.32921 -0.0597633 -0.522567 -0.192008 -0.830696 -0.0931606 -0.832738 0.324013 0.448958 0.134826 0 0 0 1 
0.787893 -0.615808 0.00206473 -0.0272771 -0.0538199 -0.0721988 -0.995937 -0.0631066 -0.613455 -0.784581 0.0900278 0.00327926 0 0 0 1 
0.947314 0.281415 0.152977 0.0385662 0.0460179 0.353068 -0.934465 -0.0338046 0.316984 -0.892272 -0.321516 -0.0233707 0 0 0 1 
0.947314 0.281415 0.152977 0.0385662 0.0460179 0.353068 -0.934465 -0.0338046 0.316984 -0.892272 -0.321516 -0.0233707 0 0 0 1 
0.947314 0.281415 0.152977 0.0385662 0.0460179 0.353068 -0.934465 -0.0338046 0.316984 -0.892272 -0.321516 -0.0233707 0 0 0 1 
0.947314 0.281415 0.152977 0.0373677 0.0460178 0.353068 -0.934465 -0.0307478 0.316984 -0.892271 -0.321516 -0.0135432 0 0 0 1 
0.947314 0.281415 0.152977 0.0359135 0.0460179 0.353067 -0.934465 -0.0295927 0.316984 -0.892271 -0.321516 -0.00607966 0 0 0 1 
0.947314 0.281415 0.152977 0.0352308 0.0460179 0.353068 -0.934465 -0.0291514 0.316984 -0.892271 -0.321516 -0.00236706 0 0 0 1 
0.947314 0.281415 0.152977 0.0351252 0.046018 0.353068 -0.934465 -0.0290383 0.316984 -0.892271 -0.321516 -0.00160812 0 0 0 1 
0.947314 0.281415 0.152977 0.0367051 0.0460179 0.353068 -0.934465 -0.0303051 0.316984 -0.892271 -0.321516 -0.0105282 0 0 0 1 
0.947314 0.281415 0.152977 0.0351252 0.046018 0.353068 -0.934465 -0.0290383 0.316984 -0.892271 -0.321516 -0.00160812 0 0 0 1 
0.947314 0.281415 0.152977 0.0367051 0.0460179 0.353068 -0.934465 -0.0303051 0.316984 -0.892271 -0.321516 -0.0105282 0 0 0 1 
0.947314 0.281415 0.152977 0.0351252 0.046018 0.353068 -0.934465 -0.0290383 0.316984 -0.892271 -0.321516 -0.00160812 0 0 0 1 
0.947314 0.281415 0.152977 0.0367051 0.046018 0.353068 -0.934465 -0.0303051 0.316984 -0.892271 -0.321516 -0.0105282 0 0 0 1 
0.787893 -0.615809 0.00206475 -0.0219487 -0.05382 -0.0721987 -0.995937 -0.0566553 -0.613456 -0.784581 0.0900277 0.00806915 0 0 0 1 
-0.182952 -0.926363 0.32921 -0.0597633 -0.522567 -0.192008 -0.830696 -0.0931606 -0.832738 0.324013 0.448958 0.134826 0 0 0 1 
-0.534103 0.620871 0.573806 -0.172926 -0.845003 -0.370747 -0.385378 -0.186419 0.0265325 0.690699 -0.722655 0.384085 0 0 0 1 
0.0424357 -0.345829 0.937338 -0.247437 -0.531594 -0.802173 -0.271894 -0.198197 -0.845936 0.486745 0.217881 -0.0732846 0 0 0 1 
0.849688 -0.374788 0.370896 0.0143387 -0.0912727 -0.797331 -0.5966 -0.0663604 -0.519325 -0.473072 0.711691 -0.271137 0 0 0 1 
0.849688 -0.374788 0.370896 0.0143387 -0.0912727 -0.797331 -0.5966 -0.0663604 -0.519325 -0.473072 0.711691 -0.271137 0 0 0 1 
0.849688 -0.374788 0.370896 0.0143387 -0.0912727 -0.797331 -0.5966 -0.0663604 -0.519325 -0.473072 0.711691 -0.271137 0 0 0 1 
0.849688 -0.374788 0.370896 0.0131401 -0.0912729 -0.797331 -0.5966 -0.0633036 -0.519325 -0.473071 0.711691 -0.261309 0 0 0 1 
0.849688 -0.374788 0.370896 0.011686 -0.0912728 -0.797331 -0.5966 -0.0621485 -0.519325 -0.473071 0.711691 -0.253845 0 0 0 1 
0.849688 -0.374788 0.370896 0.0110032 -0.0912727 -0.797331 -0.5966 -0.0617072 -0.519325 -0.473071 0.711691 -0.250133 0 0 0 1 
0.849688 -0.374788 0.370896 0.0108976 -0.0912728 -0.797331 -0.5966 -0.0615941 -0.519325 -0.473071 0.711691 -0.249374 0 0 0 1 
0.849688 -0.374788 0.370896 0.0124776 -0.0912728 -0.797331 -0.5966 -0.062861 -0.519325 -0.473071 0.711691 -0.258294 0 0 0 1 
0.849688 -0.374788 0.370896 0.0108976 -0.0912728 -0.797331 -0.5966 -0.0615941 -0.519325 -0.473071 0.711691 -0.249374 0 0 0 1 
0.849688 -0.374788 0.370896 0.0124776 -0.0912728 -0.797331 -0.5966 -0.062861 -0.519325 -0.473071 0.711691 -0.258294 0 0 0 1 
0.849688 -0.374788 0.370896 0.0108976 -0.0912728 -0.797331 -0.5966 -0.0615941 -0.519325 -0.473071 0.711691 -0.249374 0 0 0 1 
0.849688 -0.374788 0.370896 0.0124775 -0.0912727 -0.797331 -0.5966 -0.0628609 -0.519325 -0.473071 0.711691 -0.258294 0 0 0 1 
0.0424357 -0.345829 0.937338 -0.242108 -0.531594 -0.802173 -0.271894 -0.191746 -0.845936 0.486745 0.217881 -0.0684947 0 0 0 1 
-0.534103 0.620871 0.573806 -0.172926 -0.845003 -0.370747 -0.385378 -0.186419 0.0265325 0.690699 -0.722655 0.384085 0 0 0 1 
-0.161012 0.518186 0.839975 -0.082453 -0.925546 -0.374793 0.0537975 -0.281234 -0.342694 0.768774 -0.539951 0.226924 0 0 0 1 
0.309514 -0.475559 0.823435 -0.137245 -0.570711 -0.785552 -0.239161 -0.216784 -0.760586 0.395919 0.514546 -0.0888766 0 0 0 1 
0.8897 -0.383449 0.247791 0.0469732 -0.0949001 -0.686225 -0.721172 -0.0477129 -0.446573 -0.618112 0.646924 -0.237119 0 0 0 1 
0.8897 -0.383449 0.247791 0.0469732 -0.0949001 -0.686225 -0.721172 -0.0477129 -0.446573 -0.618112 0.646924 -0.237119 0 0 0 1 
0.8897 -0.383449 0.247791 0.0469732 -0.0949001 -0.686225 -0.721172 -0.0477129 -0.446573 -0.618112 0.646924 -0.237119 0 0 0 1 
0.8897 -0.383449 0.247791 0.0457746 -0.0949002 -0.686225 -0.721172 -0.0446562 -0.446573 -0.618111 0.646924 -0.227292 0 0 0 1 
0.8897 -0.383449 0.247791 0.0443205 -0.0949002 -0.686225 -0.721171 -0.043501 -0.446572 -0.618111 0.646924 -0.219828 0 0 0 1 
0.8897 -0.383449 0.247791 0.0436378 -0.0949001 -0.686225 -0.721171 -0.0430597 -0.446573 -0.618111 0.646924 -0.216116 0 0 0 1 
0.8897 -0.383449 0.247791 0.0435321 -0.0949002 -0.686225 -0.721172 -0.0429466 -0.446573 -0.618111 0.646924 -0.215357 0 0 0 1 
0.8897 -0.383449 0.247791 0.0451121 -0.0949002 -0.686225 -0.721172 -0.0442135 -0.446572 -0.618111 0.646924 -0.224277 0 0 0 1 
0.8897 -0.383449 0.247791 0.0435321 -0.0949002 -0.686225 -0.721172 -0.0429466 -0.446573 -0.618111 0.646924 -0.215357 0 0 0 1 
0.8897 -0.383449 0.247791 0.0451121 -0.0949002 -0.686225 -0.721172 -0.0442135 -0.446572 -0.618111 0.646924 -0.224277 0 0 0 1 
0.8897 -0.383449 0.247791 0.0435321 -0.0949002 -0.686225 -0.721172 -0.0429466 -0.446573 -0.618111 0.646924 -0.215357 0 0 0 1 
0.8897 -0.383449 0.247791 0.0451121 -0.0949001 -0.686225 -0.721172 -0.0442134 -0.446573 -0.618111 0.646924 -0.224277 0 0 0 1 
0.309514 -0.47556 0.823435 -0.131916 -0.570711 -0.785552 -0.239161 -0.210333 -0.760586 0.395919 0.514546 -0.0840867 0 0 0 1 
-0.161012 0.518186 0.839975 -0.082453 -0.925546 -0.374793 0.0537975 -0.281234 -0.342694 0.768774 -0.539951 0.226924 0 0 0 1 
-0.36633 0.513762 0.77579 -0.146481 -0.855308 -0.514235 -0.0633298 -0.230061 -0.366402 0.686739 -0.627805 0.236459 0 0 0 1 
0.162439 -0.430422 0.887891 -0.207305 -0.469317 -0.825243 -0.31419 -0.16171 -0.86796 0.365666 0.336056 -0.0900776 0 0 0 1 
0.792718 -0.396326 0.463168 -0.0388763 0.0582017 -0.707124 -0.704689 0.00674942 -0.606804 -0.585577 0.537483 -0.273154 0 0 0 1 
0.792718 -0.396326 0.463168 -0.0388763 0.0582017 -0.707124 -0.704689 0.00674942 -0.606804 -0.585577 0.537483 -0.273154 0 0 0 1 
0.792718 -0.396326 0.463168 -0.0388763 0.0582017 -0.707124 -0.704689 0.00674942 -0.606804 -0.585577 0.537483 -0.273154 0 0 0 1 
0.792717 -0.396326 0.463168 -0.0400748 0.0582015 -0.707124 -0.704689 0.00980617 -0.606804 -0.585577 0.537483 -0.263326 0 0 0 1 
0.792717 -0.396326 0.463168 -0.041529 0.0582015 -0.707124 -0.704689 0.0109613 -0.606804 -0.585577 0.537483 -0.255863 0 0 0 1 
0.792718 -0.396326 0.463168 -0.0422117 0.0582016 -0.707124 -0.704689 0.0114027 -0.606804 -0.585577 0.537483 -0.25215 0 0 0 1 
0.792718 -0.396326 0.463168 -0.0423173 0.0582016 -0.707125 -0.704689 0.0115158 -0.606804 -0.585577 0.537483 -0.251391 0 0 0 1 
0.792718 -0.396326 0.463168 -0.0407374 0.0582016 -0.707124 -0.704689 0.0102488 -0.606804 -0.585577 0.537483 -0.260311 0 0 0 1 
0.792718 -0.396326 0.463168 -0.0423173 0.0582016 -0.707125 -0.704689 0.0115158 -0.606804 -0.585577 0.537483 -0.251391 0 0 0 1 
0.792718 -0.396326 0.463168 -0.0407374 0.0582016 -0.707124 -0.704689 0.0102488 -0.606804 -0.585577 0.537483 -0.260311 0 0 0 1 
0.792718 -0.396326 0.463168 -0.0423173 0.0582016 -0.707125 -0.704689 0.0115158 -0.606804 -0.585577 0.537483 -0.251391 0 0 0 1 
0.792717 -0.396326 0.463168 -0.0407374 0.0582016 -0.707124 -0.704689 0.0102489 -0.606804 -0.585577 0.537483 -0.260311 0 0 0 1 
0.162439 -0.430422 0.887891 -0.201976 -0.469317 -0.825243 -0.31419 -0.155259 -0.86796 0.365666 0.336056 -0.0852876 0 0 0 1 
-0.36633 0.513762 0.77579 -0.146481 -0.855308 -0.514235 -0.0633298 -0.230061 -0.366402 0.686739 -0.627805 0.236459 0 0 0 1 
-0.36633 0.513762 0.77579 -0.146481 -0.855308 -0.514235 -0.0633298 -0.230061 -0.366402 0.686739 -0.627805 0.236459 0 0 0 1 
0.00299917 -0.413269 0.910604 -0.274734 -0.427617 -0.823683 -0.372412 -0.129769 -0.903955 0.388273 0.179191 -0.060975 0 0 0 1 
0.597401 -0.398983 0.695648 -0.177476 0.240521 -0.738375 -0.630041 0.0563218 -0.765024 -0.543704 0.345142 -0.281271 0 0 0 1 
0.597401 -0.398983 0.695648 -0.177476 0.240521 -0.738375 -0.630041 0.0563218 -0.765024 -0.543704 0.345142 -0.281271 0 0 0 1 
0.597401 -0.398983 0.695648 -0.177476 0.240521 -0.738375 -0.630041 0.0563218 -0.765024 -0.543704 0.345142 -0.281271 0 0 0 1 
0.5974 -0.398983 0.695648 -0.178675 0.240521 -0.738375 -0.630041 0.0593785 -0.765024 -0.543704 0.345142 -0.271443 0 0 0 1 
0.5974 -0.398983 0.695647 -0.180129 0.240521 -0.738375 -0.63004 0.0605336 -0.765024 -0.543704 0.345142 -0.263979 0 0 0 1 
0.5974 -0.398983 0.695648 -0.180812 0.240521 -0.738375 -0.63004 0.0609749 -0.765024 -0.543704 0.345142 -0.260267 0 0 0 1 
0.5974 -0.398983 0.695647 -0.180917 0.240521 -0.738375 -0.630041 0.061088 -0.765024 -0.543704 0.345142 -0.259508 0 0 0 1 
0.597401 -0.398983 0.695648 -0.179338 0.240521 -0.738375 -0.630041 0.0598212 -0.765024 -0.543704 0.345142 -0.268428 0 0 0 1 
0.5974 -0.398983 0.695647 -0.180917 0.240521 -0.738375 -0.630041 0.061088 -0.765024 -0.543704 0.345142 -0.259508 0 0 0 1 
0.597401 -0.398983 0.695648 -0.179338 0.240521 -0.738375 -0.630041 0.0598212 -0.765024 -0.543704 0.345142 -0.268428 0 0 0 1 
0.5974 -0.398983 0.695647 -0.180917 0.240521 -0.738375 -0.630041 0.061088 -0.765024 -0.543704 0.345142 -0.259508 0 0 0 1 
0.597401 -0.398983 0.695647 -0.179338 0.240521 -0.738375 -0.630041 0.0598212 -0.765024 -0.543704 0.345142 -0.268428 0 0 0 1 
0.0029991 -0.413269 0.910604 -0.269405 -0.427617 -0.823683 -0.372412 -0.123318 -0.903955 0.388273 0.179191 -0.0561851 0 0 0 1 
-0.36633 0.513762 0.77579 -0.146481 -0.855308 -0.514235 -0.0633298 -0.230061 -0.366402 0.686739 -0.627805 0.236459 0 0 0 1 
0.657371 -0.738439 -0.150235 -0.00376991 -0.182826 0.0371224 -0.982444 -0.0430276 -0.731052 -0.673298 0.110603 0.0945279 0 0 0 1 
0.927553 0.296586 -0.22734 -0.0119398 -0.299556 0.226407 -0.926826 -0.0288056 0.223412 -0.92778 -0.298849 0.00973593 0 0 0 1 
0.370254 0.923996 0.0956164 0.0490591 -0.530838 0.294928 -0.794499 -0.00279533 0.762314 -0.24341 -0.599691 -0.0331823 0 0 0 1 
0.370254 0.923996 0.0956164 0.0490591 -0.530838 0.294928 -0.794499 -0.00279533 0.762314 -0.24341 -0.599691 -0.0331823 0 0 0 1 
0.370254 0.923996 0.0956164 0.0490591 -0.530838 0.294928 -0.794499 -0.00279533 0.762314 -0.24341 -0.599691 -0.0331823 0 0 0 1 
0.523788 0.848446 0.0760568 0.0518947 -0.203931 0.211581 -0.955848 -0.0430147 0.827078 -0.485152 -0.283848 -0.0116103 0 0 0 1 
0.665734 0.726723 0.169327 0.0651981 0.122154 0.117721 -0.985505 -0.0655826 0.736122 -0.676768 0.0104013 0.0141584 0 0 0 1 
0.680932 0.706628 0.192374 0.067873 0.150775 0.121787 -0.981037 -0.0664792 0.716658 -0.697025 0.0236132 0.0168469 0 0 0 1 
0.66624 0.72489 0.175093 0.0652679 0.100706 0.145186 -0.984266 -0.0640297 0.738906 -0.67339 -0.0237278 0.0133328 0 0 0 1 
0.665358 0.728399 0.163503 0.0651179 0.143496 0.0901456 -0.985537 -0.0671058 0.732603 -0.679197 0.0445431 0.0150367 0 0 0 1 
0.66624 0.72489 0.175093 0.0652679 0.100706 0.145186 -0.984266 -0.0640297 0.738906 -0.67339 -0.0237278 0.0133328 0 0 0 1 
0.665358 0.728399 0.163503 0.0651179 0.143496 0.0901456 -0.985537 -0.0671058 0.732603 -0.679197 0.0445431 0.0150367 0 0 0 1 
0.66624 0.72489 0.175093 0.0652679 0.100706 0.145186 -0.984266 -0.0640297 0.738906 -0.67339 -0.0237278 0.0133328 0 0 0 1 
0.665358 0.728399 0.163503 0.0651179 0.143496 0.0901456 -0.985536 -0.0671057 0.732603 -0.679197 0.0445431 0.0150367 0 0 0 1 
0.997901 0.0620823 0.0184433 0.0185703 0.0140939 0.0697799 -0.997463 -0.0579755 0.0632119 -0.995629 -0.0687584 0.023257 0 0 0 1 
0.657371 -0.738439 -0.150235 -0.00376991 -0.182826 0.0371224 -0.982444 -0.0430276 -0.731052 -0.673298 0.110603 0.0945279 0 0 0 1 
0.980949 -0.103697 -0.164277 -0.0377972 -0.139667 0.211321 -0.967387 -0.0437271 -0.135031 -0.9719 -0.192812 -0.0310865 0 0 0 1 
0.433473 0.890423 -0.138742 0.0770211 -0.29078 -0.00752231 -0.956761 -0.0381401 0.852965 -0.455073 -0.255656 -0.0609419 0 0 0 1 
-0.541152 0.837105 -0.0800603 0.14728 -0.177753 -0.206922 -0.962075 -0.0814688 0.821923 0.506398 -0.260774 0.0168402 0 0 0 1 
-0.541152 0.837105 -0.0800603 0.14728 -0.177753 -0.206922 -0.962075 -0.0814688 0.821923 0.506398 -0.260774 0.0168402 0 0 0 1 
-0.541152 0.837105 -0.0800603 0.14728 -0.177753 -0.206922 -0.962075 -0.0814688 0.821923 0.506398 -0.260774 0.0168402 0 0 0 1 
0.0990513 0.886825 -0.451365 0.0405334 -0.0511899 -0.448454 -0.892339 -0.0671592 0.993764 -0.111493 -0.000976795 0.00982942 0 0 0 1 
0.665737 0.512855 -0.542009 -0.0321446 -0.101055 -0.657713 -0.746459 -0.0180522 0.739312 -0.551718 0.386037 0.0653504 0 0 0 1 
0.722251 0.44202 -0.53195 -0.0376617 -0.119019 -0.678218 -0.725158 -0.0108989 0.681313 -0.587059 0.437235 0.0779545 0 0 0 1 
0.665737 0.512855 -0.542009 -0.0327314 -0.101056 -0.657713 -0.746459 -0.0200488 0.739312 -0.551718 0.386036 0.0693244 0 0 0 1 
0.665737 0.512855 -0.542009 -0.0315403 -0.101056 -0.657713 -0.746459 -0.0161967 0.739312 -0.551718 0.386037 0.0613109 0 0 0 1 
0.665737 0.512855 -0.542009 -0.0327314 -0.101056 -0.657713 -0.746459 -0.0200488 0.739312 -0.551718 0.386036 0.0693244 0 0 0 1 
0.665737 0.512855 -0.542009 -0.0315403 -0.101056 -0.657713 -0.746459 -0.0161967 0.739312 -0.551718 0.386037 0.0613109 0 0 0 1 
0.665737 0.512855 -0.542009 -0.0327314 -0.101056 -0.657713 -0.746459 -0.0200488 0.739312 -0.551718 0.386036 0.0693244 0 0 0 1 
0.665737 0.512855 -0.542009 -0.0315403 -0.101056 -0.657713 -0.746459 -0.0161966 0.739312 -0.551718 0.386037 0.0613109 0 0 0 1 
0.896327 0.307231 -0.3197 -0.00775637 -0.232738 -0.287711 -0.929008 -0.0221456 0.377401 -0.907101 0.186378 0.0160253 0 0 0 1 
0.980949 -0.103697 -0.164277 -0.0377972 -0.139667 0.211321 -0.967387 -0.0437271 -0.135031 -0.9719 -0.192812 -0.0310865 0 0 0 1 
0.95539 0.177085 -0.236369 -0.0322007 -0.166012 -0.339932 -0.925682 -0.0323616 0.244273 -0.923627 0.295369 -0.142205 0 0 0 1 
-0.0992107 0.600244 -0.79364 0.234554 -0.0956096 -0.799635 -0.592826 -0.0898772 0.990463 -0.0170649 -0.136722 -0.104022 0 0 0 1 
-0.900593 -0.12553 -0.416143 0.258684 0.262161 -0.92052 -0.28968 -0.20522 0.346704 0.369981 -0.861923 0.156564 0 0 0 1 
-0.900593 -0.12553 -0.416143 0.258684 0.262161 -0.92052 -0.28968 -0.20522 0.346704 0.369981 -0.861923 0.156564 0 0 0 1 
-0.900593 -0.12553 -0.416143 0.258684 0.262161 -0.92052 -0.28968 -0.20522 0.346704 0.369981 -0.861923 0.156564 0 0 0 1 
-0.359173 -0.291626 -0.886538 0.18223 0.607725 -0.794006 0.0149739 -0.257333 0.708283 0.533392 -0.462414 0.0889271 0 0 0 1 
0.288064 -0.20189 -0.936087 0.0829349 0.751129 -0.558704 0.351645 -0.267641 0.593989 0.804419 0.00929661 0.0987716 0 0 0 1 
0.362828 -0.166094 -0.916934 0.071377 0.75487 -0.524554 0.393718 -0.267191 0.546376 0.835018 0.064944 0.107903 0 0 0 1 
0.288064 -0.20189 -0.936087 0.0823482 0.751129 -0.558704 0.351645 -0.269638 0.593989 0.804419 0.0092964 0.102746 0 0 0 1 
0.288064 -0.20189 -0.936087 0.0835393 0.75113 -0.558704 0.351645 -0.265786 0.593989 0.804419 0.00929666 0.0947321 0 0 0 1 
0.288064 -0.20189 -0.936087 0.0823482 0.751129 -0.558704 0.351645 -0.269638 0.593989 0.804419 0.0092964 0.102746 0 0 0 1 
0.288064 -0.20189 -0.936087 0.0835393 0.75113 -0.558704 0.351645 -0.265786 0.593989 0.804419 0.00929666 0.0947321 0 0 0 1 
0.288064 -0.20189 -0.936087 0.0823482 0.751129 -0.558704 0.351645 -0.269638 0.593989 0.804419 0.0092964 0.102746 0 0 0 1 
0.288064 -0.20189 -0.936087 0.0835393 0.751129 -0.558704 0.351645 -0.265786 0.593989 0.804419 0.00929668 0.0947321 0 0 0 1 
0.557049 0.324057 -0.764646 0.0912372 0.233176 -0.944721 -0.230503 -0.153868 0.797074 0.0498955 0.601818 -0.112935 0 0 0 1 
0.95539 0.177085 -0.236369 -0.0322007 -0.166012 -0.339932 -0.925682 -0.0323616 0.244273 -0.923627 0.295369 -0.142205 0 0 0 1 
0.974806 0.121157 0.18728 -0.103594 0.202249 -0.126023 -0.971192 -0.153049 0.0940647 -0.984601 0.147351 -0.0675522 0 0 0 1 
0.0083133 0.735754 -0.677199 0.180449 -0.0705926 -0.675101 -0.734341 -0.0760664 0.997471 -0.0539099 -0.0463265 -0.120514 0 0 0 1 
-0.958948 -0.0334136 -0.281606 0.259834 0.163161 -0.877214 -0.451525 -0.145471 0.231941 0.478936 -0.846654 0.195765 0 0 0 1 
-0.958948 -0.0334136 -0.281606 0.259834 0.163161 -0.877214 -0.451525 -0.145471 0.231941 0.478936 -0.846654 0.195765 0 0 0 1 
-0.958948 -0.0334136 -0.281606 0.259834 0.163161 -0.877214 -0.451525 -0.145471 0.231941 0.478936 -0.846654 0.195765 0 0 0 1 
-0.546131 -0.100823 -0.83161 0.241686 -0.00157155 -0.992606 0.121373 -0.0607975 0.837698 -0.0675929 -0.541934 0.0493539 0 0 0 1 
-0.252362 -0.616971 -0.745426 0.240322 -0.186183 -0.725005 0.663101 0.0137676 0.949552 -0.306127 -0.0680939 -0.0258645 0 0 0 1 
-0.234648 -0.680249 -0.694407 0.243053 -0.198756 -0.665686 0.719275 0.018084 0.951544 -0.306794 -0.0209981 -0.0332247 0 0 0 1 
-0.252362 -0.616971 -0.745426 0.239735 -0.186184 -0.725005 0.663101 0.011771 0.949551 -0.306128 -0.068094 -0.0218903 0 0 0 1 
-0.252362 -0.616971 -0.745426 0.240926 -0.186184 -0.725005 0.663101 0.015623 0.949552 -0.306128 -0.0680938 -0.029904 0 0 0 1 
-0.252362 -0.616971 -0.745426 0.239735 -0.186184 -0.725005 0.663101 0.011771 0.949551 -0.306128 -0.068094 -0.0218903 0 0 0 1 
-0.252362 -0.616971 -0.745426 0.240926 -0.186184 -0.725005 0.663101 0.015623 0.949552 -0.306128 -0.0680938 -0.029904 0 0 0 1 
-0.252362 -0.616971 -0.745426 0.239735 -0.186184 -0.725005 0.663101 0.011771 0.949551 -0.306128 -0.068094 -0.0218903 0 0 0 1 
-0.252362 -0.616971 -0.745426 0.240926 -0.186184 -0.725005 0.663101 0.0156231 0.949552 -0.306128 -0.0680938 -0.029904 0 0 0 1 
0.749979 -0.231237 -0.619727 -0.00415342 -0.399438 -0.905113 -0.145668 0.0565169 0.527239 -0.35679 0.771181 -0.0475488 0 0 0 1 
0.974806 0.121157 0.18728 -0.103594 0.202249 -0.126023 -0.971192 -0.153049 0.0940647 -0.984601 0.147351 -0.0675522 0 0 0 1 
0.987099 0.150621 -0.0543017 -0.0533233 -0.0309838 -0.153043 -0.987734 -0.0608014 0.157083 -0.976674 0.146402 -0.0912449 0 0 0 1 
-0.176103 0.713044 -0.678644 0.250743 -0.222334 -0.700415 -0.678224 -0.0312577 0.958934 -0.0314486 -0.281879 -0.0523295 0 0 0 1 
-0.996899 -0.0656757 -0.0433509 0.220054 0.0782175 -0.887437 -0.454245 -0.112626 0.00863817 0.456227 -0.889822 0.2903 0 0 0 1 
-0.996899 -0.0656757 -0.0433509 0.220054 0.0782175 -0.887437 -0.454245 -0.112626 0.00863817 0.456227 -0.889822 0.2903 0 0 0 1 
-0.996899 -0.0656757 -0.0433509 0.220054 0.0782175 -0.887437 -0.454245 -0.112626 0.00863817 0.456227 -0.889822 0.2903 0 0 0 1 
-0.725017 -0.14123 -0.674095 0.273735 0.0583095 -0.987822 0.144246 -0.0887168 0.686258 -0.0652745 -0.724423 0.148306 0 0 0 1 
-0.403236 -0.647061 -0.647079 0.275199 -0.000254303 -0.707037 0.707176 -0.0667947 0.915095 -0.285324 -0.284939 0.0365176 0 0 0 1 
-0.371921 -0.708181 -0.600128 0.273695 -0.000932679 -0.64622 0.76315 -0.0669454 0.928264 -0.284391 -0.239682 0.0253355 0 0 0 1 
-0.403236 -0.647061 -0.647079 0.274612 -0.000254571 -0.707037 0.707176 -0.0687913 0.915095 -0.285324 -0.284939 0.0404917 0 0 0 1 
-0.403236 -0.647061 -0.647079 0.275803 -0.000254557 -0.707037 0.707176 -0.0649392 0.915095 -0.285324 -0.284938 0.0324781 0 0 0 1 
-0.403236 -0.647061 -0.647079 0.274612 -0.000254571 -0.707037 0.707176 -0.0687913 0.915095 -0.285324 -0.284939 0.0404917 0 0 0 1 
-0.403236 -0.647061 -0.647079 0.275803 -0.000254557 -0.707037 0.707176 -0.0649392 0.915095 -0.285324 -0.284938 0.0324781 0 0 0 1 
-0.403236 -0.647061 -0.647079 0.274612 -0.000254571 -0.707037 0.707176 -0.0687913 0.915095 -0.285324 -0.284939 0.0404917 0 0 0 1 
-0.403236 -0.647061 -0.647079 0.275803 -0.000254542 -0.707037 0.707176 -0.0649391 0.915095 -0.285324 -0.284939 0.0324781 0 0 0 1 
0.587683 -0.23345 -0.77468 0.0926561 -0.394225 -0.918746 -0.0222006 0.0264633 0.706551 -0.318445 0.631964 -0.0839207 0 0 0 1 
0.987099 0.150621 -0.0543017 -0.0533233 -0.0309838 -0.153043 -0.987734 -0.0608014 0.157083 -0.976674 0.146402 -0.0912449 0 0 0 1 
0.916807 0.177018 -0.357952 0.0566928 -0.323449 -0.196508 -0.925616 0.0342497 0.234191 -0.964391 0.122903 -0.114356 0 0 0 1 
-0.403242 0.677519 -0.615113 0.32038 -0.388972 -0.735343 -0.554953 -0.00114639 0.82831 -0.0154812 -0.560057 0.0738307 0 0 0 1 
-0.959313 -0.0967053 0.265266 0.121209 -0.0271301 -0.903595 -0.427528 -0.0795764 -0.281038 0.41733 -0.864207 0.394271 0 0 0 1 
-0.959313 -0.0967053 0.265266 0.121209 -0.0271301 -0.903595 -0.427528 -0.0795764 -0.281038 0.41733 -0.864207 0.394271 0 0 0 1 
-0.959313 -0.0967053 0.265266 0.121209 -0.0271301 -0.903595 -0.427528 -0.0795764 -0.281038 0.41733 -0.864207 0.394271 0 0 0 1 
-0.889167 -0.19149 -0.415588 0.265889 0.139983 -0.978515 0.151372 -0.121957 0.435645 -0.07642 -0.896868 0.291505 0 0 0 1 
-0.553879 -0.68602 -0.471798 0.284951 0.243813 -0.675459 0.695924 -0.157222 0.796098 -0.270427 -0.541384 0.152277 0 0 0 1 
-0.507287 -0.744106 -0.434703 0.280291 0.257681 -0.612321 0.747437 -0.161725 0.82235 -0.267151 -0.502364 0.137789 0 0 0 1 
-0.553879 -0.68602 -0.471798 0.284364 0.243813 -0.675458 0.695924 -0.159218 0.796098 -0.270428 -0.541384 0.156251 0 0 0 1 
-0.553879 -0.686021 -0.471798 0.285556 0.243813 -0.675459 0.695924 -0.155366 0.796098 -0.270427 -0.541383 0.148237 0 0 0 1 
-0.553879 -0.68602 -0.471798 0.284364 0.243813 -0.675458 0.695924 -0.159218 0.796098 -0.270428 -0.541384 0.156251 0 0 0 1 
-0.553879 -0.686021 -0.471798 0.285556 0.243813 -0.675459 0.695924 -0.155366 0.796098 -0.270427 -0.541383 0.148237 0 0 0 1 
-0.553879 -0.68602 -0.471798 0.284364 0.243813 -0.675458 0.695924 -0.159218 0.796098 -0.270428 -0.541384 0.156251 0 0 0 1 
-0.553879 -0.686021 -0.471798 0.285556 0.243813 -0.675459 0.695924 -0.155366 0.796098 -0.270428 -0.541384 0.148237 0 0 0 1 
0.333464 -0.249433 -0.909168 0.22685 -0.344173 -0.930014 0.128917 -0.0340616 0.877694 -0.269922 0.395974 -0.0849157 0 0 0 1 
0.916807 0.177018 -0.357952 0.0566928 -0.323449 -0.196508 -0.925616 0.0342497 0.234191 -0.964391 0.122903 -0.114356 0 0 0 1 
0.968937 -0.242347 0.0492863 0.0179418 0.105976 0.226814 -0.968155 -0.0528333 -0.22345 -0.943304 -0.245452 0.0111768 0 0 0 1 
0.9996 -0.0279615 0.00443047 0.00211802 0.0123048 0.288172 -0.9575 -0.053392 -0.0254963 -0.957171 -0.2884 0.0104321 0 0 0 1 
0.987352 0.156512 -0.0253081 -0.0309991 -0.0753389 0.32271 -0.943495 -0.056209 0.139501 -0.933468 -0.330419 0.00185262 0 0 0 1 
0.987352 0.156512 -0.0253081 -0.0309991 -0.0753389 0.32271 -0.943495 -0.056209 0.139501 -0.933468 -0.330419 0.00185262 0 0 0 1 
0.987352 0.156512 -0.0253081 -0.0309991 -0.0753389 0.32271 -0.943495 -0.056209 0.139501 -0.933468 -0.330419 0.00185262 0 0 0 1 
0.987352 0.155282 -0.0319982 -0.00917395 -0.0753391 0.281943 -0.956468 -0.0534842 0.139501 -0.946781 -0.290076 -0.0163432 0 0 0 1 
0.987352 0.154365 -0.0361644 0.00158382 -0.0753391 0.256108 -0.963707 -0.0556375 0.139501 -0.954242 -0.264499 -0.0423627 0 0 0 1 
0.987352 0.156266 -0.0267866 0.00408692 -0.0753389 0.313775 -0.946503 -0.0512159 0.139501 -0.93655 -0.32158 -0.0573253 0 0 0 1 
0.987351 0.1573 -0.0198304 0.00453332 -0.0753387 0.35544 -0.931658 -0.0468544 0.139501 -0.921368 -0.362795 -0.0610118 0 0 0 1 
0.987352 0.151467 -0.0468445 0.000206232 -0.0753393 0.18826 -0.979225 -0.0604367 0.139501 -0.970369 -0.19729 -0.0324251 0 0 0 1 
0.987351 0.1573 -0.0198304 0.00453332 -0.0753387 0.35544 -0.931658 -0.0468544 0.139501 -0.921368 -0.362795 -0.0610118 0 0 0 1 
0.987352 0.151467 -0.0468445 0.000206232 -0.0753393 0.18826 -0.979225 -0.0604367 0.139501 -0.970369 -0.19729 -0.0324251 0 0 0 1 
0.987351 0.1573 -0.0198304 0.00453332 -0.0753387 0.35544 -0.931658 -0.0468544 0.139501 -0.921368 -0.362795 -0.0610118 0 0 0 1 
0.987352 0.151467 -0.0468445 0.000206226 -0.0753393 0.18826 -0.979225 -0.0604366 0.139501 -0.970369 -0.19729 -0.0324251 0 0 0 1 
0.99956 -0.029654 -0.00125785 0.00169425 0.00472076 0.200681 -0.979645 -0.058113 -0.0293027 -0.979208 -0.200732 -0.0114542 0 0 0 1 
0.968937 -0.242347 0.0492863 0.0179418 0.105976 0.226814 -0.968155 -0.0528333 -0.22345 -0.943304 -0.245452 0.0111768 0 0 0 1 
0.947493 -0.200214 -0.249341 0.0556059 -0.316443 -0.474769 -0.821254 -0.127524 -0.0460469 -0.857035 0.513197 0.0190782 0 0 0 1 
0.965453 -0.146459 -0.215522 0.0456718 -0.260206 -0.585927 -0.767452 -0.119952 0.0138799 -0.797019 0.603795 -0.023585 0 0 0 1 
0.976099 -0.0857686 -0.199684 0.0406148 -0.208552 -0.628095 -0.749668 -0.108487 0.0611227 -0.773395 0.63097 -0.0516617 0 0 0 1 
0.976099 -0.0857679 -0.199684 0.0406148 -0.208552 -0.628095 -0.749668 -0.108487 0.0611232 -0.773396 0.63097 -0.0516616 0 0 0 1 
0.976099 -0.0857688 -0.199684 0.0406148 -0.208552 -0.628094 -0.749669 -0.108487 0.0611222 -0.773396 0.630969 -0.0516616 0 0 0 1 
0.976099 -0.0857684 -0.199684 0.0406148 -0.208552 -0.628093 -0.749669 -0.108487 0.0611223 -0.773396 0.630969 -0.0516615 0 0 0 1 
0.976099 -0.0857684 -0.199684 0.0406148 -0.208552 -0.628094 -0.749669 -0.108487 0.0611224 -0.773396 0.630969 -0.0516615 0 0 0 1 
0.976099 -0.0857681 -0.199685 0.0406148 -0.208552 -0.628094 -0.749669 -0.108487 0.0611229 -0.773396 0.630969 -0.0516615 0 0 0 1 
0.976099 -0.0857684 -0.199684 0.0406148 -0.208552 -0.628094 -0.749669 -0.108487 0.0611227 -0.773395 0.63097 -0.0516616 0 0 0 1 
0.976099 -0.0857682 -0.199684 0.0406148 -0.208552 -0.628094 -0.749669 -0.108487 0.0611228 -0.773396 0.63097 -0.0516616 0 0 0 1 
0.976099 -0.0857684 -0.199684 0.0406148 -0.208552 -0.628094 -0.749669 -0.108487 0.0611227 -0.773395 0.63097 -0.0516616 0 0 0 1 
0.976099 -0.0857679 -0.199684 0.0406148 -0.208552 -0.628094 -0.749669 -0.108487 0.061123 -0.773396 0.630969 -0.0516615 0 0 0 1 
0.976099 -0.0857682 -0.199684 0.0406148 -0.208552 -0.628094 -0.749669 -0.108487 0.0611228 -0.773396 0.630969 -0.0516615 0 0 0 1 
0.976099 -0.0857681 -0.199684 0.0406148 -0.208552 -0.628094 -0.749669 -0.108487 0.0611228 -0.773396 0.630969 -0.0516615 0 0 0 1 
0.965453 -0.146458 -0.215522 0.0456719 -0.260206 -0.585923 -0.767455 -0.119951 0.0138796 -0.797022 0.603791 -0.0235844 0 0 0 1 
0.947493 -0.200213 -0.249343 0.0556061 -0.316444 -0.474762 -0.821258 -0.127524 -0.0460479 -0.857039 0.51319 0.0190793 0 0 0 1 
0.947493 0.197476 -0.251515 0.06238 -0.316444 0.692276 -0.648551 -0.164988 -0.0460448 -0.694087 -0.718417 0.415934 0 0 0 1 
0.965454 0.132104 -0.224607 0.0528383 -0.260206 0.442841 -0.858012 -0.0752309 0.0138817 -0.886815 -0.461917 0.316286 0 0 0 1 
0.976099 0.0944004 -0.195751 0.0421091 -0.208552 0.15354 -0.965884 -0.0273084 0.0611242 -0.983623 -0.169558 0.201456 0 0 0 1 
0.976099 0.0944007 -0.195751 0.0421089 -0.208551 0.15354 -0.965884 -0.0273084 0.0611246 -0.983623 -0.169558 0.201456 0 0 0 1 
0.976099 0.0944 -0.195751 0.0421091 -0.208552 0.153541 -0.965884 -0.0273086 0.0611236 -0.983623 -0.169558 0.201456 0 0 0 1 
0.976099 0.0944002 -0.195751 0.0421091 -0.208552 0.153541 -0.965884 -0.0273086 0.0611238 -0.983623 -0.169558 0.201456 0 0 0 1 
0.976099 0.0944001 -0.195751 0.0421091 -0.208552 0.15354 -0.965884 -0.0273086 0.0611238 -0.983622 -0.169558 0.201456 0 0 0 1 
0.976099 0.0944006 -0.195751 0.042109 -0.208552 0.15354 -0.965884 -0.0273086 0.0611244 -0.983623 -0.169558 0.201456 0 0 0 1 
0.976099 0.0944005 -0.195751 0.042109 -0.208552 0.153541 -0.965884 -0.0273085 0.0611242 -0.983623 -0.169558 0.201456 0 0 0 1 
0.976099 0.0944006 -0.195751 0.042109 -0.208552 0.153541 -0.965884 -0.0273085 0.0611243 -0.983622 -0.169558 0.201456 0 0 0 1 
