a
29
16
20
0
1
5 1
0.773529 -0.633271 -0.0249037 0.00966488 -0.0170241 0.0185184 -0.999684 -0.0662781 -0.633532 -0.773709 -0.00354362 0.0539017 0 0 0 1 
0.773529 -0.633271 -0.0249037 0.00966488 -0.0170241 0.0185184 -0.999684 -0.0674156 -0.633532 -0.773709 -0.00354364 0.0380741 0 0 0 1 
0.773529 -0.633271 -0.0249037 0.00966488 -0.0170241 0.0185184 -0.999684 -0.0685531 -0.633532 -0.773709 -0.0035436 0.0222464 0 0 0 1 
0.773529 -0.633271 -0.0249037 0.00966488 -0.0170241 0.0185184 -0.999684 -0.0695109 -0.633532 -0.773709 -0.00354364 0.00891788 0 0 0 1 
0.773529 -0.633271 -0.0249037 0.00966488 -0.0170241 0.0185184 -0.999684 -0.0695109 -0.633532 -0.773709 -0.00354364 0.00891788 0 0 0 1 
0.773529 -0.633271 -0.0249037 0.00966488 -0.0170241 0.0185184 -0.999684 -0.0695109 -0.633532 -0.773709 -0.00354364 0.00891788 0 0 0 1 
0.773529 -0.633271 -0.0249037 0.00966488 -0.0170241 0.0185184 -0.999684 -0.0609827 -0.633532 -0.773709 -0.00354362 0.0445132 0 0 0 1 
0.773529 -0.633271 -0.0249037 0.00966488 -0.0170241 0.0185184 -0.999684 -0.0531368 -0.633532 -0.773709 -0.00354362 0.0772609 0 0 0 1 
0.773529 -0.633271 -0.0249037 0.00966488 -0.0170241 0.0185184 -0.999684 -0.0521135 -0.633532 -0.773709 -0.00354362 0.0815323 0 0 0 1 
0.773529 -0.633271 -0.0249037 0.00966488 -0.0170241 0.0185184 -0.999684 -0.0531368 -0.633532 -0.773709 -0.00354362 0.0772609 0 0 0 1 
0.773529 -0.633271 -0.0249037 0.00966488 -0.0170241 0.0185184 -0.999684 -0.0531368 -0.633532 -0.773709 -0.00354362 0.0772609 0 0 0 1 
0.773529 -0.633271 -0.0249037 0.00966488 -0.0170241 0.0185184 -0.999684 -0.0531368 -0.633532 -0.773709 -0.00354362 0.0772609 0 0 0 1 
0.773529 -0.633271 -0.0249037 0.00966488 -0.0170241 0.0185184 -0.999684 -0.0531368 -0.633532 -0.773709 -0.00354362 0.0772609 0 0 0 1 
0.773529 -0.633271 -0.0249037 0.00966488 -0.0170241 0.0185184 -0.999684 -0.0576075 -0.633532 -0.773709 -0.00354362 0.0690086 0 0 0 1 
0.773529 -0.633271 -0.0249037 0.00966488 -0.0170241 0.0185184 -0.999684 -0.0628083 -0.633532 -0.773709 -0.00354362 0.0594586 0 0 0 1 
0.773529 -0.633271 -0.0249037 0.00966488 -0.0170241 0.0185184 -0.999684 -0.0662781 -0.633532 -0.773709 -0.00354362 0.0539017 0 0 0 1 
0.832445 -0.526943 0.171365 -0.0249249 0.0910319 -0.175007 -0.98035 -0.0675341 -0.546578 -0.831687 0.0977152 0.0372461 0 0 0 1 
0.869014 -0.487598 0.0840426 -0.0104059 0.0205271 -0.134181 -0.990744 -0.0673476 -0.494361 -0.862696 0.106596 0.0202439 0 0 0 1 
0.896408 -0.44321 -0.00421797 0.00421731 -0.052552 -0.0968291 -0.993913 -0.0683601 -0.440104 -0.891173 0.11009 0.00413632 0 0 0 1 
0.912145 -0.402262 -0.0785887 0.0164996 -0.115525 -0.068359 -0.990949 -0.0701441 -0.393249 -0.912969 0.108825 -0.00873164 0 0 0 1 
0.912145 -0.402262 -0.0785887 0.0164996 -0.115525 -0.068359 -0.990949 -0.0701441 -0.393249 -0.912969 0.108825 -0.00873164 0 0 0 1 
0.912145 -0.402262 -0.0785887 0.0164996 -0.115525 -0.068359 -0.990949 -0.0701441 -0.393249 -0.912969 0.108825 -0.00873164 0 0 0 1 
0.941488 -0.324481 -0.0911765 0.0178566 -0.0708674 0.0738919 -0.994745 -0.0624206 -0.329513 -0.943001 -0.0465733 0.0537355 0 0 0 1 
0.963833 -0.25041 -0.0912148 0.0171063 -0.0389376 0.206274 -0.977719 -0.0588379 -0.263646 -0.94591 -0.189064 0.110871 0 0 0 1 
0.966388 -0.240671 -0.0904007 0.0168676 -0.0354657 0.223469 -0.974066 -0.0586149 -0.254631 -0.944531 -0.207423 0.118267 0 0 0 1 
0.963833 -0.25041 -0.0912148 0.0171063 -0.0389376 0.206274 -0.977719 -0.0588379 -0.263646 -0.94591 -0.189063 0.110871 0 0 0 1 
0.963833 -0.25041 -0.0912148 0.0171063 -0.0389376 0.206274 -0.977719 -0.0588379 -0.263646 -0.94591 -0.189063 0.110871 0 0 0 1 
0.963833 -0.25041 -0.0912148 0.0171063 -0.0389376 0.206274 -0.977719 -0.0588379 -0.263646 -0.94591 -0.189063 0.110871 0 0 0 1 
0.963833 -0.25041 -0.0912148 0.0171063 -0.0389376 0.206274 -0.977719 -0.0588379 -0.263646 -0.94591 -0.189063 0.110871 0 0 0 1 
0.931472 -0.363713 -0.00848236 0.00413769 0.0207492 0.0763873 -0.996862 -0.0586723 -0.36322 -0.928373 -0.0786994 0.0835517 0 0 0 1 
0.874422 -0.474281 0.102192 -0.0136405 0.0714668 -0.0824187 -0.994032 -0.0626934 -0.479873 -0.876507 0.0381733 0.0534609 0 0 0 1 
0.832445 -0.526943 0.171365 -0.0249249 0.0910319 -0.175007 -0.98035 -0.0675341 -0.546579 -0.831687 0.0977152 0.0372461 0 0 0 1 
0.787208 -0.612614 -0.0707706 0.0145125 -0.0525229 0.0477392 -0.997478 -0.0658925 -0.614447 -0.788939 -0.00540447 0.0537693 0 0 0 1 
0.951103 -0.302666 -0.061607 0.0201919 -0.0350706 0.0923458 -0.995109 -0.0663161 -0.306875 -0.948612 -0.0772158 0.0416255 0 0 0 1 
0.998667 0.0432191 -0.0282186 0.0242479 -0.0340191 0.139971 -0.989571 -0.0669877 0.0388187 -0.989212 -0.141255 0.0312446 0 0 0 1 
0.943664 0.330533 0.0156914 0.0260235 -0.0460123 0.178028 -0.982949 -0.0677898 0.327691 -0.926852 -0.183207 0.0233734 0 0 0 1 
0.943664 0.330533 0.0156914 0.0260235 -0.0460123 0.178028 -0.982949 -0.0677898 0.327691 -0.926852 -0.183207 0.0233734 0 0 0 1 
0.943664 0.330533 0.0156914 0.0260235 -0.0460123 0.178028 -0.982949 -0.0677898 0.327691 -0.926852 -0.183207 0.0233734 0 0 0 1 
0.998921 0.0280361 0.0370163 0.0176586 0.0249741 0.347679 -0.937281 -0.0600687 0.0391475 -0.937194 -0.346604 0.0743424 0 0 0 1 
0.967485 -0.252729 0.0100611 0.014355 0.131776 0.469707 -0.872932 -0.0558088 -0.215889 -0.845874 -0.487738 0.122467 0 0 0 1 
0.957642 -0.287942 0.0033462 0.0142588 0.148089 0.482485 -0.863295 -0.0554375 -0.246965 -0.827223 -0.504689 0.128746 0 0 0 1 
0.967485 -0.252729 0.0100611 0.014355 0.131776 0.469707 -0.872932 -0.0558088 -0.21589 -0.845874 -0.487738 0.122467 0 0 0 1 
0.967485 -0.252729 0.0100611 0.014355 0.131776 0.469707 -0.872932 -0.0558088 -0.21589 -0.845874 -0.487738 0.122467 0 0 0 1 
0.967485 -0.252729 0.0100611 0.014355 0.131776 0.469707 -0.872932 -0.0558088 -0.21589 -0.845874 -0.487738 0.122467 0 0 0 1 
0.967485 -0.252729 0.0100611 0.014355 0.131776 0.469707 -0.872932 -0.0558088 -0.21589 -0.845874 -0.487738 0.122467 0 0 0 1 
0.922527 -0.383681 -0.0416204 0.0165616 0.0900923 0.318964 -0.943475 -0.0566731 -0.375269 -0.866632 -0.32882 0.0984375 0 0 0 1 
0.843553 -0.53249 -0.0698071 0.0161215 0.00897252 0.143939 -0.989546 -0.0611447 -0.536971 -0.834108 -0.126198 0.070024 0 0 0 1 
0.787208 -0.612614 -0.0707706 0.0145125 -0.0525229 0.0477392 -0.997478 -0.0658925 -0.614447 -0.788939 -0.00540445 0.0537693 0 0 0 1 
0.835247 -0.548303 0.0415464 0.0187075 0.0899458 0.0616967 -0.994034 -0.0654055 -0.542468 -0.834001 -0.10085 0.0504913 0 0 0 1 
0.975368 -0.208848 0.0709899 0.0255803 0.104612 0.154629 -0.982418 -0.0644062 -0.194199 -0.965646 -0.172668 0.0390675 0 0 0 1 
0.978379 0.152303 0.139921 0.0308117 0.0992151 0.247979 -0.963671 -0.0636315 0.181467 -0.956718 -0.227507 0.0301519 0 0 0 1 
0.873674 0.43327 0.221292 0.0332618 0.0795979 0.321426 -0.943583 -0.0632412 0.479956 -0.841998 -0.246335 0.0241263 0 0 0 1 
0.873674 0.43327 0.221292 0.0332618 0.0795979 0.321426 -0.943583 -0.0632412 0.479956 -0.841998 -0.246335 0.0241263 0 0 0 1 
0.873674 0.43327 0.221292 0.0332618 0.0795979 0.321426 -0.943583 -0.0632412 0.479956 -0.841998 -0.246335 0.0241263 0 0 0 1 
0.989797 0.0565469 0.130782 0.0205085 0.0887107 0.4737 -0.876207 -0.0554866 0.111498 -0.878868 -0.463851 0.0731627 0 0 0 1 
0.955411 -0.295203 -0.00670083 0.0129017 0.170399 0.569738 -0.803967 -0.0517095 -0.241151 -0.766977 -0.594636 0.122 0 0 0 1 
0.940551 -0.338585 -0.0268905 0.0122911 0.185279 0.577811 -0.794862 -0.0514691 -0.284666 -0.742627 -0.606194 0.12854 0 0 0 1 
0.955411 -0.295203 -0.00670085 0.0129017 0.170399 0.569738 -0.803967 -0.0517095 -0.241151 -0.766977 -0.594636 0.122 0 0 0 1 
0.955411 -0.295203 -0.00670085 0.0129017 0.170399 0.569738 -0.803967 -0.0517095 -0.241151 -0.766977 -0.594636 0.122 0 0 0 1 
0.955411 -0.295203 -0.00670085 0.0129017 0.170399 0.569738 -0.803967 -0.0517095 -0.241151 -0.766977 -0.594636 0.122 0 0 0 1 
0.955411 -0.295203 -0.00670085 0.0129017 0.170399 0.569738 -0.803967 -0.0517095 -0.241151 -0.766977 -0.594636 0.122 0 0 0 1 
0.923727 -0.382748 -0.0152241 0.0171873 0.149889 0.397747 -0.905169 -0.0537975 -0.352507 -0.833847 -0.42478 0.0970818 0 0 0 1 
0.871297 -0.490634 0.0109465 0.0190248 0.115632 0.183567 -0.976183 -0.0598017 -0.476939 -0.851811 -0.216675 0.0675411 0 0 0 1 
0.835247 -0.548303 0.0415464 0.0187075 0.0899458 0.0616967 -0.994034 -0.0654055 -0.542468 -0.834001 -0.10085 0.0504913 0 0 0 1 
0.835247 -0.548136 0.0436902 0.0190304 0.0899465 0.0578101 -0.994267 -0.0654052 -0.542468 -0.834389 -0.0975887 0.0509885 0 0 0 1 
0.979544 -0.189483 0.0677497 0.0249141 0.0975689 0.152761 -0.983435 -0.0645459 -0.175994 -0.969928 -0.168124 0.039802 0 0 0 1 
0.972788 0.190951 0.131226 0.0291393 0.0815977 0.247741 -0.965384 -0.0638958 0.216851 -0.949822 -0.225418 0.0304194 0 0 0 1 
0.850778 0.481993 0.209424 0.0310099 0.0507088 0.321352 -0.945601 -0.0635577 0.523072 -0.815117 -0.248958 0.0235006 0 0 0 1 
0.850778 0.481993 0.209424 0.0310099 0.0507088 0.321352 -0.945601 -0.0635577 0.523072 -0.815117 -0.248958 0.0235006 0 0 0 1 
0.850778 0.481993 0.209424 0.0310099 0.0507088 0.321352 -0.945601 -0.0635578 0.523072 -0.815117 -0.248958 0.0235006 0 0 0 1 
0.99115 0.124216 0.0468188 0.00717953 0.00269332 0.333803 -0.942639 -0.0642973 0.132719 -0.934422 -0.330514 0.0938638 0 0 0 1 
0.966682 -0.251929 -0.0453544 0.00665883 0.037137 0.313332 -0.948917 -0.0713589 -0.253271 -0.915617 -0.312248 0.166103 0 0 0 1 
0.952338 -0.300788 -0.050774 0.00833442 0.0461929 0.30673 -0.950675 -0.0726307 -0.301526 -0.903019 -0.306005 0.175443 0 0 0 1 
0.966682 -0.251929 -0.0453544 0.00665883 0.037137 0.313332 -0.948917 -0.0713589 -0.253271 -0.915617 -0.312248 0.166103 0 0 0 1 
0.966682 -0.251929 -0.0453544 0.00665883 0.037137 0.313332 -0.948917 -0.0713589 -0.253271 -0.915617 -0.312248 0.166103 0 0 0 1 
0.966682 -0.251929 -0.0453544 0.00665883 0.037137 0.313332 -0.948917 -0.0713589 -0.253271 -0.915617 -0.312248 0.166103 0 0 0 1 
0.966682 -0.251929 -0.0453544 0.00665883 0.037137 0.313332 -0.948917 -0.0713589 -0.253271 -0.915617 -0.312248 0.166103 0 0 0 1 
0.934952 -0.354277 -0.018768 0.0163948 0.0636217 0.219474 -0.973541 -0.0625509 -0.349022 -0.909021 -0.227737 0.127599 0 0 0 1 
0.877837 -0.478512 0.0207074 0.020394 0.084722 0.112581 -0.990024 -0.0612599 -0.471407 -0.870834 -0.139368 0.07942 0 0 0 1 
0.835247 -0.548136 0.0436902 0.0190304 0.0899465 0.0578101 -0.994267 -0.0654052 -0.542468 -0.834388 -0.0975888 0.0509885 0 0 0 1 
0.453218 -0.878932 -0.14857 -0.0354131 -0.284275 0.015454 -0.958618 -0.0807417 -0.844856 -0.476697 0.242855 0.0916611 0 0 0 1 
0.878626 -0.417561 -0.231646 -0.0281307 -0.19644 0.126087 -0.972375 -0.079346 -0.435233 -0.899858 -0.0287574 0.0488326 0 0 0 1 
0.970553 0.203051 -0.129605 -0.00889554 -0.179408 0.25027 -0.951408 -0.0765339 0.160748 -0.946644 -0.279329 0.0215041 0 0 0 1 
0.750265 0.658729 0.0563831 0.00594643 -0.222189 0.331546 -0.916902 -0.0750923 0.622683 -0.675391 -0.39511 0.0123306 0 0 0 1 
0.750265 0.658729 0.0563831 0.00594643 -0.222189 0.331546 -0.916902 -0.0750923 0.622683 -0.675391 -0.39511 0.0123306 0 0 0 1 
0.750265 0.658729 0.0563832 0.00594644 -0.222189 0.331546 -0.916902 -0.0750923 0.622683 -0.675391 -0.39511 0.0123306 0 0 0 1 
0.940872 0.329144 -0.0801435 -0.00892115 -0.239889 0.480312 -0.843654 -0.0679432 0.23919 -0.812997 -0.530871 0.0710549 0 0 0 1 
0.973304 -0.0182208 -0.228797 -0.0145768 -0.173309 0.59521 -0.784659 -0.0666227 -0.150479 -0.803364 -0.576162 0.128946 0 0 0 1 
0.966639 -0.0640097 -0.248018 -0.0146492 -0.159533 0.607092 -0.778453 -0.0668085 -0.200398 -0.79205 -0.576626 0.13658 0 0 0 1 
0.973304 -0.0182209 -0.228797 -0.0145768 -0.173309 0.59521 -0.784659 -0.0666227 -0.150479 -0.803364 -0.576162 0.128946 0 0 0 1 
0.973304 -0.0182209 -0.228797 -0.0145768 -0.173309 0.59521 -0.784659 -0.0666227 -0.150479 -0.803364 -0.576162 0.128946 0 0 0 1 
0.973304 -0.0182209 -0.228797 -0.0145768 -0.173309 0.59521 -0.784659 -0.0666227 -0.150479 -0.803364 -0.576162 0.128946 0 0 0 1 
0.973304 -0.0182209 -0.228797 -0.0145768 -0.173309 0.59521 -0.784659 -0.0666227 -0.150479 -0.803364 -0.576162 0.128946 0 0 0 1 
0.885231 -0.376823 -0.272709 -0.0231051 -0.112095 0.396182 -0.911303 -0.0686232 -0.451442 -0.837284 -0.308473 0.109104 0 0 0 1 
0.640991 -0.734192 -0.223816 -0.0322412 -0.180919 0.13886 -0.973646 -0.0758928 -0.745922 -0.664591 0.0438215 0.0952303 0 0 0 1 
0.453217 -0.878932 -0.14857 -0.0354131 -0.284275 0.0154541 -0.958618 -0.0807417 -0.844856 -0.476697 0.242855 0.0916611 0 0 0 1 
-0.182952 -0.926363 0.32921 -0.0597633 -0.522567 -0.192008 -0.830696 -0.0999903 -0.832738 0.324013 0.448958 0.134826 0 0 0 1 
0.488093 -0.870389 0.0647165 -0.0503146 -0.202858 -0.185251 -0.961525 -0.0844031 -0.848889 -0.456186 0.266985 0.0395921 0 0 0 1 
0.948877 -0.315545 0.00797451 -0.00310302 0.030629 0.0669013 -0.997289 -0.0573809 -0.314156 -0.946549 -0.0731459 -0.0158105 0 0 0 1 
0.947314 0.281415 0.152977 0.0385662 0.0460179 0.353068 -0.934465 -0.0406342 0.316984 -0.892272 -0.321516 -0.0233707 0 0 0 1 
0.947314 0.281415 0.152977 0.0385662 0.0460179 0.353068 -0.934465 -0.0406342 0.316984 -0.892272 -0.321516 -0.0233707 0 0 0 1 
0.947314 0.281415 0.152977 0.0385662 0.046018 0.353068 -0.934465 -0.0406342 0.316984 -0.892272 -0.321516 -0.0233708 0 0 0 1 
0.912009 0.353144 0.208634 0.025549 0.00283993 0.503205 -0.864162 -0.037303 0.410159 -0.788716 -0.457925 0.104269 0 0 0 1 
0.873059 0.406622 0.26912 0.0449236 -0.0507621 0.624705 -0.779209 -0.048753 0.484965 -0.666634 -0.566046 0.218929 0 0 0 1 
0.867588 0.412614 0.277562 0.0495822 -0.0586443 0.639155 -0.766839 -0.0510201 0.493813 -0.649023 -0.578721 0.233042 0 0 0 1 
0.873059 0.406622 0.26912 0.0449236 -0.050762 0.624705 -0.779209 -0.048753 0.484965 -0.666634 -0.566046 0.218929 0 0 0 1 
0.873059 0.406622 0.26912 0.0449236 -0.050762 0.624705 -0.779209 -0.048753 0.484965 -0.666634 -0.566046 0.218929 0 0 0 1 
0.873059 0.406622 0.26912 0.0449236 -0.050762 0.624705 -0.779209 -0.048753 0.484965 -0.666634 -0.566046 0.218929 0 0 0 1 
0.873059 0.406622 0.26912 0.0449236 -0.050762 0.624705 -0.779209 -0.048753 0.484965 -0.666634 -0.566046 0.218929 0 0 0 1 
0.943636 -0.330156 -0.0234047 0.0184226 0.0604575 0.241455 -0.968527 -0.0555286 -0.325416 -0.912522 -0.247807 0.132814 0 0 0 1 
0.291048 -0.953021 0.0839225 -0.0432063 -0.246322 -0.15941 -0.955989 -0.0878202 -0.924455 -0.257567 0.281146 0.109543 0 0 0 1 
-0.182953 -0.926363 0.329211 -0.0597633 -0.522567 -0.192008 -0.830696 -0.0999903 -0.832738 0.324013 0.448958 0.134826 0 0 0 1 
-0.534103 0.620871 0.573806 -0.172926 -0.845003 -0.370747 -0.385378 -0.193249 0.0265325 0.690699 -0.722655 0.384085 0 0 0 1 
-0.283212 -0.0499924 0.957753 -0.28171 -0.702696 -0.668816 -0.242701 -0.227597 -0.652694 0.741745 -0.154287 0.089086 0 0 0 1 
0.360006 -0.481464 0.799117 -0.174492 -0.363336 -0.861277 -0.355231 -0.166602 -0.859291 0.162463 0.484999 -0.182878 0 0 0 1 
0.849688 -0.374788 0.370896 0.0143387 -0.0912727 -0.797331 -0.5966 -0.0731901 -0.519325 -0.473072 0.711691 -0.271137 0 0 0 1 
0.849688 -0.374788 0.370896 0.0143387 -0.0912727 -0.797331 -0.5966 -0.0731901 -0.519325 -0.473072 0.711691 -0.271137 0 0 0 1 
0.849688 -0.374788 0.370896 0.0143387 -0.0912727 -0.797331 -0.5966 -0.07319 -0.519326 -0.473071 0.711691 -0.271137 0 0 0 1 
0.916173 -0.276532 0.290097 0.0309613 0.0428337 -0.65212 -0.756904 -0.0178953 -0.398487 -0.705881 0.58561 -0.133154 0 0 0 1 
0.957254 -0.164287 0.238064 0.0733876 0.136328 -0.469641 -0.872269 0.0133366 -0.255107 -0.867437 0.427168 0.00348191 0 0 0 1 
0.961044 -0.148553 0.233079 0.0806941 0.146036 -0.44305 -0.884523 0.0161414 -0.234664 -0.884104 0.404096 0.0212199 0 0 0 1 
0.957254 -0.164287 0.238064 0.0733875 0.136328 -0.469641 -0.872269 0.0133366 -0.255107 -0.867437 0.427168 0.00348187 0 0 0 1 
0.957254 -0.164287 0.238064 0.0733875 0.136328 -0.469641 -0.872269 0.0133366 -0.255107 -0.867437 0.427168 0.00348187 0 0 0 1 
0.957254 -0.164287 0.238064 0.0733875 0.136328 -0.469641 -0.872269 0.0133366 -0.255107 -0.867437 0.427168 0.00348187 0 0 0 1 
0.957254 -0.164287 0.238064 0.0733875 0.136328 -0.469641 -0.872269 0.0133366 -0.255107 -0.867437 0.427168 0.00348187 0 0 0 1 
0.372513 -0.544772 0.751304 -0.147444 -0.166962 -0.835703 -0.523186 -0.114973 -0.912884 -0.069455 0.402266 -0.0448824 0 0 0 1 
-0.439494 0.075356 0.895079 -0.264047 -0.704213 -0.647494 -0.291265 -0.218697 -0.55761 0.758336 -0.337637 0.210236 0 0 0 1 
-0.534103 0.620871 0.573806 -0.172925 -0.845003 -0.370747 -0.385378 -0.193249 0.0265325 0.690699 -0.722655 0.384085 0 0 0 1 
-0.161012 0.518186 0.839975 -0.082453 -0.925546 -0.374793 0.0537975 -0.288064 -0.342694 0.768774 -0.539951 0.226924 0 0 0 1 
0.0851056 -0.196114 0.976881 -0.156039 -0.736437 -0.67278 -0.070906 -0.265499 -0.671131 0.713377 0.201683 0.0285211 0 0 0 1 
0.530471 -0.576804 0.621207 -0.0883935 -0.403975 -0.81626 -0.412945 -0.17178 -0.745254 0.0318965 0.666017 -0.17127 0 0 0 1 
0.8897 -0.383449 0.247791 0.0469732 -0.0949001 -0.686225 -0.721172 -0.0545425 -0.446573 -0.618112 0.646924 -0.23712 0 0 0 1 
0.8897 -0.383449 0.247791 0.0469732 -0.0949001 -0.686225 -0.721172 -0.0545425 -0.446573 -0.618112 0.646924 -0.23712 0 0 0 1 
0.8897 -0.383449 0.247791 0.0469731 -0.0948999 -0.686225 -0.721172 -0.0545425 -0.446573 -0.618111 0.646924 -0.23712 0 0 0 1 
0.955837 -0.264158 0.12882 0.0694496 -0.0223017 -0.502248 -0.864435 -0.0231476 -0.293047 -0.823387 0.485959 -0.0820533 0 0 0 1 
0.989603 -0.136782 0.0444489 0.11433 0.0028365 -0.290431 -0.956892 -0.0192137 -0.143795 -0.94707 0.287024 0.063151 0 0 0 1 
0.992202 -0.119461 0.0355542 0.121822 0.00321344 -0.260642 -0.96543 -0.0202323 -0.124599 -0.958016 0.258226 0.0813709 0 0 0 1 
0.989603 -0.136782 0.0444489 0.11433 0.0028365 -0.290431 -0.956892 -0.0192137 -0.143795 -0.947069 0.287024 0.063151 0 0 0 1 
0.989603 -0.136782 0.0444489 0.11433 0.0028365 -0.290431 -0.956892 -0.0192137 -0.143795 -0.947069 0.287024 0.063151 0 0 0 1 
0.989603 -0.136782 0.0444489 0.11433 0.0028365 -0.290431 -0.956892 -0.0192137 -0.143795 -0.947069 0.287024 0.063151 0 0 0 1 
0.989603 -0.136782 0.0444489 0.11433 0.0028365 -0.290431 -0.956892 -0.0192137 -0.143795 -0.947069 0.287024 0.063151 0 0 0 1 
0.589857 -0.629504 0.50576 -0.0344735 -0.29785 -0.751769 -0.588328 -0.150499 -0.750569 -0.196388 0.630933 -0.0233939 0 0 0 1 
-0.00524631 -0.0703636 0.997508 -0.12768 -0.759396 -0.648724 -0.0497546 -0.274672 -0.650608 0.757765 0.0500305 0.11884 0 0 0 1 
-0.161012 0.518186 0.839975 -0.082453 -0.925546 -0.374793 0.0537975 -0.288064 -0.342694 0.768774 -0.539951 0.226924 0 0 0 1 
-0.36633 0.513762 0.77579 -0.146481 -0.855308 -0.514235 -0.0633298 -0.236891 -0.366402 0.686739 -0.627805 0.236459 0 0 0 1 
-0.0803405 -0.156575 0.984393 -0.220352 -0.649356 -0.741041 -0.170865 -0.210696 -0.756229 0.652949 0.0421377 0.0311034 0 0 0 1 
0.398248 -0.540814 0.74089 -0.165379 -0.287668 -0.840594 -0.458964 -0.117324 -0.871002 0.030349 0.49034 -0.179695 0 0 0 1 
0.792718 -0.396326 0.463168 -0.0388763 0.0582017 -0.707124 -0.704689 -8.02279e-05 -0.606804 -0.585577 0.537483 -0.273154 0 0 0 1 
0.792718 -0.396326 0.463168 -0.0388763 0.0582017 -0.707124 -0.704689 -8.02279e-05 -0.606804 -0.585577 0.537483 -0.273154 0 0 0 1 
0.792717 -0.396326 0.463168 -0.0388763 0.0582018 -0.707125 -0.704689 -8.01831e-05 -0.606804 -0.585577 0.537483 -0.273154 0 0 0 1 
0.888965 -0.28264 0.360356 -0.00862635 0.168521 -0.52976 -0.831236 0.0418551 -0.425843 -0.799667 0.423308 -0.118296 0 0 0 1 
0.945801 -0.158958 0.283182 0.0433887 0.221539 -0.321767 -0.920536 0.0556715 -0.237445 -0.93338 0.269112 0.0316176 0 0 0 1 
0.950982 -0.142007 0.274715 0.0517653 0.224867 -0.292293 -0.929516 0.055875 -0.212295 -0.945727 0.246033 0.0508009 0 0 0 1 
0.945801 -0.158958 0.283182 0.0433887 0.221539 -0.321767 -0.920536 0.0556715 -0.237445 -0.93338 0.269112 0.0316175 0 0 0 1 
0.945801 -0.158958 0.283182 0.0433887 0.221539 -0.321767 -0.920536 0.0556715 -0.237445 -0.93338 0.269112 0.0316175 0 0 0 1 
0.945801 -0.158958 0.283182 0.0433887 0.221539 -0.321767 -0.920536 0.0556715 -0.237445 -0.93338 0.269112 0.0316175 0 0 0 1 
0.945801 -0.158958 0.283182 0.0433887 0.221539 -0.321767 -0.920536 0.0556715 -0.237445 -0.93338 0.269112 0.0316175 0 0 0 1 
0.491656 -0.588877 0.641481 -0.10201 -0.143028 -0.781272 -0.607583 -0.0874442 -0.858962 -0.206972 0.468343 -0.0282765 0 0 0 1 
-0.172437 -0.0388794 0.984253 -0.188095 -0.664276 -0.733221 -0.145342 -0.218028 -0.727325 0.678879 -0.100608 0.122337 0 0 0 1 
-0.36633 0.513762 0.77579 -0.146481 -0.855308 -0.514235 -0.0633298 -0.236891 -0.366402 0.686739 -0.627805 0.236459 0 0 0 1 
-0.36633 0.513762 0.77579 -0.146481 -0.855308 -0.514235 -0.0633298 -0.236891 -0.366402 0.686739 -0.627805 0.236459 0 0 0 1 
-0.18892 -0.14164 0.971724 -0.258573 -0.636749 -0.735648 -0.231025 -0.189395 -0.747569 0.66239 -0.0487893 0.0593082 0 0 0 1 
0.213669 -0.527337 0.822351 -0.258534 -0.205188 -0.847239 -0.489984 -0.077169 -0.955114 0.0640419 0.289232 -0.15696 0 0 0 1 
0.597401 -0.398983 0.695648 -0.177476 0.240521 -0.738375 -0.630041 0.0494921 -0.765024 -0.543704 0.345142 -0.281271 0 0 0 1 
0.597401 -0.398983 0.695648 -0.177476 0.240521 -0.738375 -0.630041 0.0494921 -0.765024 -0.543704 0.345142 -0.281271 0 0 0 1 
0.5974 -0.398983 0.695648 -0.177476 0.240521 -0.738375 -0.630041 0.0494921 -0.765024 -0.543704 0.345142 -0.281271 0 0 0 1 
0.724937 -0.292727 0.62352 -0.143609 0.391286 -0.569969 -0.722516 0.0976331 -0.566887 -0.767754 0.298652 -0.138339 0 0 0 1 
0.807581 -0.174222 0.563435 -0.0863621 0.47745 -0.367682 -0.79803 0.120403 -0.3462 -0.913486 0.213751 0.00501155 0 0 0 1 
0.815783 -0.157813 0.556411 -0.0772204 0.484559 -0.338735 -0.806512 0.121922 -0.315754 -0.927553 0.199864 0.0237125 0 0 0 1 
0.807581 -0.174223 0.563435 -0.0863621 0.47745 -0.367682 -0.79803 0.120403 -0.3462 -0.913486 0.213751 0.00501154 0 0 0 1 
0.807581 -0.174223 0.563435 -0.0863621 0.47745 -0.367682 -0.79803 0.120403 -0.3462 -0.913486 0.213751 0.00501154 0 0 0 1 
0.807581 -0.174223 0.563435 -0.0863621 0.47745 -0.367682 -0.79803 0.120403 -0.3462 -0.913486 0.213751 0.00501154 0 0 0 1 
0.807581 -0.174223 0.563435 -0.0863621 0.47745 -0.367682 -0.79803 0.120403 -0.3462 -0.913486 0.213751 0.00501154 0 0 0 1 
0.339559 -0.581336 0.739424 -0.187204 -0.0395399 -0.79426 -0.60629 -0.0480658 -0.939753 -0.176635 0.292684 -0.01123 0 0 0 1 
-0.243989 -0.0282813 0.969366 -0.211493 -0.658323 -0.729145 -0.186973 -0.204352 -0.712096 0.683776 -0.159285 0.144239 0 0 0 1 
-0.36633 0.513762 0.77579 -0.146481 -0.855308 -0.514235 -0.0633298 -0.236891 -0.366402 0.686739 -0.627805 0.236459 0 0 0 1 
0.657371 -0.738439 -0.150235 -0.00376992 -0.182826 0.0371224 -0.982444 -0.0498573 -0.731052 -0.673298 0.110603 0.0945279 0 0 0 1 
0.963425 -0.0929694 -0.251334 -0.0198585 -0.234363 0.162483 -0.958474 -0.0430182 -0.129946 -0.982322 -0.134752 0.0410818 0 0 0 1 
0.791971 0.590848 -0.153886 0.00414627 -0.372635 0.268093 -0.888408 -0.0274597 0.483659 -0.760937 -0.432492 -0.0128603 0 0 0 1 
0.370254 0.923996 0.0956164 0.0490591 -0.530838 0.294928 -0.794499 -0.00962492 0.762314 -0.24341 -0.599691 -0.0331823 0 0 0 1 
0.370254 0.923996 0.0956164 0.0490591 -0.530838 0.294928 -0.794499 -0.00962492 0.762314 -0.24341 -0.599691 -0.0331823 0 0 0 1 
0.370254 0.923996 0.0956163 0.0490591 -0.530838 0.294928 -0.794499 -0.009625 0.762314 -0.24341 -0.599691 -0.0331822 0 0 0 1 
0.437632 0.874122 0.210685 0.0749615 -0.262845 0.34845 -0.899719 -0.042747 0.859878 -0.338369 -0.382252 0.0553437 0 0 0 1 
0.519107 0.772296 0.366179 0.109145 0.0490686 0.400791 -0.914855 -0.0647328 0.8533 -0.492875 -0.170158 0.132716 0 0 0 1 
0.684498 0.546806 0.482146 0.116348 0.18536 0.50909 -0.840517 -0.0594281 0.705056 -0.664703 -0.247115 0.131684 0 0 0 1 
0.816024 0.287167 0.501638 0.105675 0.275154 0.570232 -0.774032 -0.0527093 0.508326 -0.769656 -0.386308 0.113873 0 0 0 1 
0.816024 0.287167 0.501638 0.105675 0.275154 0.570232 -0.774032 -0.0527093 0.508326 -0.769656 -0.386308 0.113873 0 0 0 1 
0.816024 0.287167 0.501638 0.105675 0.275154 0.570232 -0.774032 -0.0527093 0.508326 -0.769656 -0.386308 0.113873 0 0 0 1 
0.816024 0.287167 0.501638 0.105675 0.275154 0.570232 -0.774032 -0.0527093 0.508326 -0.769656 -0.386308 0.113873 0 0 0 1 
0.968191 -0.099135 0.229736 0.056118 0.249951 0.425175 -0.869914 -0.0533075 0.0114392 -0.899666 -0.436429 0.0752482 0 0 0 1 
0.842306 -0.532817 -0.0814057 0.00607325 0.0170992 0.17737 -0.983996 -0.0559276 -0.538729 -0.827434 -0.15851 0.0798389 0 0 0 1 
0.657371 -0.738439 -0.150235 -0.00376992 -0.182826 0.0371225 -0.982444 -0.0498573 -0.731052 -0.673297 0.110603 0.0945279 0 0 0 1 
0.980949 -0.103697 -0.164277 -0.0377972 -0.139667 0.211321 -0.967387 -0.0505569 -0.135031 -0.9719 -0.192812 -0.0310865 0 0 0 1 
0.761722 0.628724 -0.156477 0.0328117 -0.270242 0.088809 -0.958688 -0.0395371 0.588854 -0.77254 -0.237556 -0.0655556 0 0 0 1 
0.0883985 0.988973 -0.118817 0.110788 -0.27537 -0.0903721 -0.957081 -0.0560605 0.957265 -0.117323 -0.264344 -0.0430104 0 0 0 1 
-0.541152 0.837105 -0.0800603 0.14728 -0.177753 -0.206922 -0.962075 -0.0882984 0.821923 0.506398 -0.260774 0.0168402 0 0 0 1 
-0.541152 0.837105 -0.0800603 0.14728 -0.177753 -0.206922 -0.962075 -0.0882984 0.821923 0.506398 -0.260774 0.0168402 0 0 0 1 
-0.541152 0.837105 -0.0800604 0.14728 -0.177753 -0.206922 -0.962074 -0.0882984 0.821923 0.506398 -0.260774 0.0168402 0 0 0 1 
0.0966986 0.954009 -0.283752 0.0573851 0.244657 -0.299124 -0.922316 -0.125812 0.964776 -0.0197648 0.26233 0.131659 0 0 0 1 
0.70241 0.707537 -0.0775345 0.0249503 0.474521 -0.546685 -0.689903 -0.109608 0.530519 -0.447803 0.719738 0.293999 0 0 0 1 
0.839985 0.508067 0.190508 0.056359 0.504518 -0.602072 -0.618847 -0.0933553 0.199716 -0.615936 0.762061 0.333323 0 0 0 1 
0.848311 0.378087 0.3707 0.0857532 0.529245 -0.583792 -0.6157 -0.0869611 0.0163768 -0.718496 0.695338 0.323275 0 0 0 1 
0.848311 0.378087 0.3707 0.0857532 0.529245 -0.583792 -0.6157 -0.0869611 0.0163768 -0.718496 0.695338 0.323275 0 0 0 1 
0.848311 0.378087 0.3707 0.0857532 0.529245 -0.583792 -0.6157 -0.0869611 0.0163768 -0.718496 0.695338 0.323275 0 0 0 1 
0.848311 0.378087 0.3707 0.0857532 0.529245 -0.583792 -0.6157 -0.0869611 0.0163768 -0.718496 0.695338 0.323275 0 0 0 1 
0.955202 0.156946 0.250912 0.0652686 0.292773 -0.377136 -0.878665 -0.0746943 0.0432746 -0.912763 0.406191 0.181461 0 0 0 1 
0.999242 -0.0382688 0.00713079 0.00546649 0.00632657 -0.0210956 -0.999757 -0.0601245 -0.03841 -0.999045 0.0208376 0.0328631 0 0 0 1 
0.980949 -0.103697 -0.164277 -0.0377972 -0.139667 0.211321 -0.967387 -0.0505569 -0.135031 -0.9719 -0.192812 -0.0310866 0 0 0 1 
0.95539 0.177085 -0.236369 -0.0322008 -0.166012 -0.339932 -0.925682 -0.0391914 0.244273 -0.923627 0.295369 -0.142205 0 0 0 1 
0.371933 0.645288 -0.667284 0.146562 -0.176328 -0.656654 -0.73329 -0.0620071 0.911358 -0.390396 0.130449 -0.162306 0 0 0 1 
-0.478224 0.407777 -0.77783 0.280172 0.0136049 -0.882125 -0.470818 -0.135201 0.878132 0.235739 -0.416305 -0.0222456 0 0 0 1 
-0.900593 -0.12553 -0.416143 0.258684 0.262161 -0.92052 -0.28968 -0.21205 0.346704 0.369981 -0.861923 0.156564 0 0 0 1 
-0.900593 -0.12553 -0.416143 0.258684 0.262161 -0.92052 -0.28968 -0.21205 0.346704 0.369981 -0.861923 0.156564 0 0 0 1 
-0.900593 -0.12553 -0.416143 0.258684 0.262161 -0.92052 -0.28968 -0.21205 0.346704 0.369981 -0.861922 0.156564 0 0 0 1 
-0.377584 0.414455 -0.828044 0.199519 0.484209 -0.673861 -0.558079 -0.193292 0.789285 0.611669 -0.0537561 0.178717 0 0 0 1 
0.413442 0.782887 -0.464923 0.108858 0.659188 -0.609594 -0.440303 -0.163132 0.628122 0.124432 0.768101 0.261679 0 0 0 1 
0.690673 0.722374 -0.0338612 0.0985474 0.638833 -0.631404 -0.43957 -0.132395 0.338914 -0.281967 0.89757 0.290439 0 0 0 1 
0.770321 0.590938 0.239579 0.107118 0.620976 -0.609835 -0.492432 -0.113583 0.144893 -0.528104 0.836727 0.284466 0 0 0 1 
0.770321 0.590938 0.239579 0.107118 0.620976 -0.609835 -0.492432 -0.113583 0.144893 -0.528104 0.836727 0.284466 0 0 0 1 
0.770321 0.590938 0.239579 0.107118 0.620976 -0.609835 -0.492432 -0.113583 0.144893 -0.528104 0.836727 0.284466 0 0 0 1 
0.770321 0.590938 0.239579 0.107118 0.620976 -0.609835 -0.492432 -0.113583 0.144893 -0.528104 0.836727 0.284466 0 0 0 1 
0.885655 0.448587 0.119933 0.083642 0.381984 -0.556995 -0.737458 -0.0995561 0.264012 -0.698946 0.664659 0.115558 0 0 0 1 
0.956952 0.275498 -0.0913415 0.0157307 0.039202 -0.434505 -0.899816 -0.0669754 0.287586 -0.8575 0.4266 -0.063305 0 0 0 1 
0.95539 0.177085 -0.236369 -0.0322008 -0.166012 -0.339932 -0.925682 -0.0391914 0.244273 -0.923627 0.295369 -0.142205 0 0 0 1 
0.974806 0.121157 0.18728 -0.103594 0.202249 -0.126023 -0.971192 -0.159879 0.0940647 -0.984601 0.147351 -0.0675522 0 0 0 1 
0.523949 0.728718 -0.440961 0.0596674 -0.0462041 -0.492633 -0.869009 -0.0856954 0.850495 -0.475691 0.224445 -0.155921 0 0 0 1 
-0.448251 0.55513 -0.700644 0.259428 -0.024862 -0.791238 -0.611002 -0.0995685 0.893562 0.256463 -0.368475 -0.0346979 0 0 0 1 
-0.958948 -0.0334136 -0.281606 0.259834 0.163161 -0.877214 -0.451525 -0.152301 0.231941 0.478936 -0.846654 0.195765 0 0 0 1 
-0.958948 -0.0334136 -0.281606 0.259834 0.163161 -0.877214 -0.451525 -0.152301 0.231941 0.478936 -0.846654 0.195765 0 0 0 1 
-0.958948 -0.0334137 -0.281606 0.259834 0.163161 -0.877214 -0.451525 -0.152301 0.231941 0.478936 -0.846654 0.195765 0 0 0 1 
-0.357997 0.37526 -0.854995 0.1963 0.345723 -0.797331 -0.49471 -0.155324 0.86736 0.472697 -0.155706 0.165231 0 0 0 1 
0.671871 0.324533 -0.665784 0.0436018 0.347754 -0.931877 -0.103306 -0.107574 0.653955 0.162121 0.738959 0.25736 0 0 0 1 
0.93264 -0.32949 -0.147034 0.0199111 -0.314233 -0.942012 0.117775 0.115977 0.177313 0.0636381 0.982095 0.33804 0 0 0 1 
0.548656 -0.775918 0.311332 0.160688 -0.833784 -0.535204 0.135502 0.30467 -0.0614875 0.333928 0.940591 0.350078 0 0 0 1 
0.548656 -0.775918 0.311332 0.160688 -0.833784 -0.535204 0.135502 0.30467 -0.0614875 0.333928 0.940591 0.350078 0 0 0 1 
0.548656 -0.775918 0.311332 0.160688 -0.833784 -0.535204 0.135502 0.30467 -0.0614875 0.333928 0.940591 0.350078 0 0 0 1 
0.548656 -0.775918 0.311332 0.160688 -0.833784 -0.535204 0.135502 0.30467 -0.0614875 0.333928 0.940591 0.350078 0 0 0 1 
0.775822 -0.560338 0.290037 0.0865462 -0.413232 -0.798622 -0.437541 0.132797 -0.4768 -0.219601 0.851138 0.353091 0 0 0 1 
0.957376 -0.183233 0.223286 -0.0365305 0.115113 -0.466953 -0.876758 -0.0975184 -0.264915 -0.86509 0.425957 0.131306 0 0 0 1 
0.974806 0.121157 0.18728 -0.103594 0.202249 -0.126023 -0.971192 -0.159879 0.0940647 -0.984601 0.147351 -0.0675522 0 0 0 1 
0.987099 0.150621 -0.0543017 -0.0533234 -0.0309838 -0.153043 -0.987734 -0.0676312 0.157083 -0.976674 0.146402 -0.0912449 0 0 0 1 
0.380914 0.726169 -0.572348 0.143811 -0.236411 -0.521948 -0.819561 -0.024777 0.893876 -0.447492 0.0271425 -0.127514 0 0 0 1 
-0.619261 0.520839 -0.587573 0.298596 -0.144955 -0.811297 -0.566379 -0.0641533 0.771689 0.265565 -0.577903 0.0591628 0 0 0 1 
-0.996899 -0.0656757 -0.0433509 0.220054 0.0782175 -0.887437 -0.454245 -0.119456 0.00863817 0.456227 -0.889822 0.2903 0 0 0 1 
-0.996899 -0.0656757 -0.0433509 0.220054 0.0782175 -0.887437 -0.454245 -0.119456 0.00863817 0.456227 -0.889822 0.2903 0 0 0 1 
-0.996898 -0.0656758 -0.0433509 0.220054 0.0782175 -0.887436 -0.454245 -0.119456 0.00863828 0.456227 -0.889821 0.2903 0 0 0 1 
-0.263693 0.390106 -0.882204 0.166709 0.38589 -0.795539 -0.467126 -0.176836 0.884056 0.463611 -0.05924 0.136961 0 0 0 1 
0.896524 0.311797 -0.314687 -0.121468 0.32551 -0.945491 -0.00944937 -0.120477 0.30048 0.0939624 0.949148 0.343669 0 0 0 1 
0.88689 -0.382186 0.259538 -0.0551848 -0.369743 -0.924034 -0.0972165 0.185925 -0.276977 0.00974197 0.960828 0.515229 0 0 0 1 
0.345038 -0.818331 0.459655 0.204211 -0.835243 -0.491107 -0.247353 0.392283 -0.428156 0.298577 0.852956 0.509117 0 0 0 1 
0.345038 -0.818331 0.459655 0.204211 -0.835243 -0.491107 -0.247353 0.392283 -0.428156 0.298577 0.852956 0.509117 0 0 0 1 
0.345038 -0.818331 0.459655 0.204211 -0.835243 -0.491107 -0.247353 0.392283 -0.428156 0.298577 0.852956 0.509117 0 0 0 1 
0.345038 -0.818331 0.459655 0.204211 -0.835243 -0.491107 -0.247353 0.392283 -0.428156 0.298577 0.852956 0.509117 0 0 0 1 
0.697982 -0.584329 0.413982 0.0878935 -0.340552 -0.779385 -0.525911 0.125318 -0.629957 -0.226093 0.742991 0.43579 0 0 0 1 
0.974755 -0.171754 0.142668 -0.0247915 0.0448164 -0.475461 -0.878595 -0.0704309 -0.218735 -0.862808 0.45576 0.107008 0 0 0 1 
0.987099 0.150621 -0.0543017 -0.0533234 -0.030984 -0.153043 -0.987734 -0.0676312 0.157083 -0.976674 0.146401 -0.0912449 0 0 0 1 
0.916807 0.177018 -0.357952 0.0566927 -0.323449 -0.196508 -0.925616 0.0274198 0.234191 -0.964391 0.122903 -0.114356 0 0 0 1 
0.158692 0.711568 -0.684461 0.259624 -0.452676 -0.563652 -0.690927 0.0228799 0.87744 -0.419484 -0.232662 -0.0501283 0 0 0 1 
-0.789444 0.476521 -0.386918 0.308892 -0.276763 -0.838961 -0.468558 -0.040422 0.547887 0.262817 -0.794196 0.204088 0 0 0 1 
-0.959313 -0.0967053 0.265266 0.121209 -0.0271301 -0.903595 -0.427528 -0.086406 -0.281038 0.41733 -0.864207 0.394271 0 0 0 1 
-0.959313 -0.0967053 0.265266 0.121209 -0.0271301 -0.903595 -0.427528 -0.086406 -0.281038 0.41733 -0.864207 0.394271 0 0 0 1 
-0.959313 -0.0967053 0.265266 0.121209 -0.0271301 -0.903595 -0.427528 -0.086406 -0.281037 0.41733 -0.864207 0.394271 0 0 0 1 
-0.179185 0.40059 -0.898565 0.138772 0.416143 -0.796754 -0.438186 -0.196377 0.891469 0.452449 0.0239365 0.111313 0 0 0 1 
0.955182 0.268187 0.125312 -0.264335 0.261052 -0.962742 0.0705699 -0.117677 -0.139569 0.0346944 0.989605 0.501188 0 0 0 1 
0.665744 -0.444507 0.599332 -0.0633491 -0.301202 -0.894943 -0.329174 0.223011 -0.682687 -0.0386254 0.729689 0.733418 0 0 0 1 
0.149957 -0.861982 0.484252 0.271891 -0.672075 -0.4481 -0.58951 0.423061 -0.72514 0.237052 0.646512 0.678424 0 0 0 1 
0.149957 -0.861982 0.484252 0.271891 -0.672075 -0.4481 -0.58951 0.423061 -0.72514 0.237052 0.646512 0.678424 0 0 0 1 
0.149957 -0.861982 0.484252 0.271891 -0.672075 -0.4481 -0.58951 0.423061 -0.72514 0.237052 0.646512 0.678424 0 0 0 1 
0.149957 -0.861982 0.484252 0.271891 -0.672075 -0.4481 -0.58951 0.423061 -0.72514 0.237052 0.646512 0.678424 0 0 0 1 
0.637595 -0.598408 0.485161 0.091585 -0.253124 -0.757541 -0.601714 0.112608 -0.7276 -0.260844 0.634475 0.502196 0 0 0 1 
0.989299 -0.145889 0.00224072 0.00821522 -0.0693167 -0.48345 -0.872623 -0.0282031 -0.12839 -0.86313 0.488389 0.0633143 0 0 0 1 
0.916807 0.177018 -0.357952 0.0566926 -0.32345 -0.196508 -0.925616 0.0274198 0.234191 -0.964391 0.122903 -0.114356 0 0 0 1 
0.968937 -0.242347 0.0492863 0.0179418 0.105976 0.226814 -0.968155 -0.0596631 -0.22345 -0.943304 -0.245452 0.0111768 0 0 0 1 
0.99439 -0.104043 0.0190482 0.010697 0.0465813 0.269078 -0.961991 -0.0596588 -0.0949632 -0.957482 -0.272415 0.0108775 0 0 0 1 
0.999278 0.0373322 -0.00701598 -0.00773703 -0.0179848 0.302293 -0.953045 -0.0610035 0.0334585 -0.952483 -0.302747 0.00897814 0 0 0 1 
0.987352 0.156512 -0.0253081 -0.0309991 -0.0753389 0.32271 -0.943495 -0.0630386 0.139501 -0.933468 -0.330419 0.00185265 0 0 0 1 
0.987352 0.156512 -0.0253081 -0.0309991 -0.0753389 0.32271 -0.943495 -0.0630386 0.139501 -0.933468 -0.330419 0.00185265 0 0 0 1 
0.987352 0.156512 -0.0253081 -0.0309991 -0.0753389 0.322709 -0.943495 -0.0630386 0.139501 -0.933468 -0.330419 0.00185269 0 0 0 1 
0.998216 0.0584504 -0.0121664 -0.00855464 -0.0283469 0.284658 -0.95821 -0.0681845 0.0525446 -0.956845 -0.285807 0.106395 0 0 0 1 
0.99949 -0.0316881 0.0039496 0.018372 0.0116046 0.2452 -0.969403 -0.0764363 -0.0297501 -0.968955 -0.245442 0.185142 0 0 0 1 
0.999038 -0.0433904 0.00632779 0.0218832 0.0165615 0.239759 -0.970691 -0.0775901 -0.0406015 -0.969862 -0.240247 0.194327 0 0 0 1 
0.99949 -0.0316882 0.00394961 0.018372 0.0116046 0.2452 -0.969403 -0.0764363 -0.0297501 -0.968955 -0.245442 0.185142 0 0 0 1 
0.99949 -0.0316882 0.00394961 0.018372 0.0116046 0.2452 -0.969403 -0.0764363 -0.0297501 -0.968955 -0.245442 0.185142 0 0 0 1 
0.99949 -0.0316882 0.00394961 0.018372 0.0116046 0.2452 -0.969403 -0.0764363 -0.0297501 -0.968955 -0.245442 0.185142 0 0 0 1 
0.99949 -0.0316883 0.00394962 0.018372 0.0116046 0.245199 -0.969403 -0.0764363 -0.0297502 -0.968955 -0.245442 0.185142 0 0 0 1 
0.993759 -0.109573 0.0208715 0.0252299 0.0469341 0.241013 -0.969386 -0.0615979 -0.101189 -0.964316 -0.244652 0.123508 0 0 0 1 
0.979305 -0.198338 0.0403092 0.0233918 0.0870119 0.232766 -0.968633 -0.0563995 -0.182734 -0.952094 -0.245206 0.050977 0 0 0 1 
0.968937 -0.242347 0.0492863 0.0179418 0.105976 0.226814 -0.968155 -0.0596631 -0.22345 -0.943304 -0.245452 0.0111768 0 0 0 1 
0.947493 -0.200214 -0.249341 0.0556058 -0.316443 -0.474769 -0.821254 -0.134354 -0.0460472 -0.857035 0.513197 0.0190782 0 0 0 1 
0.959786 -0.167735 -0.225113 0.0486007 -0.280655 -0.554475 -0.783448 -0.129999 -0.00659208 -0.815121 0.579253 -0.00978009 0 0 0 1 
0.96971 -0.126451 -0.208978 0.0435969 -0.242291 -0.606317 -0.757413 -0.123383 0.0309312 -0.785105 0.61859 -0.0343688 0 0 0 1 
0.976099 -0.0857689 -0.199684 0.0406148 -0.208553 -0.628094 -0.749669 -0.115317 0.0611223 -0.773396 0.63097 -0.0516617 0 0 0 1 
0.976099 -0.0857686 -0.199684 0.0406148 -0.208552 -0.628094 -0.749669 -0.115317 0.0611224 -0.773396 0.63097 -0.0516616 0 0 0 1 
0.976099 -0.0857688 -0.199684 0.0406148 -0.208552 -0.628094 -0.749669 -0.115317 0.0611221 -0.773396 0.630969 -0.0516616 0 0 0 1 
0.964907 -0.210235 -0.157338 0.0304301 -0.246281 -0.516662 -0.820004 -0.104557 -0.091103 -0.829977 0.550308 -0.0243405 0 0 0 1 
0.941354 -0.317464 -0.114322 0.0193871 -0.238835 -0.387573 -0.890363 -0.0885872 -0.238349 -0.865451 0.440664 0.00516305 0 0 0 1 
0.93734 -0.330961 -0.108892 0.0179113 -0.234905 -0.36949 -0.899053 -0.0862173 -0.257317 -0.868299 0.424082 0.00936314 0 0 0 1 
0.941354 -0.317464 -0.114322 0.0193871 -0.238835 -0.387573 -0.890362 -0.0885872 -0.23835 -0.86545 0.440664 0.00516303 0 0 0 1 
0.941354 -0.317464 -0.114322 0.0193871 -0.238835 -0.387572 -0.890363 -0.0885871 -0.23835 -0.865451 0.440664 0.00516312 0 0 0 1 
0.941354 -0.317463 -0.114322 0.0193871 -0.238835 -0.387572 -0.890363 -0.0885871 -0.23835 -0.865451 0.440664 0.00516315 0 0 0 1 
0.941354 -0.317463 -0.114322 0.0193871 -0.238835 -0.387572 -0.890363 -0.0885871 -0.238349 -0.865451 0.440664 0.00516316 0 0 0 1 
0.950339 -0.273756 -0.148034 0.0290164 -0.258298 -0.428466 -0.865852 -0.1051 -0.173605 -0.861089 0.477898 0.0077076 0 0 0 1 
0.951888 -0.225936 -0.207033 0.0447214 -0.291616 -0.460208 -0.838552 -0.123431 -0.0941805 -0.858581 0.503953 0.0142079 0 0 0 1 
0.947493 -0.200214 -0.249341 0.0556058 -0.316443 -0.474769 -0.821254 -0.134354 -0.0460473 -0.857035 0.513197 0.0190781 0 0 0 1 
0.947493 0.197476 -0.251515 0.0623801 -0.316444 0.692276 -0.64855 -0.171817 -0.0460452 -0.694087 -0.718417 0.415934 0 0 0 1 
0.959786 0.152848 -0.235475 0.0568182 -0.280655 0.542112 -0.792053 -0.110484 -0.00659014 -0.826288 -0.563209 0.355868 0 0 0 1 
0.969711 0.116731 -0.214559 0.0491006 -0.242291 0.348454 -0.90547 -0.0613829 0.0309329 -0.930029 -0.366182 0.278742 0 0 0 1 
0.976099 0.0943999 -0.195752 0.0421092 -0.208552 0.15354 -0.965884 -0.0341382 0.0611237 -0.983623 -0.169557 0.201456 0 0 0 1 
0.976099 0.0944 -0.195751 0.0421092 -0.208552 0.15354 -0.965884 -0.0341381 0.0611239 -0.983623 -0.169557 0.201456 0 0 0 1 
0.976099 0.0943998 -0.195752 0.0421092 -0.208552 0.15354 -0.965884 -0.0341383 0.0611235 -0.983623 -0.169558 0.201456 0 0 0 1 
0.964907 0.0144158 -0.262195 0.0674388 -0.246281 0.396092 -0.884566 -0.0699336 -0.0911013 -0.918098 -0.385742 0.274038 0 0 0 1 
0.941354 -0.0666391 -0.330774 0.0925288 -0.238835 0.560876 -0.792702 -0.105363 -0.238348 -0.825214 -0.512068 0.310845 0 0 0 1 
0.937341 -0.0780526 -0.339558 0.0956365 -0.234905 0.578189 -0.781356 -0.109421 -0.257316 -0.812161 -0.523626 0.313679 0 0 0 1 
0.941354 -0.0666392 -0.330774 0.0925288 -0.238835 0.560876 -0.792702 -0.105363 -0.238348 -0.825213 -0.512068 0.310845 0 0 0 1 
0.941355 -0.0666393 -0.330774 0.0925288 -0.238835 0.560876 -0.792702 -0.105363 -0.238348 -0.825213 -0.512068 0.310845 0 0 0 1 
0.941354 -0.0666392 -0.330773 0.0925287 -0.238835 0.560876 -0.792702 -0.105363 -0.238348 -0.825213 -0.512068 0.310845 0 0 0 1 
0.941355 -0.066639 -0.330774 0.0925287 -0.238835 0.560876 -0.792702 -0.105363 -0.238348 -0.825213 -0.512068 0.310845 0 0 0 1 
