a
29
17
20
1
0
0.773529 -0.633271 -0.0249037 0.00966488 -0.0170241 0.0185184 -0.999684 -0.0662822 -0.633532 -0.773709 -0.00354362 0.0539017 0 0 0 1 
0.773529 -0.633271 -0.0249037 0.00966488 -0.0170241 0.0185184 -0.999684 -0.0662822 -0.633532 -0.773709 -0.00354362 0.0539017 0 0 0 1 
0.773529 -0.633271 -0.0249037 0.00966488 -0.0170241 0.0185184 -0.999684 -0.0618628 -0.633532 -0.773709 -0.00354362 0.0539017 0 0 0 1 
0.773529 -0.633271 -0.0249037 0.00966488 -0.0170241 0.0185184 -0.999684 -0.0568208 -0.633532 -0.773709 -0.00354362 0.0539017 0 0 0 1 
0.773529 -0.633271 -0.0249037 0.00966488 -0.0170241 0.0185184 -0.999684 -0.0515299 -0.633532 -0.773709 -0.00354363 0.0539017 0 0 0 1 
0.773529 -0.633271 -0.0249037 0.00966488 -0.0170241 0.0185184 -0.999684 -0.0463634 -0.633532 -0.773709 -0.00354363 0.0539017 0 0 0 1 
0.773529 -0.633271 -0.0249037 0.00966488 -0.0170241 0.0185184 -0.999684 -0.041695 -0.633532 -0.773709 -0.00354364 0.0539017 0 0 0 1 
0.773529 -0.633271 -0.0249037 0.00966488 -0.0170241 0.0185184 -0.999684 -0.037898 -0.633532 -0.773709 -0.00354363 0.0539017 0 0 0 1 
0.773529 -0.633271 -0.0249037 0.00966488 -0.0170241 0.0185184 -0.999684 -0.0353459 -0.633532 -0.773709 -0.00354359 0.0539017 0 0 0 1 
0.773529 -0.633271 -0.0249037 0.00966488 -0.0170241 0.0185184 -0.999684 -0.0344122 -0.633532 -0.773709 -0.00354362 0.0539017 0 0 0 1 
0.773529 -0.633271 -0.0249037 0.00966488 -0.0170241 0.0185184 -0.999684 -0.0356201 -0.633532 -0.773709 -0.0035436 0.0539017 0 0 0 1 
0.773529 -0.633271 -0.0249037 0.00966488 -0.0170241 0.0185184 -0.999684 -0.0388722 -0.633532 -0.773709 -0.0035436 0.0539017 0 0 0 1 
0.773529 -0.633271 -0.0249037 0.00966488 -0.0170241 0.0185184 -0.999684 -0.0436108 -0.633532 -0.773709 -0.00354364 0.0539017 0 0 0 1 
0.773529 -0.633271 -0.0249037 0.00966488 -0.0170241 0.0185184 -0.999684 -0.0492787 -0.633532 -0.773709 -0.00354362 0.0539017 0 0 0 1 
0.773529 -0.633271 -0.0249037 0.00966488 -0.0170241 0.0185184 -0.999684 -0.0553182 -0.633532 -0.773709 -0.00354362 0.0539017 0 0 0 1 
0.773529 -0.633271 -0.0249037 0.00966488 -0.0170241 0.0185184 -0.999684 -0.0611719 -0.633532 -0.773709 -0.00354362 0.0539017 0 0 0 1 
0.773529 -0.633271 -0.0249037 0.00966488 -0.0170241 0.0185184 -0.999684 -0.0662822 -0.633532 -0.773709 -0.00354362 0.0539017 0 0 0 1 
0.832445 -0.526943 0.171365 -0.0249249 0.0910319 -0.175007 -0.98035 -0.0675383 -0.546578 -0.831687 0.0977152 0.0372461 0 0 0 1 
0.832445 -0.526943 0.171365 -0.0249249 0.0910319 -0.175007 -0.98035 -0.0675383 -0.546578 -0.831687 0.0977152 0.0372461 0 0 0 1 
0.832445 -0.526943 0.171365 -0.0249249 0.0910319 -0.175007 -0.98035 -0.0631188 -0.546578 -0.831687 0.0977152 0.0372461 0 0 0 1 
0.832445 -0.526943 0.171365 -0.0249249 0.0910319 -0.175007 -0.98035 -0.0580768 -0.546578 -0.831687 0.0977152 0.0372461 0 0 0 1 
0.832445 -0.526943 0.171365 -0.0249249 0.0910319 -0.175007 -0.98035 -0.0527859 -0.546578 -0.831687 0.0977152 0.0372461 0 0 0 1 
0.832445 -0.526943 0.171365 -0.0249249 0.0910319 -0.175007 -0.98035 -0.0476194 -0.546579 -0.831687 0.0977152 0.0372461 0 0 0 1 
0.832445 -0.526943 0.171365 -0.0249249 0.0910319 -0.175007 -0.98035 -0.042951 -0.546578 -0.831687 0.0977152 0.0372461 0 0 0 1 
0.832445 -0.526943 0.171365 -0.0249249 0.0910319 -0.175007 -0.98035 -0.039154 -0.546579 -0.831687 0.0977152 0.0372461 0 0 0 1 
0.832445 -0.526943 0.171365 -0.0249249 0.0910319 -0.175007 -0.98035 -0.0366019 -0.546579 -0.831687 0.0977152 0.0372461 0 0 0 1 
0.832445 -0.526943 0.171365 -0.0249249 0.0910319 -0.175007 -0.98035 -0.0356682 -0.546578 -0.831687 0.0977152 0.0372461 0 0 0 1 
0.832445 -0.526943 0.171365 -0.0249249 0.0910319 -0.175007 -0.98035 -0.0368761 -0.546579 -0.831687 0.0977152 0.0372461 0 0 0 1 
0.832445 -0.526943 0.171365 -0.0249249 0.0910319 -0.175007 -0.98035 -0.0401282 -0.546579 -0.831687 0.0977152 0.0372461 0 0 0 1 
0.832445 -0.526943 0.171365 -0.0249249 0.0910319 -0.175007 -0.98035 -0.0448669 -0.546578 -0.831687 0.0977152 0.0372461 0 0 0 1 
0.832445 -0.526943 0.171365 -0.0249249 0.0910319 -0.175007 -0.98035 -0.0505347 -0.546578 -0.831687 0.0977152 0.0372461 0 0 0 1 
0.832445 -0.526943 0.171365 -0.0249249 0.0910319 -0.175007 -0.98035 -0.0565743 -0.546578 -0.831687 0.0977152 0.0372461 0 0 0 1 
0.832445 -0.526943 0.171365 -0.0249249 0.0910319 -0.175007 -0.98035 -0.0624279 -0.546578 -0.831687 0.0977152 0.0372461 0 0 0 1 
0.832445 -0.526943 0.171365 -0.0249249 0.0910319 -0.175007 -0.98035 -0.0675383 -0.546578 -0.831687 0.0977152 0.0372461 0 0 0 1 
0.787208 -0.612614 -0.0707707 0.0145125 -0.0525229 0.0477393 -0.997478 -0.0658966 -0.614447 -0.788939 -0.0054045 0.0537693 0 0 0 1 
0.787208 -0.612614 -0.0707707 0.0145125 -0.0525229 0.0477393 -0.997478 -0.0658966 -0.614447 -0.788939 -0.0054045 0.0537693 0 0 0 1 
0.786973 -0.613278 -0.0675568 0.0141895 -0.0524921 0.042546 -0.997714 -0.0615632 -0.614751 -0.78872 -0.00129025 0.0533783 0 0 0 1 
0.786704 -0.614016 -0.063886 0.0138211 -0.0524594 0.0366199 -0.997951 -0.0566226 -0.615098 -0.788443 0.00340192 0.0529329 0 0 0 1 
0.786421 -0.614767 -0.0600294 0.0134345 -0.0524279 0.0303997 -0.998162 -0.0514418 -0.615462 -0.788123 0.00832396 0.0524663 0 0 0 1 
0.786145 -0.615476 -0.0562591 0.0130571 -0.0523998 0.0243247 -0.99833 -0.0463864 -0.615817 -0.78778 0.0131282 0.0520114 0 0 0 1 
0.785895 -0.616097 -0.0528485 0.0127161 -0.0523769 0.0188344 -0.99845 -0.0418214 -0.616137 -0.787445 0.0174674 0.0516012 0 0 0 1 
0.785692 -0.616588 -0.050072 0.0124388 -0.0523599 0.0143685 -0.998525 -0.0381107 -0.616398 -0.787154 0.0209953 0.051268 0 0 0 1 
0.785555 -0.616911 -0.0482046 0.0122525 -0.0523493 0.0113667 -0.998564 -0.0356178 -0.616574 -0.78695 0.0233657 0.0510443 0 0 0 1 
0.785505 -0.617028 -0.0475212 0.0121843 -0.0523455 0.0102684 -0.998576 -0.0347059 -0.616638 -0.786874 0.0242328 0.0509626 0 0 0 1 
0.78557 -0.616877 -0.0484053 0.0122725 -0.0523504 0.0116892 -0.99856 -0.0358856 -0.616555 -0.786973 0.023111 0.0510684 0 0 0 1 
0.785744 -0.616464 -0.0507846 0.0125099 -0.0523641 0.0155143 -0.998508 -0.0390626 -0.616331 -0.787231 0.0200903 0.0513535 0 0 0 1 
0.785998 -0.615844 -0.0542485 0.012856 -0.052386 0.0210876 -0.998404 -0.0436945 -0.616006 -0.787585 0.0156869 0.0517695 0 0 0 1 
0.786301 -0.615079 -0.0583871 0.01327 -0.0524153 0.0277527 -0.99824 -0.0492384 -0.615616 -0.787977 0.0104176 0.052268 0 0 0 1 
0.786623 -0.614232 -0.0627913 0.0137113 -0.0524501 0.0348535 -0.998015 -0.0551509 -0.615201 -0.788355 0.00479997 0.0528003 0 0 0 1 
0.786936 -0.613381 -0.067054 0.0141391 -0.0524874 0.041734 -0.997749 -0.060886 -0.614799 -0.788684 -0.000647238 0.0533172 0 0 0 1 
0.787208 -0.612614 -0.0707707 0.0145125 -0.0525229 0.0477393 -0.997478 -0.0658966 -0.614447 -0.788939 -0.0054045 0.0537693 0 0 0 1 
0.835247 -0.548303 0.0415464 0.0187075 0.0899458 0.0616967 -0.994034 -0.0654095 -0.542468 -0.834001 -0.10085 0.0504913 0 0 0 1 
0.835247 -0.548303 0.0415464 0.0187075 0.0899458 0.0616967 -0.994034 -0.0654095 -0.542468 -0.834001 -0.10085 0.0504913 0 0 0 1 
0.834179 -0.549187 0.0503807 0.0185068 0.0904089 0.0460619 -0.994839 -0.0613511 -0.544032 -0.834429 -0.0880753 0.0502809 0 0 0 1 
0.832958 -0.550021 0.0604827 0.0182822 0.0909108 0.0282113 -0.995459 -0.0567184 -0.545817 -0.834674 -0.0735017 0.0500471 0 0 0 1 
0.831672 -0.550695 0.0711065 0.0180514 0.0914066 0.0094694 -0.995769 -0.051854 -0.547692 -0.834653 -0.0582127 0.0498088 0 0 0 1 
0.830414 -0.551154 0.0814994 0.0178308 0.0918605 -0.00883492 -0.995733 -0.0471007 -0.549522 -0.834357 -0.0432926 0.0495828 0 0 0 1 
0.829275 -0.551398 0.0909039 0.0176356 0.092245 -0.0253728 -0.995413 -0.0428029 -0.551176 -0.833856 -0.0298227 0.0493843 0 0 0 1 
0.828346 -0.551478 0.0985602 0.0174796 0.0925397 -0.0388189 -0.994952 -0.0393054 -0.55252 -0.833286 -0.0188782 0.0492269 0 0 0 1 
0.827722 -0.551472 0.103709 0.0173762 0.0927286 -0.0478526 -0.994541 -0.0369535 -0.553424 -0.83282 -0.0115286 0.049123 0 0 0 1 
0.827493 -0.551457 0.105593 0.0173386 0.0927959 -0.0511566 -0.99437 -0.0360928 -0.553754 -0.832633 -0.00884118 0.0490854 0 0 0 1 
0.827789 -0.551475 0.103156 0.0173872 0.0927086 -0.0468821 -0.994589 -0.0372062 -0.553327 -0.832873 -0.012318 0.0491341 0 0 0 1 
0.828585 -0.551468 0.0965953 0.0175194 0.0924656 -0.0353696 -0.995088 -0.0402029 -0.552175 -0.833446 -0.0216851 0.0492669 0 0 0 1 
0.829742 -0.551318 0.0870432 0.0177153 0.0920901 -0.0185866 -0.995577 -0.044567 -0.550497 -0.834088 -0.0353488 0.0494652 0 0 0 1 
0.831124 -0.550919 0.075633 0.0179547 0.0916081 0.00149357 -0.995794 -0.0497832 -0.548489 -0.834557 -0.05171 0.0497095 0 0 0 1 
0.832593 -0.550234 0.0634976 0.0182161 0.0910548 0.0228893 -0.995583 -0.0553372 -0.54635 -0.834697 -0.069159 0.0499787 0 0 0 1 
0.834012 -0.549313 0.0517636 0.0184757 0.0904795 0.0436167 -0.994943 -0.0607165 -0.544277 -0.834478 -0.0860784 0.0502485 0 0 0 1 
0.835247 -0.548303 0.0415464 0.0187075 0.0899458 0.0616967 -0.994034 -0.0654095 -0.542468 -0.834001 -0.10085 0.0504913 0 0 0 1 
0.835247 -0.548136 0.0436902 0.0190304 0.0899466 0.0578101 -0.994267 -0.0654093 -0.542468 -0.834389 -0.0975888 0.0509885 0 0 0 1 
0.835247 -0.548136 0.0436902 0.0190304 0.0899466 0.0578101 -0.994267 -0.0654093 -0.542468 -0.834389 -0.0975888 0.0509885 0 0 0 1 
0.834179 -0.548725 0.0551847 0.0192297 0.0904097 0.0373554 -0.995204 -0.0613267 -0.544032 -0.835168 -0.0807713 0.0513934 0 0 0 1 
0.832957 -0.549102 0.0683269 0.0194611 0.0909116 0.0140014 -0.995761 -0.0566339 -0.545818 -0.835638 -0.0615824 0.0518603 0 0 0 1 
0.831672 -0.549158 0.082143 0.0197079 0.0914074 -0.0105136 -0.995758 -0.0516695 -0.547692 -0.835652 -0.0414533 0.052355 0 0 0 1 
0.830414 -0.548875 0.0956505 0.019952 0.0918613 -0.0344454 -0.995176 -0.0467821 -0.549522 -0.835194 -0.0218164 0.0528415 0 0 0 1 
0.829274 -0.548333 0.107863 0.0201747 0.0922457 -0.0560537 -0.994157 -0.0423321 -0.551176 -0.834379 -0.00409748 0.0532834 0 0 0 1 
0.828346 -0.547692 0.117797 0.0203569 0.0925403 -0.0736094 -0.992984 -0.0386891 -0.552521 -0.833436 0.0102904 0.0536437 0 0 0 1 
0.827722 -0.54716 0.124473 0.0204797 0.0927293 -0.0853965 -0.992023 -0.0362286 -0.553424 -0.832661 0.0199468 0.0538862 0 0 0 1 
0.827493 -0.546944 0.126914 0.0205247 0.0927965 -0.0897059 -0.991636 -0.035326 -0.553755 -0.832349 0.0234765 0.053975 0 0 0 1 
0.827789 -0.547221 0.123755 0.0204665 0.0927093 -0.0841306 -0.992133 -0.0364934 -0.553327 -0.832749 0.0189099 0.0538602 0 0 0 1 
0.828584 -0.547874 0.115249 0.0203101 0.0924663 -0.0691072 -0.993315 -0.0396257 -0.552176 -0.833702 0.00660133 0.0535512 0 0 0 1 
0.829742 -0.548589 0.102851 0.0200831 0.0920908 -0.0471888 -0.994632 -0.0441621 -0.550497 -0.83476 -0.0113655 0.0531019 0 0 0 1 
0.831124 -0.549076 0.0880272 0.0198139 0.0916089 -0.0209432 -0.995575 -0.0495446 -0.54849 -0.83551 -0.0328938 0.0525666 0 0 0 1 
0.832593 -0.549154 0.0722484 0.0195308 0.0910555 0.00703934 -0.995821 -0.0552282 -0.54635 -0.835692 -0.0558644 0.0520004 0 0 0 1 
0.834012 -0.548796 0.0569839 0.0192611 0.0904803 0.0341562 -0.995312 -0.0606858 -0.544277 -0.835258 -0.0781419 0.0514571 0 0 0 1 
0.835247 -0.548136 0.0436902 0.0190304 0.0899466 0.0578101 -0.994267 -0.0654093 -0.542468 -0.834389 -0.0975888 0.0509885 0 0 0 1 
0.453218 -0.878932 -0.14857 -0.0354131 -0.284275 0.0154541 -0.958618 -0.0807457 -0.844856 -0.476697 0.242854 0.0916612 0 0 0 1 
0.453218 -0.878932 -0.14857 -0.0354131 -0.284275 0.0154541 -0.958618 -0.0807457 -0.844856 -0.476697 0.242854 0.0916612 0 0 0 1 
0.451866 -0.877965 -0.158095 -0.0383322 -0.329199 0.000601873 -0.94426 -0.0768214 -0.829123 -0.478724 0.288753 0.0972745 0 0 0 1 
0.450356 -0.876703 -0.169033 -0.0416709 -0.379373 -0.016517 -0.925096 -0.0719154 -0.808242 -0.480749 0.340036 0.10368 0 0 0 1 
0.44879 -0.875192 -0.18063 -0.0451894 -0.430602 -0.0346714 -0.901876 -0.0662779 -0.783051 -0.482532 0.392419 0.110371 0 0 0 1 
0.44726 -0.87353 -0.192103 -0.0486456 -0.479028 -0.052574 -0.876224 -0.0602933 -0.755308 -0.483923 0.44196 0.11684 0 0 0 1 
0.445858 -0.871868 -0.202624 -0.0517906 -0.521278 -0.06889 -0.850602 -0.0544826 -0.727654 -0.484871 0.485201 0.122605 0 0 0 1 
0.444688 -0.870404 -0.211305 -0.0543668 -0.554492 -0.0822502 -0.828115 -0.049479 -0.703414 -0.48542 0.519207 0.12722 0 0 0 1 
0.443882 -0.869362 -0.217208 -0.0561086 -0.5762 -0.0912722 -0.812196 -0.0459777 -0.686267 -0.485675 0.54144 0.130277 0 0 0 1 
0.443581 -0.868969 -0.219382 -0.0567481 -0.584013 -0.0945811 -0.806215 -0.0446693 -0.679826 -0.485744 0.549444 0.131386 0 0 0 1 
0.443969 -0.869476 -0.216571 -0.0559211 -0.573892 -0.0903011 -0.813937 -0.0463592 -0.688142 -0.485652 0.539076 0.129951 0 0 0 1 
0.444991 -0.870789 -0.209067 -0.0537041 -0.546073 -0.0788151 -0.834022 -0.0507862 -0.70978 -0.485298 0.510586 0.126043 0 0 0 1 
0.446437 -0.872569 -0.198287 -0.0504971 -0.504122 -0.062179 -0.861391 -0.0569131 -0.739294 -0.484518 0.46764 0.12025 0 0 0 1 
0.448125 -0.87449 -0.185609 -0.0466925 -0.451908 -0.0424517 -0.891054 -0.0637282 -0.771339 -0.483181 0.414213 0.113199 0 0 0 1 
0.44991 -0.876293 -0.172313 -0.0426683 -0.394078 -0.0216536 -0.918822 -0.0703652 -0.801426 -0.481292 0.35507 0.105585 0 0 0 1 
0.451657 -0.877802 -0.159588 -0.038789 -0.336145 -0.00173298 -0.941808 -0.076176 -0.826445 -0.47902 0.295852 0.0981527 0 0 0 1 
0.453218 -0.878932 -0.14857 -0.0354131 -0.284275 0.0154541 -0.958618 -0.0807458 -0.844856 -0.476697 0.242854 0.0916611 0 0 0 1 
-0.182953 -0.926363 0.329211 -0.0597633 -0.522567 -0.192008 -0.830697 -0.0999944 -0.832738 0.324013 0.448958 0.134826 0 0 0 1 
-0.182953 -0.926363 0.329211 -0.0597633 -0.522567 -0.192008 -0.830697 -0.0999944 -0.832738 0.324013 0.448958 0.134826 0 0 0 1 
-0.182052 -0.925716 0.331523 -0.0608271 -0.529827 -0.191674 -0.826162 -0.0919788 -0.828336 0.326054 0.455575 0.133813 0 0 0 1 
-0.181 -0.924977 0.334151 -0.0620446 -0.538062 -0.191271 -0.820917 -0.0828978 -0.823242 0.32838 0.463075 0.132402 0 0 0 1 
-0.179868 -0.924201 0.336897 -0.0633254 -0.54665 -0.190822 -0.815329 -0.0734587 -0.817815 0.330816 0.470891 0.130631 0 0 0 1 
-0.178734 -0.923444 0.339567 -0.0645779 -0.554979 -0.190358 -0.809791 -0.0643479 -0.812436 0.33319 0.478469 0.12862 0 0 0 1 
-0.177685 -0.92276 0.341969 -0.0657096 -0.562459 -0.189917 -0.804718 -0.0562198 -0.807507 0.33533 0.485269 0.126569 0 0 0 1 
-0.176816 -0.922203 0.343916 -0.066629 -0.568509 -0.189544 -0.800544 -0.0496909 -0.803451 0.337068 0.490766 0.124741 0 0 0 1 
-0.176223 -0.921829 0.34522 -0.0672458 -0.572558 -0.189286 -0.797715 -0.0453473 -0.800702 0.338234 0.494444 0.123432 0 0 0 1 
-0.176005 -0.921692 0.345697 -0.0674711 -0.574036 -0.18919 -0.796674 -0.0437676 -0.79969 0.338661 0.495786 0.122938 0 0 0 1 
-0.176287 -0.921869 0.34508 -0.0671796 -0.572124 -0.189314 -0.79802 -0.0458122 -0.800998 0.338109 0.494049 0.123576 0 0 0 1 
-0.17704 -0.922346 0.343417 -0.0663932 -0.56696 -0.189641 -0.801619 -0.0513584 -0.804496 0.336622 0.489359 0.125223 0 0 0 1 
-0.178118 -0.92304 0.340984 -0.0652453 -0.559395 -0.1901 -0.806808 -0.0595425 -0.809538 0.334452 0.482484 0.127437 0 0 0 1 
-0.179377 -0.923871 0.338062 -0.0638711 -0.550286 -0.190623 -0.812926 -0.0694749 -0.815481 0.331851 0.4742 0.129789 0 0 0 1 
-0.180681 -0.924756 0.334932 -0.062408 -0.540507 -0.191146 -0.819339 -0.0802069 -0.821709 0.329072 0.465301 0.131929 0 0 0 1 
-0.181909 -0.925614 0.331884 -0.0609937 -0.530959 -0.19162 -0.825448 -0.0907301 -0.827643 0.326373 0.456605 0.133636 0 0 0 1 
-0.182953 -0.926363 0.329211 -0.0597633 -0.522567 -0.192008 -0.830697 -0.0999944 -0.832738 0.324013 0.448958 0.134826 0 0 0 1 
-0.534103 0.620871 0.573807 -0.172926 -0.845003 -0.370747 -0.385378 -0.193253 0.0265325 0.690699 -0.722655 0.384085 0 0 0 1 
-0.534103 0.620871 0.573807 -0.172926 -0.845003 -0.370747 -0.385378 -0.193253 0.0265325 0.690699 -0.722655 0.384085 0 0 0 1 
-0.53206 0.621915 0.574573 -0.173657 -0.846041 -0.363579 -0.389905 -0.18346 0.0335851 0.693565 -0.719611 0.383843 0 0 0 1 
-0.529722 0.623085 0.575464 -0.174501 -0.847149 -0.355368 -0.395035 -0.172344 0.0416388 0.696763 -0.716092 0.383293 0 0 0 1 
-0.52726 0.624291 0.576418 -0.175395 -0.848226 -0.346715 -0.400377 -0.160759 0.0500991 0.700035 -0.712349 0.382405 0 0 0 1 
-0.524849 0.625446 0.577366 -0.176276 -0.849192 -0.338231 -0.405553 -0.149545 0.0583683 0.703148 -0.708644 0.381236 0 0 0 1 
-0.522664 0.626469 0.578238 -0.177077 -0.849992 -0.330535 -0.410195 -0.139509 0.0658463 0.705892 -0.705253 0.379927 0 0 0 1 
-0.520882 0.627287 0.578958 -0.177731 -0.850593 -0.324256 -0.413945 -0.131423 0.0719321 0.708074 -0.702465 0.37869 0 0 0 1 
-0.519682 0.62783 0.579447 -0.178171 -0.850971 -0.320025 -0.416453 -0.12603 0.0760242 0.709516 -0.700577 0.377773 0 0 0 1 
-0.519243 0.628028 0.579628 -0.178332 -0.851103 -0.318475 -0.417369 -0.124066 0.0775222 0.710039 -0.699882 0.377421 0 0 0 1 
-0.519811 0.627773 0.579395 -0.178124 -0.850931 -0.32048 -0.416185 -0.126608 0.0755848 0.709362 -0.70078 0.377876 0 0 0 1 
-0.521339 0.627079 0.578772 -0.177563 -0.850443 -0.325868 -0.412985 -0.13349 0.0703703 0.707519 -0.703182 0.379022 0 0 0 1 
-0.523561 0.626051 0.577878 -0.176748 -0.849672 -0.333697 -0.408294 -0.143615 0.0627766 0.704774 -0.706649 0.380493 0 0 0 1 
-0.52621 0.624797 0.576828 -0.175778 -0.848657 -0.343023 -0.402637 -0.15586 0.0537016 0.701401 -0.710741 0.381932 0 0 0 1 
-0.529023 0.623431 0.575733 -0.174754 -0.847464 -0.352914 -0.396556 -0.169045 0.0440407 0.6977 -0.715034 0.383073 0 0 0 1 
-0.53174 0.622076 0.574695 -0.173772 -0.846197 -0.362456 -0.39061 -0.181933 0.0346877 0.694008 -0.719131 0.383785 0 0 0 1 
-0.534103 0.620871 0.573807 -0.172926 -0.845003 -0.370747 -0.385378 -0.193253 0.0265325 0.690699 -0.722655 0.384085 0 0 0 1 
-0.161012 0.518186 0.839975 -0.082453 -0.925546 -0.374793 0.0537975 -0.288068 -0.342694 0.768774 -0.539951 0.226924 0 0 0 1 
-0.161012 0.518186 0.839975 -0.082453 -0.925546 -0.374793 0.0537975 -0.288068 -0.342694 0.768774 -0.539951 0.226924 0 0 0 1 
-0.158858 0.519257 0.839724 -0.0829914 -0.928709 -0.367232 0.0513922 -0.279342 -0.335059 0.771695 -0.540576 0.227443 0 0 0 1 
-0.156386 0.520458 0.839445 -0.0836107 -0.932234 -0.358573 0.0486441 -0.269434 -0.326319 0.774951 -0.541264 0.227771 0 0 0 1 
-0.153776 0.521694 0.83916 -0.0842653 -0.935838 -0.349449 0.0457558 -0.259107 -0.317114 0.778281 -0.541957 0.227816 0 0 0 1 
-0.151211 0.522876 0.83889 -0.0849079 -0.939262 -0.340505 0.0429314 -0.249112 -0.308094 0.781445 -0.542606 0.22757 0 0 0 1 
-0.148881 0.523924 0.838653 -0.0854899 -0.942276 -0.332393 0.0403762 -0.240168 -0.299916 0.784232 -0.543168 0.227107 0 0 0 1 
-0.146976 0.524761 0.838465 -0.0859631 -0.944671 -0.325775 0.0382956 -0.232965 -0.293247 0.786446 -0.543607 0.226563 0 0 0 1 
-0.145692 0.525316 0.838342 -0.0862806 -0.946253 -0.321318 0.0368966 -0.228162 -0.288756 0.787908 -0.543895 0.226116 0 0 0 1 
-0.145221 0.525518 0.838297 -0.0863965 -0.946825 -0.319684 0.0363842 -0.226413 -0.287111 0.788437 -0.543998 0.225937 0 0 0 1 
-0.14583 0.525257 0.838355 -0.0862465 -0.946084 -0.321797 0.0370467 -0.228676 -0.289239 0.787752 -0.543865 0.226168 0 0 0 1 
-0.147466 0.524547 0.838513 -0.0858416 -0.944062 -0.327475 0.0388298 -0.234806 -0.29496 0.785882 -0.543496 0.226717 0 0 0 1 
-0.149839 0.523496 0.838749 -0.085251 -0.941048 -0.335725 0.0414251 -0.243827 -0.303275 0.783097 -0.542939 0.227324 0 0 0 1 
-0.15266 0.522212 0.839041 -0.084545 -0.937341 -0.345556 0.0445257 -0.25474 -0.313188 0.77967 -0.542244 0.227744 0 0 0 1 
-0.155646 0.520812 0.839362 -0.0837961 -0.933267 -0.355985 0.0478243 -0.266493 -0.323708 0.775906 -0.541464 0.227814 0 0 0 1 
-0.15852 0.519423 0.839685 -0.0830759 -0.929197 -0.366047 0.0510161 -0.277981 -0.333863 0.772146 -0.540672 0.227504 0 0 0 1 
-0.161012 0.518186 0.839975 -0.082453 -0.925546 -0.374793 0.0537975 -0.288068 -0.342694 0.768774 -0.539951 0.226924 0 0 0 1 
-0.36633 0.513762 0.77579 -0.146481 -0.855308 -0.514235 -0.0633298 -0.236895 -0.366402 0.686739 -0.627805 0.236459 0 0 0 1 
-0.36633 0.513762 0.77579 -0.146481 -0.855308 -0.514235 -0.0633298 -0.236895 -0.366402 0.686739 -0.627805 0.236459 0 0 0 1 
-0.36435 0.515151 0.775802 -0.147141 -0.859161 -0.507351 -0.0666053 -0.228247 -0.359292 0.690807 -0.627452 0.236574 0 0 0 1 
-0.362074 0.516718 0.775826 -0.147898 -0.863481 -0.499453 -0.0703356 -0.218432 -0.351145 0.695377 -0.627015 0.236441 0 0 0 1 
-0.359669 0.51834 0.775863 -0.148698 -0.867926 -0.491114 -0.0742426 -0.208209 -0.342554 0.700094 -0.626519 0.236005 0 0 0 1 
-0.357302 0.519903 0.77591 -0.149482 -0.872179 -0.482921 -0.0780496 -0.198319 -0.334125 0.70462 -0.625996 0.235289 0 0 0 1 
-0.355148 0.521296 0.775964 -0.150191 -0.875947 -0.475475 -0.0814824 -0.189475 -0.326475 0.708642 -0.625493 0.234402 0 0 0 1 
-0.353386 0.522417 0.776015 -0.150769 -0.87896 -0.469391 -0.0842695 -0.182357 -0.320231 0.711866 -0.62506 0.233515 0 0 0 1 
-0.352197 0.523164 0.776052 -0.151156 -0.880958 -0.465288 -0.0861396 -0.177612 -0.316023 0.714008 -0.624758 0.232837 0 0 0 1 
-0.35176 0.523435 0.776067 -0.151297 -0.881684 -0.463783 -0.0868236 -0.175885 -0.31448 0.714787 -0.624645 0.232572 0 0 0 1 
-0.352325 0.523084 0.776048 -0.151114 -0.880745 -0.465729 -0.0859391 -0.178121 -0.316475 0.713779 -0.624792 0.232913 0 0 0 1 
-0.353839 0.522131 0.776001 -0.15062 -0.878191 -0.470955 -0.0835545 -0.184176 -0.321835 0.711042 -0.625173 0.233756 0 0 0 1 
-0.356034 0.520726 0.775941 -0.1499 -0.874409 -0.478536 -0.0800745 -0.193093 -0.329618 0.706999 -0.625702 0.234793 0 0 0 1 
-0.358639 0.519023 0.775882 -0.149039 -0.86979 -0.487549 -0.0759022 -0.203887 -0.338886 0.702075 -0.626296 0.235728 0 0 0 1 
-0.361393 0.517181 0.775834 -0.148125 -0.864753 -0.49709 -0.071446 -0.21552 -0.348709 0.696725 -0.626878 0.236348 0 0 0 1 
-0.364039 0.515367 0.775804 -0.147244 -0.859758 -0.506272 -0.0671167 -0.226898 -0.358178 0.691438 -0.627393 0.236572 0 0 0 1 
-0.36633 0.513762 0.77579 -0.146481 -0.855308 -0.514235 -0.0633298 -0.236895 -0.366402 0.686739 -0.627805 0.236459 0 0 0 1 
-0.36633 0.513762 0.77579 -0.146481 -0.855308 -0.514235 -0.0633298 -0.236895 -0.366402 0.686739 -0.627805 0.236459 0 0 0 1 
-0.36633 0.513762 0.77579 -0.146481 -0.855308 -0.514235 -0.0633298 -0.236895 -0.366402 0.686739 -0.627805 0.236459 0 0 0 1 
-0.36435 0.515151 0.775802 -0.147141 -0.859162 -0.507351 -0.0666054 -0.228247 -0.359292 0.690807 -0.627451 0.236574 0 0 0 1 
-0.362074 0.516717 0.775826 -0.147898 -0.863481 -0.499453 -0.0703356 -0.218432 -0.351145 0.695378 -0.627015 0.236441 0 0 0 1 
-0.359669 0.51834 0.775863 -0.148697 -0.867926 -0.491114 -0.0742426 -0.208209 -0.342554 0.700094 -0.626518 0.236004 0 0 0 1 
-0.357302 0.519903 0.77591 -0.149482 -0.872179 -0.482921 -0.0780496 -0.198319 -0.334125 0.70462 -0.625996 0.235289 0 0 0 1 
-0.355148 0.521296 0.775964 -0.150191 -0.875947 -0.475475 -0.0814823 -0.189475 -0.326475 0.708642 -0.625492 0.234402 0 0 0 1 
-0.353386 0.522417 0.776015 -0.150769 -0.87896 -0.469391 -0.0842695 -0.182357 -0.320231 0.711866 -0.62506 0.233514 0 0 0 1 
-0.352197 0.523164 0.776052 -0.151156 -0.880958 -0.465288 -0.0861396 -0.177612 -0.316023 0.714008 -0.624758 0.232837 0 0 0 1 
-0.35176 0.523435 0.776067 -0.151297 -0.881684 -0.463783 -0.0868236 -0.175885 -0.31448 0.714787 -0.624645 0.232572 0 0 0 1 
-0.352325 0.523084 0.776048 -0.151114 -0.880745 -0.46573 -0.0859391 -0.178121 -0.316475 0.713779 -0.624791 0.232913 0 0 0 1 
-0.353839 0.522131 0.776001 -0.15062 -0.878191 -0.470955 -0.0835545 -0.184176 -0.321835 0.711042 -0.625173 0.233756 0 0 0 1 
-0.356034 0.520726 0.775941 -0.1499 -0.874409 -0.478536 -0.0800745 -0.193093 -0.329618 0.706999 -0.625702 0.234793 0 0 0 1 
-0.358639 0.519023 0.775882 -0.149039 -0.86979 -0.487549 -0.0759022 -0.203887 -0.338886 0.702075 -0.626296 0.235728 0 0 0 1 
-0.361393 0.517181 0.775834 -0.148124 -0.864753 -0.49709 -0.071446 -0.21552 -0.348709 0.696725 -0.626878 0.236348 0 0 0 1 
-0.364038 0.515367 0.775804 -0.147244 -0.859758 -0.506272 -0.0671167 -0.226898 -0.358178 0.691438 -0.627393 0.236572 0 0 0 1 
-0.36633 0.513762 0.77579 -0.146481 -0.855308 -0.514235 -0.0633298 -0.236895 -0.366402 0.686739 -0.627805 0.236459 0 0 0 1 
0.657372 -0.738439 -0.150235 -0.00376991 -0.182826 0.0371225 -0.982444 -0.0498613 -0.731052 -0.673298 0.110603 0.094528 0 0 0 1 
0.657372 -0.738439 -0.150235 -0.00376991 -0.182826 0.0371225 -0.982444 -0.0498613 -0.731052 -0.673298 0.110603 0.094528 0 0 0 1 
0.643847 -0.756788 -0.112843 0.000639617 -0.149335 0.0203559 -0.988577 -0.0483392 -0.75044 -0.653343 0.0999084 0.0920947 0 0 0 1 
0.625615 -0.776846 -0.0715297 0.00562843 -0.111887 0.00139308 -0.99372 -0.0463267 -0.772067 -0.629689 0.0860476 0.0890626 0 0 0 1 
0.603412 -0.796867 -0.0299303 0.0107778 -0.0735703 -0.0182579 -0.997123 -0.0439121 -0.794028 -0.603878 0.0696428 0.0855852 0 0 0 1 
0.578858 -0.815381 0.00874958 0.0156829 -0.0372193 -0.0371387 -0.998617 -0.0412698 -0.814578 -0.577732 0.0518459 0.0818974 0 0 0 1 
0.554373 -0.831213 0.0418919 0.0199797 -0.00534291 -0.0538881 -0.998532 -0.038654 -0.832251 -0.553336 0.0343152 0.078319 0 0 0 1 
0.532948 -0.843453 0.067487 0.023361 0.0198687 -0.0672615 -0.997537 -0.036376 -0.845915 -0.532976 0.0190886 0.0752388 0 0 0 1 
0.517826 -0.851355 0.083968 0.025569 0.0364428 -0.0761109 -0.996433 -0.0347727 -0.854709 -0.51904 0.00838642 0.0730843 0 0 0 1 
0.512155 -0.85418 0.0898484 0.026363 0.0424307 -0.0793192 -0.995946 -0.0341722 -0.857844 -0.513891 0.00438035 0.0722795 0 0 0 1 
0.519478 -0.850519 0.0822257 0.0253344 0.0346766 -0.0751656 -0.996568 -0.0349478 -0.85378 -0.520546 0.0095538 0.073319 0 0 0 1 
0.538569 -0.840367 0.0610407 0.022504 0.0134629 -0.0638529 -0.997869 -0.0369728 -0.842474 -0.538243 0.0230754 0.0760434 0 0 0 1 
0.564676 -0.82482 0.0285081 0.0182337 -0.0183095 -0.0470534 -0.998724 -0.0397529 -0.825109 -0.563434 0.0416719 0.0798156 0 0 0 1 
0.593052 -0.805062 -0.0128286 0.0129323 -0.0575965 -0.0265258 -0.997987 -0.0427943 -0.803101 -0.592597 0.0620999 0.0840137 0 0 0 1 
0.619622 -0.78264 -0.0595235 0.00710151 -0.100899 -0.00421619 -0.994888 -0.0456719 -0.778388 -0.62246 0.0815797 0.0881059 0 0 0 1 
0.641522 -0.759592 -0.107093 0.00132656 -0.144153 0.0177464 -0.989396 -0.0480806 -0.753438 -0.650158 0.0981127 0.0916954 0 0 0 1 
0.657372 -0.738439 -0.150235 -0.00376992 -0.182826 0.0371225 -0.982444 -0.0498614 -0.731052 -0.673298 0.110603 0.0945279 0 0 0 1 
0.980949 -0.103697 -0.164277 -0.0377972 -0.139667 0.211321 -0.967387 -0.0505609 -0.135031 -0.971901 -0.192812 -0.0310865 0 0 0 1 
0.980949 -0.103697 -0.164277 -0.0377972 -0.139667 0.211321 -0.967387 -0.0505609 -0.135031 -0.971901 -0.192812 -0.0310865 0 0 0 1 
0.980949 -0.103697 -0.164277 -0.0397944 -0.139666 0.21132 -0.967387 -0.0434151 -0.13503 -0.971901 -0.192812 -0.035088 0 0 0 1 
0.980949 -0.103697 -0.164277 -0.0423317 -0.139667 0.211321 -0.967387 -0.0353362 -0.13503 -0.9719 -0.192812 -0.0396405 0 0 0 1 
0.980949 -0.103697 -0.164277 -0.0452818 -0.139667 0.211321 -0.967387 -0.0269543 -0.13503 -0.9719 -0.192812 -0.0443881 0 0 0 1 
0.980949 -0.103697 -0.164277 -0.0484369 -0.139667 0.211321 -0.967387 -0.0188745 -0.135031 -0.9719 -0.192812 -0.0489788 0 0 0 1 
0.980949 -0.103697 -0.164277 -0.0515114 -0.139667 0.211321 -0.967387 -0.0116702 -0.13503 -0.9719 -0.192812 -0.0530757 0 0 0 1 
0.980949 -0.103697 -0.164277 -0.0541619 -0.139666 0.21132 -0.967387 -0.00588281 -0.13503 -0.971901 -0.192811 -0.0563638 0 0 0 1 
0.980949 -0.103697 -0.164277 -0.0560161 -0.139667 0.211321 -0.967387 -0.00203067 -0.13503 -0.971901 -0.192812 -0.0585488 0 0 0 1 
0.980948 -0.103697 -0.164277 -0.0567085 -0.139667 0.211321 -0.967387 -0.000629067 -0.13503 -0.9719 -0.192812 -0.0593426 0 0 0 1 
0.980949 -0.103697 -0.164277 -0.0558141 -0.139667 0.211321 -0.967387 -0.00244315 -0.13503 -0.9719 -0.192812 -0.058315 0 0 0 1 
0.980949 -0.103697 -0.164277 -0.0534694 -0.139667 0.211321 -0.967387 -0.00736132 -0.13503 -0.971901 -0.192812 -0.0555245 0 0 0 1 
0.980948 -0.103697 -0.164277 -0.0502246 -0.139667 0.211321 -0.967387 -0.0146151 -0.13503 -0.9719 -0.192812 -0.051401 0 0 0 1 
0.980949 -0.103697 -0.164277 -0.046624 -0.139667 0.211321 -0.967386 -0.0234202 -0.13503 -0.9719 -0.192812 -0.0463948 0 0 0 1 
0.980949 -0.103697 -0.164277 -0.04314 -0.139667 0.211321 -0.967387 -0.0329453 -0.13503 -0.9719 -0.192812 -0.0409926 0 0 0 1 
0.980948 -0.103697 -0.164277 -0.040126 -0.139667 0.211321 -0.967387 -0.0423032 -0.13503 -0.9719 -0.192812 -0.0357129 0 0 0 1 
0.980949 -0.103697 -0.164277 -0.0377972 -0.139667 0.211321 -0.967387 -0.050561 -0.135031 -0.971901 -0.192812 -0.0310865 0 0 0 1 
0.95539 0.177085 -0.236369 -0.0322008 -0.166012 -0.339932 -0.925682 -0.0391954 0.244273 -0.923627 0.295369 -0.142205 0 0 0 1 
0.95539 0.177085 -0.236369 -0.0322008 -0.166012 -0.339932 -0.925682 -0.0391954 0.244273 -0.923627 0.295369 -0.142205 0 0 0 1 
0.955624 0.176362 -0.235964 -0.0342615 -0.166247 -0.338397 -0.926201 -0.0319909 0.243197 -0.924329 0.294061 -0.145888 0 0 0 1 
0.955889 0.175536 -0.235504 -0.0368707 -0.166515 -0.336646 -0.926791 -0.0238456 0.241967 -0.925125 0.292567 -0.150076 0 0 0 1 
0.956167 0.174669 -0.235022 -0.0398962 -0.166792 -0.334806 -0.927408 -0.0153947 0.240676 -0.925956 0.290997 -0.154441 0 0 0 1 
0.956437 0.17382 -0.234554 -0.0431244 -0.167061 -0.333009 -0.928006 -0.00724842 0.239414 -0.926764 0.289463 -0.158658 0 0 0 1 
0.956679 0.173053 -0.234131 -0.0462647 -0.167302 -0.331383 -0.928545 1.53668e-05 0.238274 -0.92749 0.288075 -0.162416 0 0 0 1 
0.956876 0.172428 -0.233788 -0.0489684 -0.167496 -0.33006 -0.92898 0.00585065 0.237346 -0.928078 0.286946 -0.16543 0 0 0 1 
0.957008 0.172007 -0.233558 -0.0508584 -0.167626 -0.329171 -0.929273 0.00973482 0.236722 -0.928472 0.286186 -0.16743 0 0 0 1 
0.957056 0.171853 -0.233474 -0.0515638 -0.167673 -0.328845 -0.92938 0.0111481 0.236494 -0.928616 0.285908 -0.168156 0 0 0 1 
0.956994 0.172052 -0.233583 -0.0506526 -0.167612 -0.329266 -0.929242 0.00931894 0.236789 -0.92843 0.286267 -0.167216 0 0 0 1 
0.956826 0.172588 -0.233876 -0.0482624 -0.167447 -0.330399 -0.928869 0.00435996 0.237584 -0.927928 0.287235 -0.164661 0 0 0 1 
0.95658 0.173368 -0.234304 -0.044951 -0.167203 -0.332051 -0.928324 -0.00295401 0.238742 -0.927192 0.288645 -0.160881 0 0 0 1 
0.956285 0.174299 -0.234818 -0.0412703 -0.16691 -0.334023 -0.927669 -0.0118316 0.240126 -0.926309 0.290329 -0.156285 0 0 0 1 
0.955968 0.17529 -0.235367 -0.0377005 -0.166594 -0.336123 -0.926967 -0.021435 0.2416 -0.925362 0.292121 -0.151319 0 0 0 1 
0.95566 0.176249 -0.235901 -0.0346029 -0.166284 -0.338157 -0.926282 -0.0308698 0.243028 -0.924438 0.293856 -0.146463 0 0 0 1 
0.95539 0.177085 -0.236369 -0.0322008 -0.166012 -0.339932 -0.925682 -0.0391954 0.244273 -0.923627 0.295369 -0.142206 0 0 0 1 
0.974806 0.121157 0.18728 -0.103594 0.202249 -0.126023 -0.971192 -0.159883 0.0940645 -0.984601 0.147351 -0.0675522 0 0 0 1 
0.974806 0.121157 0.18728 -0.103594 0.202249 -0.126023 -0.971192 -0.159883 0.0940645 -0.984601 0.147351 -0.0675522 0 0 0 1 
0.974851 0.120347 0.187568 -0.105572 0.20226 -0.124399 -0.971399 -0.152812 0.0935717 -0.984907 0.145612 -0.0713707 0 0 0 1 
0.974902 0.119422 0.187893 -0.108086 0.202274 -0.122546 -0.971632 -0.144819 0.0930084 -0.985252 0.143626 -0.0757147 0 0 0 1 
0.974955 0.11845 0.188233 -0.111012 0.20229 -0.120601 -0.971872 -0.136527 0.0924174 -0.985609 0.141542 -0.0802437 0 0 0 1 
0.975006 0.117501 0.188563 -0.114143 0.202306 -0.118701 -0.972102 -0.128536 0.0918402 -0.985953 0.139506 -0.0846212 0 0 0 1 
0.975052 0.116643 0.188859 -0.117196 0.202322 -0.116984 -0.972307 -0.121412 0.091319 -0.98626 0.137665 -0.0885256 0 0 0 1 
0.975089 0.115944 0.1891 -0.119829 0.202336 -0.115588 -0.972471 -0.11569 0.0908945 -0.986507 0.136168 -0.0916572 0 0 0 1 
0.975113 0.115474 0.18926 -0.121671 0.202345 -0.114649 -0.97258 -0.111882 0.0906099 -0.986672 0.135161 -0.0937371 0 0 0 1 
0.975122 0.115303 0.189319 -0.122359 0.202349 -0.114305 -0.97262 -0.110497 0.0905057 -0.986732 0.134793 -0.0944925 0 0 0 1 
0.975111 0.115525 0.189243 -0.12147 0.202344 -0.114749 -0.972569 -0.11229 0.0906405 -0.986654 0.135269 -0.0935146 0 0 0 1 
0.97508 0.116123 0.189038 -0.119141 0.202332 -0.115945 -0.972429 -0.117152 0.0910039 -0.986444 0.136552 -0.0908581 0 0 0 1 
0.975033 0.116995 0.188738 -0.115918 0.202316 -0.117689 -0.972223 -0.124324 0.0915332 -0.986135 0.138421 -0.08693 0 0 0 1 
0.974978 0.118037 0.188377 -0.112344 0.202297 -0.119773 -0.971972 -0.133032 0.0921661 -0.985759 0.140655 -0.0821576 0 0 0 1 
0.974917 0.119146 0.18799 -0.108888 0.202278 -0.121994 -0.9717 -0.142454 0.0928407 -0.985353 0.143034 -0.0770048 0 0 0 1 
0.974858 0.12022 0.187612 -0.1059 0.202262 -0.124145 -0.971431 -0.151712 0.0934942 -0.984954 0.145339 -0.0719671 0 0 0 1 
0.974806 0.121157 0.18728 -0.103594 0.202249 -0.126023 -0.971192 -0.159883 0.0940645 -0.984601 0.147351 -0.0675522 0 0 0 1 
0.987099 0.150621 -0.0543016 -0.0533233 -0.0309838 -0.153043 -0.987734 -0.0676352 0.157083 -0.976674 0.146402 -0.0912449 0 0 0 1 
0.987099 0.150621 -0.0543016 -0.0533233 -0.0309838 -0.153043 -0.987734 -0.0676352 0.157083 -0.976674 0.146402 -0.0912449 0 0 0 1 
0.987236 0.149822 -0.0540121 -0.0553362 -0.0310725 -0.151427 -0.98798 -0.0605173 0.1562 -0.977048 0.144839 -0.0949556 0 0 0 1 
0.987392 0.14891 -0.053684 -0.057891 -0.0311722 -0.149583 -0.988258 -0.0524707 0.155191 -0.977472 0.143055 -0.0991764 0 0 0 1 
0.987555 0.147951 -0.0533409 -0.0608592 -0.0312745 -0.147647 -0.988546 -0.0441232 0.154132 -0.977911 0.141182 -0.103576 0 0 0 1 
0.987713 0.147015 -0.0530082 -0.0640315 -0.0313729 -0.145756 -0.988823 -0.0360778 0.153098 -0.978336 0.139353 -0.107827 0 0 0 1 
0.987855 0.146169 -0.0527089 -0.0671215 -0.0314597 -0.144047 -0.989071 -0.0289051 0.152163 -0.978716 0.137699 -0.111617 0 0 0 1 
0.987969 0.145479 -0.0524661 -0.0697841 -0.0315289 -0.142656 -0.98927 -0.0231438 0.151403 -0.979023 0.136353 -0.114656 0 0 0 1 
0.988046 0.145016 -0.0523039 -0.0716465 -0.0315753 -0.141722 -0.989403 -0.0193096 0.150892 -0.979227 0.135448 -0.116673 0 0 0 1 
0.988074 0.144846 -0.0522446 -0.0723419 -0.0315919 -0.141379 -0.989451 -0.0179144 0.150705 -0.979302 0.135117 -0.117405 0 0 0 1 
0.988038 0.145065 -0.0523214 -0.0714436 -0.0315705 -0.141822 -0.989389 -0.01972 0.150946 -0.979205 0.135545 -0.116457 0 0 0 1 
0.98794 0.145656 -0.0525283 -0.0690886 -0.0315114 -0.143013 -0.989219 -0.0246157 0.151598 -0.978944 0.136698 -0.11388 0 0 0 1 
0.987796 0.146516 -0.0528315 -0.0658284 -0.0314242 -0.144749 -0.988969 -0.031837 0.152547 -0.978561 0.138378 -0.110068 0 0 0 1 
0.987624 0.147544 -0.0531959 -0.062209 -0.0313178 -0.146823 -0.988667 -0.040604 0.153682 -0.978097 0.140385 -0.105435 0 0 0 1 
0.987438 0.148638 -0.0535866 -0.0587043 -0.0312017 -0.149033 -0.98834 -0.0500895 0.154891 -0.977597 0.142523 -0.10043 0 0 0 1 
0.987258 0.149697 -0.0539673 -0.0556701 -0.0310865 -0.151174 -0.988018 -0.0594097 0.156062 -0.977106 0.144594 -0.0955351 0 0 0 1 
0.987099 0.150621 -0.0543016 -0.0533233 -0.0309838 -0.153043 -0.987734 -0.0676353 0.157083 -0.976674 0.146402 -0.0912449 0 0 0 1 
0.916807 0.177018 -0.357952 0.0566928 -0.32345 -0.196508 -0.925617 0.0274159 0.234191 -0.964391 0.122903 -0.114356 0 0 0 1 
0.916807 0.177018 -0.357952 0.0566928 -0.32345 -0.196508 -0.925617 0.0274159 0.234191 -0.964391 0.122903 -0.114356 0 0 0 1 
0.917058 0.176237 -0.357693 0.0546443 -0.323675 -0.194907 -0.925876 0.03459 0.232891 -0.964858 0.121698 -0.118005 0 0 0 1 
0.917344 0.175345 -0.357399 0.0520491 -0.32393 -0.193081 -0.926169 0.0427004 0.231406 -0.965388 0.120322 -0.122155 0 0 0 1 
0.917642 0.174408 -0.357091 0.0490386 -0.324195 -0.191163 -0.926474 0.0511147 0.229847 -0.965939 0.118877 -0.12648 0 0 0 1 
0.917933 0.173492 -0.356792 0.0458249 -0.324451 -0.189289 -0.926769 0.0592253 0.228324 -0.966473 0.117465 -0.130658 0 0 0 1 
0.918193 0.172664 -0.356523 0.0426976 -0.324679 -0.187596 -0.927034 0.0664567 0.226947 -0.966952 0.116189 -0.134382 0 0 0 1 
0.918404 0.171989 -0.356305 0.0400047 -0.324863 -0.186218 -0.927247 0.0722656 0.225827 -0.967338 0.115151 -0.137367 0 0 0 1 
0.918546 0.171535 -0.356159 0.0381219 -0.324985 -0.185292 -0.92739 0.076132 0.225074 -0.967597 0.114452 -0.139348 0 0 0 1 
0.918597 0.17137 -0.356106 0.0374192 -0.32503 -0.184952 -0.927442 0.0775389 0.224798 -0.967691 0.114197 -0.140067 0 0 0 1 
0.918531 0.171584 -0.356175 0.038327 -0.324973 -0.185391 -0.927374 0.075718 0.225154 -0.967569 0.114527 -0.139136 0 0 0 1 
0.91835 0.172162 -0.356361 0.040708 -0.324816 -0.186571 -0.927193 0.0707817 0.226114 -0.967239 0.115417 -0.136605 0 0 0 1 
0.918086 0.173004 -0.356633 0.0440059 -0.324585 -0.188291 -0.926925 0.0635007 0.227513 -0.966756 0.116713 -0.132861 0 0 0 1 
0.917769 0.174009 -0.356961 0.0476708 -0.324307 -0.190347 -0.926603 0.0546623 0.229183 -0.966172 0.118262 -0.128307 0 0 0 1 
0.917429 0.175079 -0.357311 0.0512236 -0.324006 -0.192536 -0.926256 0.0451007 0.230963 -0.965545 0.119911 -0.123387 0 0 0 1 
0.917098 0.176115 -0.357653 0.0543048 -0.323711 -0.194657 -0.925916 0.0357062 0.232687 -0.964931 0.121509 -0.118575 0 0 0 1 
0.916807 0.177018 -0.357952 0.0566928 -0.32345 -0.196508 -0.925617 0.0274159 0.234191 -0.964391 0.122903 -0.114356 0 0 0 1 
0.968937 -0.242347 0.0492863 0.0179418 0.105976 0.226814 -0.968155 -0.0596671 -0.22345 -0.943304 -0.245452 0.0111768 0 0 0 1 
0.968937 -0.242347 0.0492863 0.0179418 0.105976 0.226814 -0.968155 -0.0596671 -0.22345 -0.943304 -0.245452 0.0111768 0 0 0 1 
0.968578 -0.243241 0.0518778 0.0156814 0.106551 0.217346 -0.970262 -0.0560048 -0.224731 -0.945301 -0.236434 0.00943501 0 0 0 1 
0.968165 -0.24423 0.0548446 0.0131039 0.10719 0.20652 -0.972553 -0.0519021 -0.2262 -0.947471 -0.226124 0.007461 0 0 0 1 
0.96773 -0.245232 0.0579691 0.010402 0.107842 0.195131 -0.97483 -0.0476836 -0.227748 -0.949623 -0.215281 0.00540615 0 0 0 1 
0.967302 -0.246175 0.0610308 0.00776787 0.108462 0.183985 -0.976926 -0.0436496 -0.229266 -0.951602 -0.20467 0.00341769 0 0 0 1 
0.966913 -0.246997 0.0638063 0.00539241 0.109006 0.173892 -0.978713 -0.0400768 -0.230644 -0.953286 -0.195063 0.00163776 0 0 0 1 
0.966596 -0.247644 0.0660699 0.00346449 0.109437 0.16567 -0.98009 -0.0372214 -0.231768 -0.954581 -0.187237 0.000202641 0 0 0 1 
0.966381 -0.248069 0.0675941 0.00217105 0.109722 0.160137 -0.980978 -0.0353274 -0.232525 -0.955415 -0.181972 -0.000755183 0 0 0 1 
0.966303 -0.248222 0.0681524 0.00169838 0.109825 0.158111 -0.981295 -0.0346395 -0.232803 -0.955713 -0.180044 -0.0011042 0 0 0 1 
0.966405 -0.248023 0.0674302 0.00230994 0.109692 0.160732 -0.980884 -0.0355298 -0.232444 -0.955327 -0.182538 -0.000652522 0 0 0 1 
0.966677 -0.24748 0.0654886 0.00395873 0.109328 0.167781 -0.979743 -0.0379495 -0.231479 -0.954255 -0.189246 0.000569724 0 0 0 1 
0.967073 -0.246663 0.0626663 0.00636663 0.108784 0.178036 -0.977992 -0.0415348 -0.230078 -0.952607 -0.199007 0.0023662 0 0 0 1 
0.967544 -0.245647 0.0593018 0.00925357 0.108114 0.190277 -0.975759 -0.0459156 -0.228409 -0.950501 -0.21066 0.00453738 0 0 0 1 
0.968042 -0.244518 0.0557307 0.0123362 0.107377 0.203288 -0.973213 -0.050695 -0.226639 -0.948095 -0.223047 0.00687563 0 0 0 1 
0.968521 -0.243378 0.0522837 0.0153281 0.106639 0.215864 -0.970583 -0.0554378 -0.224932 -0.945605 -0.235023 0.00916366 0 0 0 1 
0.968937 -0.242347 0.0492863 0.0179418 0.105976 0.226814 -0.968155 -0.0596671 -0.22345 -0.943304 -0.245452 0.0111768 0 0 0 1 
0.947493 -0.200214 -0.249341 0.0556058 -0.316443 -0.474769 -0.821254 -0.134358 -0.0460472 -0.857035 0.513197 0.0190782 0 0 0 1 
0.947493 -0.200214 -0.249341 0.0556059 -0.316443 -0.474769 -0.821254 -0.134358 -0.046047 -0.857035 0.513197 0.0190782 0 0 0 1 
0.949908 -0.193436 -0.245473 0.0551285 -0.308916 -0.462057 -0.831308 -0.127563 -0.0473824 -0.865497 0.498667 0.0215065 0 0 0 1 
0.952475 -0.185833 -0.241364 0.0546177 -0.300686 -0.446716 -0.842635 -0.119882 -0.0487679 -0.875163 0.481363 0.024416 0 0 0 1 
0.954973 -0.177982 -0.23738 0.0541183 -0.292437 -0.429608 -0.854352 -0.111902 -0.0500793 -0.885302 0.462312 0.0276363 0 0 0 1 
0.957235 -0.170418 -0.233795 0.0536652 -0.284742 -0.411836 -0.865629 -0.104186 -0.0512339 -0.895181 0.442748 0.030958 0 0 0 1 
0.95914 -0.163644 -0.230804 0.0532843 -0.278077 -0.394788 -0.87568 -0.0972787 -0.0521814 -0.904081 0.424163 0.0341242 0 0 0 1 
0.960602 -0.158157 -0.228541 0.0529945 -0.27285 -0.380159 -0.88376 -0.0917048 -0.0528907 -0.911299 0.408335 0.0368272 0 0 0 1 
