a
29
17
30
1
0
1 -2.25468e-07 2.60718e-07 -0.00104406 3.39604e-07 0.515038 -0.857167 0.0875651 -5.89836e-08 -0.857167 -0.515038 0.142364 0 0 0 1 
1 -2.25468e-07 2.60718e-07 -0.00104406 3.39604e-07 0.515038 -0.857167 0.0875651 -5.89836e-08 -0.857167 -0.515038 0.142364 0 0 0 1 
1 -2.25468e-07 2.60718e-07 -0.00104406 3.39604e-07 0.515038 -0.857167 0.0436459 -5.89836e-08 -0.857167 -0.515038 0.142364 0 0 0 1 
1 2.80966e-09 3.97881e-07 -0.00104409 3.39604e-07 0.515038 -0.857167 -0.000273049 2.07332e-07 -0.857167 -0.515038 0.142364 0 0 0 1 
1 -2.52737e-09 3.59906e-07 -0.00104408 3.09801e-07 0.515038 -0.857167 -0.0202363 1.83199e-07 -0.857167 -0.515038 0.142364 0 0 0 1 
1 -7.86463e-09 3.21931e-07 -0.00104408 2.79999e-07 0.515038 -0.857167 -0.00898294 1.59066e-07 -0.857167 -0.515038 0.142364 0 0 0 1 
1 -2.30805e-07 2.22743e-07 -0.00104406 3.09801e-07 0.515038 -0.857167 0.0178358 -8.3117e-08 -0.857167 -0.515038 0.142364 0 0 0 1 
1 -2.30805e-07 2.22743e-07 -0.00104406 3.09801e-07 0.515038 -0.857167 0.049808 -8.3117e-08 -0.857167 -0.515038 0.142364 0 0 0 1 
1 -2.25468e-07 2.60718e-07 -0.00104406 3.39604e-07 0.515038 -0.857167 0.0765218 -5.89836e-08 -0.857167 -0.515038 0.142364 0 0 0 1 
1 -2.25468e-07 2.60718e-07 -0.00104406 3.39604e-07 0.515038 -0.857167 0.0875651 -5.89836e-08 -0.857167 -0.515038 0.142364 0 0 0 1 
1 -2.30805e-07 2.22743e-07 -0.00104406 3.09801e-07 0.515038 -0.857167 0.0589554 -8.3117e-08 -0.857167 -0.515038 0.142364 0 0 0 1 
1 -2.30805e-07 2.22743e-07 -0.00104406 3.09801e-07 0.515038 -0.857167 0.00609818 -8.3117e-08 -0.857167 -0.515038 0.142364 0 0 0 1 
1 -2.30805e-07 2.22743e-07 -0.00104406 3.09801e-07 0.515038 -0.857167 -0.0223365 -8.3117e-08 -0.857167 -0.515038 0.142364 0 0 0 1 
1 -2.30805e-07 2.22743e-07 -0.00104406 3.09801e-07 0.515038 -0.857167 -0.010316 -8.3117e-08 -0.857167 -0.515038 0.142364 0 0 0 1 
1 -2.30805e-07 2.22743e-07 -0.00104406 3.09801e-07 0.515038 -0.857167 0.0188766 -8.3117e-08 -0.857167 -0.515038 0.142364 0 0 0 1 
1 2.80966e-09 3.97881e-07 -0.00104409 3.39604e-07 0.515038 -0.857167 0.054938 2.07332e-07 -0.857167 -0.515038 0.142364 0 0 0 1 
1 -2.25468e-07 2.60718e-07 -0.00104406 3.39604e-07 0.515038 -0.857167 0.0875651 -5.89836e-08 -0.857167 -0.515038 0.142364 0 0 0 1 
0.952137 0.303218 -0.0386624 0.00240268 -0.0893301 0.155057 -0.983859 0.112885 0.292329 -0.940221 -0.174722 0.0852311 0 0 0 1 
0.952137 0.303218 -0.0386624 0.00240268 -0.0893301 0.155057 -0.983859 0.112885 0.292329 -0.940221 -0.174722 0.0852311 0 0 0 1 
0.97421 0.223831 -0.02854 0.00150417 -0.0659421 0.161456 -0.984674 0.0690482 0.215792 -0.961162 -0.172052 0.0849605 0 0 0 1 
0.990647 0.135352 -0.0172584 0.000499445 -0.0398756 0.166221 -0.985282 0.0251943 0.130491 -0.976755 -0.170064 0.0847474 0 0 0 1 
0.999072 0.042712 -0.00544622 -0.000556115 -0.0125834 0.168663 -0.985593 0.00527017 0.0411781 -0.984748 -0.169044 0.0846196 0 0 0 1 
0.99879 -0.0487802 0.00621958 -0.0016021 0.0143707 0.168582 -0.985583 0.0165336 -0.0470284 -0.98448 -0.169079 0.0845867 0 0 0 1 
0.990859 -0.133816 0.0170621 -0.0025774 0.0394227 0.166283 -0.98529 0.0433362 -0.12901 -0.976956 -0.170038 0.0846393 0 0 0 1 
0.977892 -0.207433 0.0264488 -0.00342423 0.0611108 0.162523 -0.98481 0.0752743 -0.199984 -0.964654 -0.171607 0.084751 0 0 0 1 
0.963598 -0.26521 0.0338157 -0.00409053 0.0781323 0.15838 -0.984282 0.101948 -0.255686 -0.951094 -0.173336 0.0848833 0 0 0 1 
0.952137 -0.303218 0.038662 -0.00452968 0.0893297 0.155057 -0.983859 0.112958 -0.292329 -0.940221 -0.174722 0.0849926 0 0 0 1 
0.965581 -0.258013 0.032898 -0.00400745 0.0760119 0.158955 -0.984355 0.084387 -0.248747 -0.952976 -0.173096 0.0848646 0 0 0 1 
0.9918 -0.126775 0.0161643 -0.00249653 0.0373483 0.166555 -0.985325 0.0316009 -0.122222 -0.977848 -0.169924 0.0846318 0 0 0 1 
0.999997 -0.00246539 0.000314067 -0.00107216 0.000726038 0.168931 -0.985628 0.00317845 -0.00237691 -0.985625 -0.168933 0.0845918 0 0 0 1 
0.996666 0.0809422 -0.0103209 -0.000120065 -0.0238463 0.167966 -0.985504 0.0151779 0.0780353 -0.982464 -0.169336 0.0846608 0 0 0 1 
0.987336 0.157369 -0.0200659 0.000749802 -0.0463622 0.165261 -0.98516 0.0443304 0.151718 -0.973614 -0.170464 0.084792 0 0 0 1 
0.972671 0.230323 -0.0293677 0.00157774 -0.0678546 0.16101 -0.984617 0.0803344 0.222052 -0.959701 -0.172238 0.0849797 0 0 0 1 
0.952137 0.303218 -0.0386624 0.00240268 -0.0893301 0.155057 -0.983859 0.112885 0.292329 -0.940221 -0.174722 0.0852311 0 0 0 1 
0.970295 -0.241776 0.00844176 -0.00693303 0.098398 0.362532 -0.926762 0.0911006 -0.221008 -0.900064 -0.375554 0.127966 0 0 0 1 
0.970295 -0.241776 0.00844176 -0.00693303 0.098398 0.362532 -0.926762 0.0911006 -0.221008 -0.900064 -0.375554 0.127966 0 0 0 1 
0.984017 -0.177966 0.00621352 -0.00537638 0.0724282 0.36811 -0.926957 0.0473065 -0.162679 -0.912592 -0.375116 0.127685 0 0 0 1 
0.99421 -0.10739 0.00374903 -0.00365676 0.0437051 0.372253 -0.927102 0.00347651 -0.0981659 -0.921897 -0.374791 0.127486 0 0 0 1 
0.999426 -0.0338529 0.00118105 -0.00186713 0.0137766 0.374373 -0.927176 -0.0164474 -0.0309455 -0.92666 -0.374625 0.127397 0 0 0 1 
0.999252 0.0386609 -0.00135121 -0.000104587 -0.0157355 0.374303 -0.927173 -0.00520779 0.0353396 -0.9265 -0.374631 0.127428 0 0 0 1 
0.994342 0.106166 -0.00370861 0.00153429 -0.043209 0.372307 -0.927103 0.0215512 0.0970459 -0.922018 -0.374787 0.127562 0 0 0 1 
0.986303 0.164846 -0.0057577 0.00295736 -0.067091 0.369039 -0.926989 0.0534342 0.150686 -0.914678 -0.375044 0.127763 0 0 0 1 
0.977426 0.211151 -0.00737467 0.00407929 -0.0859363 0.365431 -0.926863 0.0800526 0.193013 -0.906574 -0.375327 0.127977 0 0 0 1 
0.970296 0.241773 -0.00844403 0.00482072 -0.0983991 0.362533 -0.926762 0.0910204 0.221005 -0.900064 -0.375554 0.128146 0 0 0 1 
0.978659 0.205368 -0.00717276 0.00393923 -0.0835828 0.365932 -0.926881 0.0624994 0.187727 -0.907699 -0.375287 0.127947 0 0 0 1 
0.994924 0.100567 -0.0035131 0.00139844 -0.0409305 0.372543 -0.927112 0.00982026 0.0919284 -0.922549 -0.374769 0.127547 0 0 0 1 
0.999998 0.00195202 -6.9425e-05 -0.000996549 -0.000795609 0.374606 -0.927184 -0.0185479 0.00178387 -0.927182 -0.374607 0.127398 0 0 0 1 
0.997936 -0.0641726 0.00223973 -0.0026047 0.0261161 0.373768 -0.927155 -0.00653683 -0.0586608 -0.9253 -0.374672 0.127419 0 0 0 1 
0.992158 -0.124912 0.00436079 -0.00408348 0.0508362 0.371419 -0.927073 0.0226088 -0.114183 -0.920024 -0.374856 0.127524 0 0 0 1 
0.983062 -0.183163 0.00639514 -0.00550314 0.0745437 0.367721 -0.926943 0.05859 -0.167431 -0.911719 -0.375146 0.127705 0 0 0 1 
0.970295 -0.241776 0.00844176 -0.00693303 0.098398 0.362532 -0.926762 0.0911006 -0.221008 -0.900064 -0.375554 0.127966 0 0 0 1 
0.884941 -0.464718 0.030269 -0.0120668 0.130496 0.185055 -0.974025 0.0855808 -0.447046 -0.865905 -0.224407 0.132178 0 0 0 1 
0.884941 -0.464718 0.030269 -0.0120668 0.130496 0.185055 -0.974025 0.0855808 -0.447046 -0.865905 -0.224407 0.132178 0 0 0 1 
0.937661 -0.346859 0.0219448 -0.00927643 0.0980083 0.20331 -0.974197 0.0421027 -0.333448 -0.915617 -0.224631 0.130971 0 0 0 1 
0.9773 -0.211454 0.0130912 -0.006063 0.0600163 0.217064 -0.974311 -0.00148905 -0.20318 -0.95298 -0.224828 0.130082 0 0 0 1 
0.997744 -0.0670027 0.00410129 -0.0026334 0.0190589 0.224167 -0.974364 -0.0212918 -0.0643656 -0.972245 -0.224939 0.129652 0 0 0 1 
0.997058 0.0765087 -0.00468867 0.00076854 -0.021765 0.223929 -0.974363 -0.0100611 0.0734973 -0.971598 -0.224935 0.129725 0 0 0 1 
0.977814 0.209073 -0.0129438 0.00390032 -0.0593476 0.217243 -0.974312 0.0165756 0.20089 -0.953464 -0.224831 0.130234 0 0 0 1 
0.946512 0.322032 -0.0202788 0.00655595 -0.0910888 0.206379 -0.974223 0.0482641 0.309545 -0.923961 -0.224674 0.131023 0 0 0 1 
0.912242 0.408811 -0.0262317 0.00858471 -0.115175 0.194503 -0.974117 0.0746724 0.393128 -0.891651 -0.224519 0.131872 0 0 0 1 
0.884942 0.464716 -0.0302722 0.00988484 -0.130499 0.185055 -0.974025 0.0854743 0.447042 -0.865907 -0.224408 0.132542 0 0 0 1 
0.916983 0.398112 -0.0254786 0.00833522 -0.112223 0.196145 -0.974132 0.0571481 0.382816 -0.896122 -0.224539 0.131755 0 0 0 1 
0.980093 0.198163 -0.0122533 0.00364312 -0.0562649 0.218033 -0.974318 0.00485885 0.190402 -0.955611 -0.224843 0.130176 0 0 0 1 
0.999993 0.00386744 -0.000238406 -0.000952313 -0.00110228 0.224948 -0.97437 -0.0233809 0.00371469 -0.974363 -0.224951 0.129626 0 0 0 1 
0.991895 -0.126826 0.00778924 -0.00405344 0.0360539 0.222134 -0.974349 -0.0114154 -0.121842 -0.966733 -0.224906 0.129768 0 0 0 1 
0.969289 -0.245452 0.0152627 -0.0068702 0.0696039 0.214282 -0.974289 0.0175952 -0.235871 -0.945429 -0.224785 0.130259 0 0 0 1 
0.933966 -0.356647 0.0226099 -0.0095085 0.100731 0.202029 -0.974186 0.053364 -0.342872 -0.912133 -0.224613 0.131055 0 0 0 1 
0.884941 -0.464718 0.030269 -0.0120668 0.130496 0.185055 -0.974025 0.0855808 -0.447046 -0.865905 -0.224407 0.132178 0 0 0 1 
0.884941 -0.465176 0.0221548 -0.013291 0.130497 0.202026 -0.970647 0.0859368 -0.447046 -0.861857 -0.239485 0.129858 0 0 0 1 
0.884941 -0.465176 0.0221548 -0.013291 0.130497 0.202026 -0.970647 0.0859368 -0.447046 -0.861857 -0.239485 0.129858 0 0 0 1 
0.93766 -0.34719 0.0158888 -0.0101902 0.0980092 0.220281 -0.9705 0.0425069 -0.333448 -0.911557 -0.240576 0.12852 0 0 0 1 
0.9773 -0.21165 0.00939973 -0.00662012 0.0600171 0.234035 -0.970374 -0.00104851 -0.20318 -0.948911 -0.241425 0.127532 0 0 0 1 
0.997744 -0.0670644 0.00293215 -0.00280994 0.0190598 0.241138 -0.970304 -0.0208326 -0.0643658 -0.968171 -0.241872 0.127052 0 0 0 1 
0.997058 0.0765785 -0.00335189 0.000970136 -0.0217641 0.240899 -0.970306 -0.00960236 0.0734971 -0.967524 -0.241857 0.127126 0 0 0 1 
0.977814 0.209267 -0.00929222 0.00445119 -0.0593467 0.234214 -0.970372 0.0170167 0.20089 -0.949395 -0.241436 0.127683 0 0 0 1 
0.946512 0.322336 -0.0146548 0.00740439 -0.0910879 0.22335 -0.970473 0.0486765 0.309545 -0.919899 -0.240764 0.12855 0 0 0 1 
0.912242 0.409206 -0.0190923 0.0096617 -0.115174 0.211474 -0.970574 0.0750533 0.393127 -0.887597 -0.240045 0.129484 0 0 0 1 
0.884943 0.465173 -0.0221566 0.0111091 -0.130498 0.202026 -0.970647 0.0858303 0.447042 -0.861859 -0.239485 0.130223 0 0 0 1 
0.916984 0.398495 -0.018526 0.00938404 -0.112222 0.213115 -0.970561 0.0575334 0.382816 -0.892067 -0.240143 0.129355 0 0 0 1 
0.980093 0.198347 -0.00879224 0.00416524 -0.056264 0.235004 -0.970365 0.00530204 0.190402 -0.951542 -0.241486 0.127619 0 0 0 1 
0.999993 0.00387065 -0.000170049 -0.000942116 -0.00110139 0.241919 -0.970296 -0.0229194 0.00371454 -0.970289 -0.241921 0.12702 0 0 0 1 
0.991895 -0.126943 0.00557549 -0.0043876 0.0360548 0.239104 -0.970324 -0.0109614 -0.121842 -0.96266 -0.241743 0.127182 0 0 0 1 
0.969289 -0.245682 0.0109775 -0.00751689 0.0696047 0.231253 -0.970401 0.0180284 -0.235871 -0.941362 -0.241251 0.127729 0 0 0 1 
0.933965 -0.356987 0.016383 -0.0104481 0.100732 0.218999 -0.970511 0.0537649 -0.342873 -0.908074 -0.240498 0.128613 0 0 0 1 
0.884941 -0.465176 0.0221548 -0.013291 0.130497 0.202026 -0.970647 0.0859368 -0.447046 -0.861857 -0.239485 0.129858 0 0 0 1 
0.987509 0.119712 -0.102444 -0.0165783 -0.128668 0.237432 -0.962845 0.07439 0.0909411 -0.964 -0.249869 0.155251 0 0 0 1 
0.987509 0.119712 -0.102444 -0.0165783 -0.128668 0.237432 -0.962845 0.07439 0.0909411 -0.964 -0.249869 0.155251 0 0 0 1 
0.963255 0.246746 -0.106095 -0.0170174 -0.165465 0.234009 -0.95805 0.031059 0.211569 -0.940402 -0.266238 0.153244 0 0 0 1 
0.918399 0.380801 -0.107397 -0.0171803 -0.204221 0.223756 -0.953009 -0.0122089 0.338877 -0.897175 -0.283265 0.151045 0 0 0 1 
0.852773 0.511401 -0.10605 -0.0170056 -0.241656 0.206344 -0.948169 -0.0315079 0.463012 -0.834201 -0.299548 0.14881 0 0 0 1 
0.770451 0.629226 -0.102375 -0.0165055 -0.274852 0.182965 -0.943917 -0.0196287 0.575206 -0.75538 -0.31391 0.146696 0 0 0 1 
0.679195 0.727497 -0.0971686 -0.0157616 -0.301775 0.15612 -0.940509 0.00773433 0.669048 -0.668113 -0.325576 0.144836 0 0 0 1 
0.589227 0.802773 -0.0914709 -0.0149072 -0.321579 0.129152 -0.938033 0.0401405 0.741214 -0.58213 -0.334255 0.143323 0 0 0 1 
0.511721 0.854802 -0.0863396 -0.014103 -0.334561 0.105699 -0.936428 0.0671661 0.791334 -0.508076 -0.340072 0.14221 0 0 0 1 
0.457499 0.885357 -0.0826913 -0.0135105 -0.341755 0.0892199 -0.935544 0.0783987 0.820913 -0.456271 -0.343393 0.141518 0 0 0 1 
0.521701 0.84868 -0.0870073 -0.0142095 -0.333075 0.108726 -0.936611 0.0495625 0.785423 -0.517611 -0.339397 0.142345 0 0 0 1 
0.687274 0.719803 -0.0976587 -0.0158331 -0.299703 0.158521 -0.94077 -0.0040469 0.661689 -0.675836 -0.324675 0.144986 0 0 0 1 
0.814232 0.571056 -0.104505 -0.0167983 -0.258556 0.195538 -0.945999 -0.0332947 0.519783 -0.797283 -0.306863 0.147753 0 0 0 1 
0.882083 0.458801 -0.106916 -0.0171191 -0.226637 0.214321 -0.950106 -0.0218588 0.412995 -0.862304 -0.29303 0.149722 0 0 0 1 
0.93124 0.348245 -0.107324 -0.0171707 -0.194828 0.226911 -0.954229 0.00677978 0.307952 -0.909526 -0.279156 0.151587 0 0 0 1 
0.965823 0.236585 -0.105889 -0.0169922 -0.162521 0.234501 -0.958434 0.0423029 0.20192 -0.942887 -0.264936 0.153407 0 0 0 1 
0.987509 0.119712 -0.102444 -0.0165783 -0.128668 0.237432 -0.962845 0.07439 0.0909411 -0.964 -0.249869 0.155251 0 0 0 1 
0.946032 0.282129 0.159457 0.0151439 -0.122309 0.766484 -0.63051 0.128467 0.300106 -0.57698 -0.759625 0.123604 0 0 0 1 
0.946032 0.282129 0.159457 0.0151439 -0.122309 0.766484 -0.63051 0.128467 0.300106 -0.57698 -0.759625 0.123604 0 0 0 1 
0.946032 0.282129 0.159457 0.0161843 -0.122309 0.766484 -0.63051 0.0895583 0.300106 -0.57698 -0.759625 0.106961 0 0 0 1 
0.946032 0.282129 0.159457 0.01986 -0.122309 0.766484 -0.630511 0.0510693 0.300107 -0.57698 -0.759625 0.0889532 0 0 0 1 
0.946032 0.282129 0.159457 0.0264045 -0.122309 0.766484 -0.63051 0.0365255 0.300107 -0.57698 -0.759625 0.0708862 0 0 0 1 
0.946032 0.282129 0.159457 0.0354635 -0.122309 0.766484 -0.63051 0.0527701 0.300106 -0.57698 -0.759625 0.0540211 0 0 0 1 
0.946032 0.282129 0.159457 0.046129 -0.122309 0.766483 -0.63051 0.0838209 0.300106 -0.57698 -0.759625 0.0393927 0 0 0 1 
0.946032 0.282129 0.159457 0.0570805 -0.122309 0.766484 -0.63051 0.119074 0.300106 -0.57698 -0.759625 0.0276823 0 0 0 1 
0.946032 0.282129 0.159457 0.066785 -0.122309 0.766484 -0.63051 0.148072 0.300106 -0.57698 -0.759625 0.0192009 0 0 0 1 
0.946032 0.282129 0.159457 0.0737016 -0.122309 0.766484 -0.63051 0.160461 0.300106 -0.57698 -0.759625 0.0139992 0 0 0 1 
0.946032 0.282129 0.159457 0.065523 -0.122309 0.766484 -0.63051 0.130236 0.300106 -0.57698 -0.759625 0.0202206 0 0 0 1 
0.946032 0.282129 0.159457 0.0451649 -0.122309 0.766484 -0.63051 0.0717496 0.300106 -0.57698 -0.759625 0.0405611 0 0 0 1 
0.946032 0.282129 0.159457 0.0305609 -0.122309 0.766484 -0.63051 0.0369406 0.300106 -0.57698 -0.759625 0.0624248 0 0 0 1 
0.946032 0.282129 0.159457 0.0233776 -0.122309 0.766483 -0.63051 0.0442483 0.300106 -0.57698 -0.759625 0.0782323 0 0 0 1 
0.946032 0.282129 0.159457 0.0187053 -0.122309 0.766484 -0.63051 0.0688876 0.300106 -0.57698 -0.759625 0.0933723 0 0 0 1 
0.946032 0.282129 0.159457 0.0160173 -0.122308 0.766483 -0.63051 0.100444 0.300107 -0.57698 -0.759625 0.108307 0 0 0 1 
0.946032 0.282129 0.159457 0.0151439 -0.122309 0.766484 -0.63051 0.128467 0.300106 -0.57698 -0.759625 0.123604 0 0 0 1 
0.895621 0.392101 0.210048 -0.000354946 -0.265163 0.849757 -0.455632 0.0860668 0.357143 -0.352377 -0.865031 0.138816 0 0 0 1 
0.895621 0.392101 0.210048 -0.000354946 -0.265163 0.849757 -0.455632 0.0860668 0.357143 -0.352377 -0.865031 0.138816 0 0 0 1 
0.895621 0.3921 0.210047 0.000685468 -0.265163 0.849757 -0.455633 0.0471584 0.357143 -0.352377 -0.865031 0.122173 0 0 0 1 
0.895621 0.392101 0.210048 0.00436118 -0.265163 0.849757 -0.455633 0.00866947 0.357144 -0.352377 -0.865031 0.104165 0 0 0 1 
0.895621 0.392101 0.210048 0.0109057 -0.265163 0.849757 -0.455633 -0.00587441 0.357144 -0.352377 -0.865031 0.0860982 0 0 0 1 
0.895621 0.392101 0.210048 0.0199646 -0.265163 0.849757 -0.455633 0.0103702 0.357143 -0.352377 -0.865031 0.0692332 0 0 0 1 
0.895621 0.392101 0.210048 0.0306302 -0.265163 0.849757 -0.455633 0.041421 0.357143 -0.352377 -0.865031 0.0546047 0 0 0 1 
0.895621 0.392101 0.210048 0.0415817 -0.265163 0.849757 -0.455632 0.0766739 0.357143 -0.352377 -0.865031 0.0428943 0 0 0 1 
0.895621 0.392101 0.210048 0.0512862 -0.265163 0.849757 -0.455632 0.105672 0.357143 -0.352377 -0.865031 0.0344129 0 0 0 1 
0.895621 0.392101 0.210048 0.0582028 -0.265163 0.849757 -0.455633 0.118062 0.357144 -0.352377 -0.865031 0.0292112 0 0 0 1 
0.895621 0.392101 0.210048 0.0500242 -0.265163 0.849757 -0.455633 0.0878365 0.357143 -0.352378 -0.865031 0.0354326 0 0 0 1 
0.895621 0.392101 0.210048 0.0296661 -0.265163 0.849757 -0.455633 0.0293498 0.357143 -0.352377 -0.865031 0.0557731 0 0 0 1 
0.895621 0.392101 0.210048 0.015062 -0.265163 0.849757 -0.455633 -0.00545943 0.357143 -0.352377 -0.865031 0.0776368 0 0 0 1 
0.895621 0.392101 0.210048 0.00787887 -0.265163 0.849757 -0.455633 0.00184834 0.357143 -0.352378 -0.865031 0.0934443 0 0 0 1 
0.895621 0.392101 0.210048 0.00320652 -0.265163 0.849757 -0.455633 0.0264876 0.357143 -0.352377 -0.865031 0.108584 0 0 0 1 
0.895621 0.392101 0.210048 0.000518426 -0.265163 0.849757 -0.455633 0.0580445 0.357144 -0.352377 -0.865031 0.123518 0 0 0 1 
0.895621 0.392101 0.210048 -0.000354946 -0.265163 0.849757 -0.455632 0.0860668 0.357143 -0.352377 -0.865031 0.138816 0 0 0 1 
0.943337 0.171782 0.283913 0.00312952 -0.0632986 0.933022 -0.354208 0.142838 0.325744 -0.316166 -0.891027 0.13202 0 0 0 1 
0.943337 0.171782 0.283913 0.00312952 -0.0632986 0.933022 -0.354208 0.142838 0.325744 -0.316166 -0.891027 0.13202 0 0 0 1 
0.943337 0.171782 0.283913 0.00417 -0.0632985 0.933022 -0.354208 0.10393 0.325744 -0.316166 -0.891027 0.115377 0 0 0 1 
0.943336 0.171782 0.283914 0.00784567 -0.0632986 0.933022 -0.354208 0.0654412 0.325744 -0.316166 -0.891027 0.0973696 0 0 0 1 
0.943336 0.171782 0.283914 0.0143901 -0.0632986 0.933022 -0.354208 0.0508973 0.325744 -0.316166 -0.891027 0.0793026 0 0 0 1 
0.943336 0.171782 0.283913 0.0234491 -0.0632986 0.933022 -0.354208 0.0671418 0.325744 -0.316166 -0.891027 0.0624376 0 0 0 1 
0.943336 0.171782 0.283913 0.0341147 -0.0632985 0.933022 -0.354208 0.0981927 0.325744 -0.316166 -0.891027 0.0478091 0 0 0 1 
0.943337 0.171782 0.283913 0.0450661 -0.0632987 0.933022 -0.354208 0.133446 0.325744 -0.316166 -0.891028 0.0360987 0 0 0 1 
0.943337 0.171782 0.283913 0.0547707 -0.0632987 0.933022 -0.354208 0.162444 0.325744 -0.316166 -0.891028 0.0276173 0 0 0 1 
0.943337 0.171782 0.283914 0.0616872 -0.0632987 0.933022 -0.354208 0.174833 0.325744 -0.316166 -0.891028 0.0224157 0 0 0 1 
0.943337 0.171782 0.283913 0.0535086 -0.0632984 0.933022 -0.354208 0.144608 0.325744 -0.316166 -0.891028 0.028637 0 0 0 1 
0.943337 0.171782 0.283913 0.0331506 -0.0632987 0.933022 -0.354208 0.0861214 0.325744 -0.316166 -0.891028 0.0489775 0 0 0 1 
0.943337 0.171782 0.283914 0.0185466 -0.0632986 0.933022 -0.354208 0.0513124 0.325744 -0.316166 -0.891028 0.0708412 0 0 0 1 
0.943337 0.171782 0.283914 0.0113633 -0.0632985 0.933022 -0.354208 0.0586201 0.325744 -0.316166 -0.891028 0.0866488 0 0 0 1 
0.943337 0.171782 0.283914 0.00669101 -0.0632986 0.933022 -0.354208 0.0832594 0.325744 -0.316166 -0.891028 0.101789 0 0 0 1 
0.943336 0.171782 0.283914 0.00400292 -0.0632983 0.933022 -0.354208 0.114816 0.325744 -0.316166 -0.891027 0.116723 0 0 0 1 
0.943337 0.171782 0.283913 0.00312952 -0.0632986 0.933022 -0.354208 0.142838 0.325744 -0.316166 -0.891027 0.13202 0 0 0 1 
0.970765 0.18329 0.154988 0.042875 -0.125053 0.937331 -0.325226 0.112768 0.204885 -0.296336 -0.932849 0.0955788 0 0 0 1 
0.970765 0.18329 0.154988 0.042875 -0.125053 0.937331 -0.325226 0.112768 0.204885 -0.296336 -0.932849 0.0955788 0 0 0 1 
0.970764 0.18329 0.154987 0.0439155 -0.125053 0.937331 -0.325226 0.0738601 0.204885 -0.296336 -0.932849 0.0789361 0 0 0 1 
0.970764 0.18329 0.154988 0.0475912 -0.125053 0.937331 -0.325226 0.0353712 0.204886 -0.296336 -0.932849 0.0609284 0 0 0 1 
0.970764 0.18329 0.154988 0.0541355 -0.125053 0.937331 -0.325226 0.0208274 0.204886 -0.296336 -0.932849 0.0428614 0 0 0 1 
0.970764 0.18329 0.154988 0.0631946 -0.125053 0.937331 -0.325226 0.0370719 0.204886 -0.296336 -0.932849 0.0259964 0 0 0 1 
0.970764 0.18329 0.154988 0.0738601 -0.125053 0.937331 -0.325226 0.0681228 0.204885 -0.296336 -0.932848 0.0113679 0 0 0 1 
0.970764 0.18329 0.154988 0.0848116 -0.125053 0.937331 -0.325226 0.103376 0.204885 -0.296336 -0.932849 -0.000342503 0 0 0 1 
0.970765 0.18329 0.154988 0.0945162 -0.125053 0.937332 -0.325226 0.132374 0.204885 -0.296336 -0.932849 -0.00882398 0 0 0 1 
0.970764 0.18329 0.154988 0.101433 -0.125053 0.937331 -0.325226 0.144763 0.204886 -0.296336 -0.932849 -0.0140256 0 0 0 1 
0.970765 0.18329 0.154988 0.0932541 -0.125053 0.937332 -0.325226 0.114538 0.204885 -0.296336 -0.932849 -0.00780424 0 0 0 1 
0.970765 0.18329 0.154987 0.072896 -0.125053 0.937331 -0.325226 0.0560515 0.204885 -0.296336 -0.932849 0.0125362 0 0 0 1 
0.970765 0.18329 0.154988 0.058292 -0.125053 0.937331 -0.325226 0.0212424 0.204885 -0.296336 -0.932849 0.0344 0 0 0 1 
0.970765 0.18329 0.154988 0.0511087 -0.125053 0.937331 -0.325226 0.0285501 0.204885 -0.296336 -0.932849 0.0502075 0 0 0 1 
0.970765 0.18329 0.154988 0.0464365 -0.125053 0.937331 -0.325226 0.0531894 0.204885 -0.296336 -0.932849 0.0653475 0 0 0 1 
0.970764 0.18329 0.154988 0.0437483 -0.125053 0.937331 -0.325226 0.0847464 0.204886 -0.296336 -0.932849 0.0802817 0 0 0 1 
0.970765 0.18329 0.154988 0.042875 -0.125053 0.937331 -0.325226 0.112768 0.204885 -0.296336 -0.932849 0.0955788 0 0 0 1 
0.980052 0.197316 0.0237493 0.0823507 -0.182299 0.940125 -0.287979 0.0805988 0.0791501 -0.277905 -0.957342 0.0540071 0 0 0 1 
0.980052 0.197316 0.0237493 0.0823507 -0.182299 0.940125 -0.287979 0.0805988 0.0791501 -0.277905 -0.957342 0.0540071 0 0 0 1 
0.980052 0.197315 0.0237491 0.0833912 -0.182298 0.940125 -0.287979 0.0416904 0.0791498 -0.277905 -0.957342 0.0373644 0 0 0 1 
0.980052 0.197316 0.0237495 0.0870669 -0.182299 0.940125 -0.287979 0.00320139 0.0791505 -0.277905 -0.957342 0.0193567 0 0 0 1 
0.980052 0.197316 0.0237497 0.0936113 -0.182299 0.940125 -0.287979 -0.0113424 0.0791505 -0.277905 -0.957342 0.00128977 0 0 0 1 
0.980052 0.197316 0.0237493 0.10267 -0.182299 0.940125 -0.287979 0.0049021 0.0791502 -0.277905 -0.957342 -0.0155753 0 0 0 1 
0.980052 0.197316 0.0237493 0.113336 -0.182298 0.940125 -0.287979 0.035953 0.0791501 -0.277905 -0.957342 -0.0302038 0 0 0 1 
0.980052 0.197316 0.0237492 0.124287 -0.182299 0.940125 -0.287979 0.071206 0.0791501 -0.277905 -0.957342 -0.0419142 0 0 0 1 
0.980052 0.197316 0.0237493 0.133992 -0.182299 0.940126 -0.287979 0.100204 0.0791502 -0.277905 -0.957342 -0.0503956 0 0 0 1 
0.980052 0.197316 0.0237496 0.140908 -0.182299 0.940125 -0.287979 0.112593 0.0791503 -0.277905 -0.957342 -0.0555973 0 0 0 1 
0.980053 0.197316 0.0237492 0.13273 -0.182298 0.940125 -0.287979 0.0823684 0.0791501 -0.277906 -0.957342 -0.0493759 0 0 0 1 
0.980052 0.197316 0.023749 0.112372 -0.182299 0.940125 -0.287979 0.0238816 0.07915 -0.277905 -0.957342 -0.0290355 0 0 0 1 
0.980052 0.197316 0.0237493 0.0977678 -0.182299 0.940125 -0.287979 -0.0109274 0.07915 -0.277905 -0.957342 -0.00717176 0 0 0 1 
0.980052 0.197316 0.0237492 0.0905845 -0.182298 0.940125 -0.287979 -0.00361965 0.07915 -0.277905 -0.957342 0.00863576 0 0 0 1 
0.980053 0.197316 0.0237494 0.0859123 -0.182299 0.940125 -0.287979 0.0210196 0.0791502 -0.277905 -0.957342 0.0237757 0 0 0 1 
0.980052 0.197316 0.0237495 0.0832241 -0.182298 0.940125 -0.287979 0.0525766 0.0791503 -0.277905 -0.957342 0.03871 0 0 0 1 
0.980052 0.197316 0.0237493 0.0823507 -0.182299 0.940125 -0.287979 0.0805988 0.0791501 -0.277905 -0.957342 0.0540071 0 0 0 1 
0.953213 -0.013101 0.302015 0.0324338 0.296845 0.229488 -0.92694 0.0846596 0.057165 -0.973223 -0.22264 0.104325 0 0 0 1 
0.953213 -0.013101 0.302015 0.0324338 0.296845 0.229488 -0.92694 0.0846596 0.057165 -0.973223 -0.22264 0.104325 0 0 0 1 
0.962947 0.10985 0.246306 0.0304952 0.216189 0.231588 -0.948488 0.0402398 0.161233 -0.966592 -0.199258 0.108079 0 0 0 1 
0.951899 0.242862 0.186831 0.0287736 0.131335 0.227504 -0.96488 -0.0036307 0.276838 -0.943006 -0.184664 0.111182 0 0 0 1 
0.91571 0.367051 0.16355 0.0326896 0.0868461 0.216613 -0.972387 -0.0246617 0.392343 -0.904628 -0.166478 0.115662 0 0 0 1 
0.863136 0.468628 0.188105 0.0430613 0.103149 0.201032 -0.974139 -0.0169311 0.494324 -0.860217 -0.12518 0.124493 0 0 0 1 
0.80363 0.548098 0.231875 0.055151 0.15508 0.183298 -0.970748 0.00534618 0.574568 -0.816082 -0.0623045 0.13725 0 0 0 1 
0.743852 0.609576 0.274045 0.0658013 0.218722 0.16543 -0.961662 0.0332795 0.631541 -0.775274 0.010272 0.151712 0 0 0 1 
0.691832 0.656841 0.299881 0.0728272 0.270428 0.149381 -0.95108 0.0572226 0.669505 -0.739084 0.0742821 0.164517 0 0 0 1 
0.655729 0.693164 0.299237 0.0747637 0.287652 0.137078 -0.947875 0.0667419 0.698051 -0.707626 0.109504 0.171838 0 0 0 1 
0.697285 0.665018 0.267477 0.0679192 0.226363 0.149765 -0.962461 0.0404381 0.680113 -0.731656 0.0461066 0.159315 0 0 0 1 
0.805962 0.555377 0.204895 0.0510752 0.121473 0.183596 -0.975467 -0.00516626 0.57937 -0.811079 -0.0805082 0.133804 0 0 0 1 
0.888443 0.432071 0.154868 0.0351659 0.0685719 0.208678 -0.975577 -0.02747 0.453837 -0.877364 -0.15577 0.118071 0 0 0 1 
0.930153 0.327678 0.165659 0.030319 0.0948305 0.221476 -0.970544 -0.0139269 0.354715 -0.918464 -0.174933 0.113153 0 0 0 1 
0.954165 0.216859 0.206257 0.0301344 0.155652 0.229053 -0.960889 0.0153488 0.255621 -0.94895 -0.1848 0.110507 0 0 0 1 
0.960548 0.102302 0.258614 0.0319673 0.229837 0.231587 -0.945274 0.0514296 0.156595 -0.96742 -0.198937 0.107886 0 0 0 1 
0.953213 -0.013101 0.302015 0.0324338 0.296845 0.229488 -0.92694 0.0846596 0.057165 -0.973223 -0.22264 0.104325 0 0 0 1 
0.314482 0.949263 -0.00112696 0.096056 0.658599 -0.219042 -0.719908 0.0550112 0.683629 -0.225656 0.694069 0.15382 0 0 0 1 
0.314482 0.949263 -0.00112696 0.096056 0.658599 -0.219042 -0.719908 0.0550112 0.683629 -0.225656 0.694069 0.15382 0 0 0 1 
0.316652 0.948213 0.0249787 0.103654 0.637995 -0.193421 -0.745353 0.00240716 0.701922 -0.251953 0.666202 0.161809 0 0 0 1 
0.319537 0.946203 0.0509577 0.108851 0.616761 -0.166854 -0.769263 -0.0504761 0.719376 -0.277237 0.636897 0.171494 0 0 0 1 
0.31832 0.946056 0.0604189 0.110113 0.605326 -0.153798 -0.780977 -0.0760847 0.729556 -0.285174 0.62163 0.184943 0 0 0 1 
0.310197 0.949466 0.0478732 0.107847 0.606778 -0.15897 -0.778813 -0.0656495 0.731846 -0.270634 0.625427 0.201747 0 0 0 1 
0.298266 0.954185 0.0238477 0.103265 0.614549 -0.172863 -0.769706 -0.0365981 0.730319 -0.244233 0.637953 0.218591 0 0 0 1 
0.285977 0.958229 -0.00368977 0.097316 0.624909 -0.189416 -0.757371 -0.00103064 0.726434 -0.214285 0.652975 0.233498 0 0 0 1 
0.276538 0.960638 -0.0264731 0.0914028 0.634023 -0.203078 -0.746173 0.0287788 0.722179 -0.189561 0.665225 0.244987 0 0 0 1 
0.272855 0.961381 -0.0360307 0.0871556 0.638042 -0.208862 -0.741134 0.040437 0.720037 -0.179233 0.67039 0.252113 0 0 0 1 
0.283388 0.958929 -0.0121046 0.0922753 0.629247 -0.195454 -0.752227 0.00752775 0.723698 -0.205555 0.658793 0.243445 0 0 0 1 
0.304413 0.951972 0.0328945 0.103238 0.613481 -0.169522 -0.7713 -0.0510317 0.72868 -0.254974 0.635621 0.217816 0 0 0 1 
0.319212 0.945811 0.059537 0.108642 0.606965 -0.155795 -0.779308 -0.0808318 0.727803 -0.284902 0.623806 0.19427 0 0 0 1 
0.321749 0.945188 0.0556619 0.10902 0.614629 -0.163783 -0.771626 -0.0648084 0.720215 -0.282481 0.633637 0.181607 0 0 0 1 
0.319853 0.946651 0.0393247 0.106869 0.628345 -0.180874 -0.756616 -0.028923 0.709138 -0.266715 0.652677 0.171728 0 0 0 1 
0.316544 0.948409 0.0178815 0.102407 0.644238 -0.20111 -0.737911 0.0150124 0.696245 -0.245101 0.674662 0.162964 0 0 0 1 
0.314482 0.949263 -0.00112696 0.096056 0.658599 -0.219042 -0.719908 0.0550112 0.683629 -0.225656 0.694069 0.15382 0 0 0 1 
-0.41988 0.27232 -0.865761 0.315076 0.832323 -0.264793 -0.486953 0.00456968 0.361854 0.925055 0.115477 0.240152 0 0 0 1 
-0.41988 0.27232 -0.865761 0.315076 0.832323 -0.264793 -0.486953 0.00456968 0.361854 0.925055 0.115477 0.240152 0 0 0 1 
-0.450352 0.193845 -0.871555 0.332724 0.824778 -0.283524 -0.48924 -0.0515535 0.341943 0.939169 0.0321932 0.259031 0 0 0 1 
-0.476005 0.113839 -0.872044 0.346776 0.818802 -0.304463 -0.486688 -0.108578 0.320909 0.945697 -0.051715 0.279747 0 0 0 1 
-0.490259 0.0465899 -0.870331 0.352294 0.820107 -0.313411 -0.478745 -0.137761 0.295076 0.948474 -0.115444 0.303645 0 0 0 1 
-0.494421 -0.0121089 -0.869138 0.349284 0.829798 -0.304294 -0.467803 -0.129828 0.258809 0.952501 -0.160497 0.331782 0 0 0 1 
-0.493081 -0.0708359 -0.867095 0.341248 0.843051 -0.284975 -0.456128 -0.102599 0.21479 0.955914 -0.200234 0.361191 0 0 0 1 
-0.48796 -0.121823 -0.864323 0.330579 0.855752 -0.261888 -0.446209 -0.0679792 0.171997 0.957379 -0.232041 0.387653 0 0 0 1 
-0.482071 -0.157633 -0.861835 0.320443 0.864948 -0.242304 -0.439493 -0.038415 0.139547 0.957309 -0.253151 0.407542 0 0 0 1 
-0.47919 -0.171189 -0.860855 0.314374 0.868546 -0.233853 -0.436967 -0.0267288 0.12651 0.957083 -0.260745 0.417922 0 0 0 1 
-0.485283 -0.129627 -0.864695 0.324057 0.859214 -0.253955 -0.444137 -0.0592578 0.162021 0.958491 -0.234617 0.399765 0 0 0 1 
-0.492213 -0.0393362 -0.869586 0.342538 0.838259 -0.290679 -0.461332 -0.115885 0.234623 0.956012 -0.17605 0.354071 0 0 0 1 
-0.489231 0.0457524 -0.870953 0.350787 0.821642 -0.310737 -0.477855 -0.142509 0.292501 0.949394 -0.11443 0.313208 0 0 0 1 
-0.47791 0.106853 -0.871886 0.348187 0.818361 -0.306523 -0.486137 -0.12337 0.319198 0.945847 -0.0590458 0.290569 0 0 0 1 
-0.461494 0.163495 -0.871948 0.340321 0.82112 -0.293354 -0.489598 -0.084485 0.335836 0.94192 -0.00113192 0.272725 0 0 0 1 
-0.441573 0.217932 -0.870356 0.328721 0.82691 -0.277596 -0.489039 -0.0378384 0.348184 0.935653 0.0576313 0.256774 0 0 0 1 
-0.41988 0.27232 -0.865761 0.315076 0.832323 -0.264793 -0.486953 0.00456968 0.361854 0.925055 0.115477 0.240152 0 0 0 1 
-0.326542 0.199636 -0.923859 0.290252 0.867037 -0.325897 -0.37688 -0.0248945 0.376322 0.924087 0.0666731 0.242419 0 0 0 1 
-0.326542 0.199636 -0.923859 0.290252 0.867037 -0.325897 -0.37688 -0.0248945 0.376322 0.924087 0.0666731 0.242419 0 0 0 1 
-0.283938 0.133644 -0.949483 0.285284 0.883164 -0.349138 -0.313249 -0.0993579 0.373364 0.927492 0.0188962 0.249857 0 0 0 1 
-0.236967 0.0665361 -0.969237 0.276797 0.894267 -0.374923 -0.244376 -0.172464 0.379649 0.924665 -0.0293434 0.25547 0 0 0 1 
-0.206812 0.00760092 -0.978351 0.268392 0.901482 -0.387118 -0.19357 -0.210236 0.380208 0.921999 -0.0732084 0.267017 0 0 0 1 
-0.199102 -0.0481845 -0.978793 0.261477 0.910253 -0.379102 -0.166497 -0.204427 0.36304 0.924099 -0.11934 0.288571 0 0 0 1 
-0.200665 -0.106312 -0.973874 0.254035 0.920784 -0.359895 -0.150439 -0.176902 0.334499 0.926916 -0.170109 0.314189 0 0 0 1 
-0.206205 -0.15806 -0.965659 0.246292 0.930728 -0.336295 -0.143701 -0.140826 0.302033 0.928398 -0.216457 0.339211 0 0 0 1 
-0.211638 -0.195036 -0.95769 0.239304 0.937926 -0.316023 -0.142912 -0.109656 0.274779 0.928488 -0.249812 0.359122 0 0 0 1 
-0.21397 -0.209203 -0.954176 0.234681 0.94074 -0.307225 -0.143598 -0.0972048 0.263106 0.928357 -0.262543 0.369798 0 0 0 1 
-0.209613 -0.166834 -0.963446 0.241512 0.93332 -0.327896 -0.146279 -0.131091 0.291505 0.929866 -0.224441 0.352338 0 0 0 1 
-0.202109 -0.0759447 -0.976414 0.256136 0.916827 -0.365223 -0.161368 -0.189613 0.344354 0.927817 -0.143443 0.310217 0 0 0 1 
-0.205705 0.0066711 -0.978591 0.266799 0.902865 -0.384465 -0.192408 -0.214972 0.377518 0.923115 -0.0730632 0.276754 0 0 0 1 
-0.228971 0.0612224 -0.971506 0.275104 0.895642 -0.377691 -0.234893 -0.189252 0.38131 0.923905 -0.0316471 0.264336 0 0 0 1 
-0.261486 0.10914 -0.959017 0.282488 0.888405 -0.361186 -0.283338 -0.140018 0.377307 0.926085 0.00251532 0.25741 0 0 0 1 
-0.296216 0.154063 -0.942614 0.287804 0.879094 -0.34188 -0.332133 -0.0805621 0.37343 0.927029 0.0341658 0.251341 0 0 0 1 
-0.326542 0.199636 -0.923859 0.290252 0.867037 -0.325897 -0.37688 -0.0248945 0.376322 0.924087 0.0666731 0.242419 0 0 0 1 
-0.193586 0.219862 -0.956131 0.247148 0.9057 -0.334582 -0.260312 -0.0660702 0.377137 0.91636 0.134359 0.226719 0 0 0 1 
-0.193586 0.219862 -0.956131 0.247148 0.9057 -0.334582 -0.260312 -0.0660702 0.377137 0.91636 0.134359 0.226719 0 0 0 1 
-0.148841 0.15357 -0.976864 0.240255 0.912591 -0.359105 -0.195502 -0.137297 0.38082 0.920576 0.0866968 0.231611 0 0 0 1 
-0.100593 0.0859941 -0.991204 0.230053 0.913749 -0.38617 -0.126236 -0.20672 0.393628 0.918411 0.039731 0.234459 0 0 0 1 
-0.0703413 0.0267063 -0.997166 0.220895 0.913738 -0.399293 -0.0751501 -0.241814 0.400168 0.916434 -0.00368436 0.243635 0 0 0 1 
-0.063465 -0.0291883 -0.997557 0.214284 0.918824 -0.39186 -0.0469902 -0.234854 0.389531 0.919561 -0.0516885 0.263137 0 0 0 1 
-0.0665431 -0.0873516 -0.993953 0.207716 0.927331 -0.373094 -0.0292942 -0.206934 0.368278 0.923672 -0.105831 0.286757 0 0 0 1 
-0.0739181 -0.139122 -0.987512 0.201073 0.936601 -0.349777 -0.0208303 -0.170994 0.342511 0.926446 -0.156157 0.310142 0 0 0 1 
-0.0809372 -0.176122 -0.981035 0.195025 0.94392 -0.329646 -0.0186948 -0.140176 0.320101 0.927532 -0.192926 0.328991 0 0 0 1 
-0.0839376 -0.190302 -0.978131 0.190795 0.94693 -0.320887 -0.0188292 -0.127925 0.310286 0.927802 -0.207137 0.339299 0 0 0 1 
-0.077727 -0.147871 -0.985948 0.196593 0.939646 -0.341383 -0.0228768 -0.161552 0.333203 0.92822 -0.165481 0.323111 0 0 0 1 
-0.0671774 -0.0569276 -0.996116 0.209425 0.924835 -0.378179 -0.0407574 -0.220078 0.374389 0.92398 -0.0780538 0.283953 0 0 0 1 
-0.0692261 0.0257617 -0.997268 0.219267 0.914987 -0.396683 -0.0737618 -0.246551 0.3975 0.917594 -0.00388907 0.253443 0 0 0 1 
-0.0924409 0.0805818 -0.992452 0.228069 0.913768 -0.389111 -0.116706 -0.223004 0.395579 0.917659 0.0376633 0.243161 0 0 0 1 
-0.125655 0.128841 -0.983672 0.236561 0.913497 -0.371716 -0.165378 -0.176361 0.386954 0.919363 0.0709883 0.23818 0 0 0 1 
-0.161645 0.174083 -0.971373 0.243289 0.911261 -0.351479 -0.214631 -0.119485 0.378781 0.919868 0.10182 0.233927 0 0 0 1 
-0.193586 0.219862 -0.956131 0.247148 0.9057 -0.334582 -0.260312 -0.0660702 0.377137 0.91636 0.134359 0.226719 0 0 0 1 
-0.0228433 0.24263 -0.96985 0.185488 0.930756 -0.348948 -0.10922 -0.117012 0.364927 0.905189 0.217858 0.208549 0 0 0 1 
-0.0228433 0.24263 -0.96985 0.185488 0.930756 -0.348948 -0.10922 -0.117012 0.364927 0.905189 0.217858 0.208549 0 0 0 1 
0.0235943 0.175803 -0.984142 0.176184 0.925994 -0.374875 -0.0447659 -0.183677 0.3768 0.910254 0.171637 0.209909 0 0 0 1 
0.0723644 0.107492 -0.991569 0.16389 0.914775 -0.403306 0.0230391 -0.247958 0.397429 0.90873 0.127516 0.208983 0 0 0 1 
0.10212 0.0476916 -0.993628 0.153854 0.905771 -0.417421 0.0730558 -0.279315 0.411278 0.907461 0.0858248 0.214887 0 0 0 1 
0.107956 -0.00832041 -0.994121 0.14767 0.906088 -0.410652 0.101834 -0.270696 0.409085 0.911754 0.0367934 0.231435 0 0 0 1 
0.103262 -0.0664629 -0.992431 0.142245 0.911771 -0.392423 0.121149 -0.242138 0.397504 0.91738 -0.0200765 0.252096 0 0 0 1 
0.0939628 -0.118178 -0.988537 0.137035 0.919871 -0.369482 0.131607 -0.206295 0.380799 0.921693 -0.0739905 0.272991 0 0 0 1 
0.0852737 -0.155137 -0.984206 0.132215 0.927075 -0.349559 0.135423 -0.175894 0.365047 0.923981 -0.114015 0.29018 0 0 0 1 
0.0815655 -0.169302 -0.982183 0.128497 0.930221 -0.340867 0.136007 -0.16389 0.35782 0.924741 -0.129686 0.299895 0 0 0 1 
0.0897855 -0.126871 -0.987847 0.132936 0.923372 -0.361118 0.130304 -0.197231 0.373261 0.92385 -0.084726 0.285668 0 0 0 1 
0.103554 -0.0359957 -0.993972 0.143428 0.911186 -0.397228 0.109315 -0.255912 0.398768 0.917014 0.00833569 0.250975 0 0 0 1 
0.10322 0.0467252 -0.99356 0.152186 0.906811 -0.414867 0.0746968 -0.28404 0.408705 0.908682 0.0851934 0.224775 0 0 0 1 
0.0805116 0.10193 -0.991528 0.161555 0.913107 -0.406433 0.0323621 -0.263539 0.399691 0.907977 0.125796 0.217471 0 0 0 1 
0.0471565 0.150716 -0.987452 0.171389 0.921496 -0.388088 -0.0152278 -0.220511 0.385513 0.909215 0.157185 0.215146 0 0 0 1 
0.0104102 0.196477 -0.980453 0.179856 0.9281 -0.36685 -0.0636602 -0.167246 0.372187 0.909295 0.186169 0.213373 0 0 0 1 
-0.0228433 0.24263 -0.96985 0.185488 0.930756 -0.348948 -0.10922 -0.117012 0.364927 0.905189 0.217858 0.208549 0 0 0 1 
0.993124 -0.115901 0.0164916 -0.0178871 0.0308798 0.123468 -0.991868 0.0807178 -0.112922 -0.985557 -0.126198 0.162419 0 0 0 1 
0.993124 -0.115901 0.0164916 -0.0178871 0.0308798 0.123468 -0.991868 0.0807178 -0.112922 -0.985557 -0.126198 0.162419 0 0 0 1 
0.996407 -0.0838488 0.0119306 -0.0135786 0.0223398 0.124325 -0.99199 0.0373763 -0.0816939 -0.988692 -0.125752 0.161063 0 0 0 1 
0.998864 -0.0471756 0.00671181 -0.00880224 0.0125683 0.124967 -0.992081 -0.00611243 -0.0459632 -0.991039 -0.125418 0.160056 0 0 0 1 
0.999962 -0.00862302 0.00122566 -0.00379534 0.00229615 0.125253 -0.992122 -0.0258547 -0.00840156 -0.992087 -0.125269 0.159539 0 0 0 1 
0.99957 0.0290356 -0.00413333 0.00117346 -0.00773788 0.125151 -0.992108 -0.0146085 0.0282892 -0.991713 -0.125322 0.159555 0 0 0 1 
0.997971 0.0630297 -0.00897089 0.0058353 -0.0167956 0.124734 -0.992048 0.0120018 0.0614096 -0.990186 -0.125539 0.160044 0 0 0 1 
0.995802 0.0906253 -0.0128978 0.00994973 -0.0241482 0.124167 -0.991967 0.0436311 0.0882959 -0.988114 -0.125834 0.160851 0 0 0 1 
0.993906 0.109135 -0.0155317 0.0133208 -0.02908 0.123672 -0.991897 0.069963 0.10633 -0.986304 -0.126092 0.161756 0 0 0 1 
0.993124 0.115897 -0.0164941 0.0157933 -0.0308819 0.123468 -0.991868 0.0806924 0.112918 -0.985558 -0.126198 0.162512 0 0 0 1 
0.994126 0.107148 -0.0152489 0.0128861 -0.0285505 0.12373 -0.991905 0.0524501 0.104394 -0.986515 -0.126062 0.161629 0 0 0 1 
0.996433 0.0835513 -0.0118912 0.00432502 -0.0222634 0.124332 -0.991991 0.000307888 0.0814037 -0.988717 -0.125748 0.159916 0 0 0 1 
0.99877 0.0490859 -0.00698664 -0.00322602 -0.0130803 0.124942 -0.992078 -0.0279199 0.0478241 -0.990949 -0.125431 0.159442 0 0 0 1 
0.999969 0.00778761 -0.0011097 -0.00741913 -0.00207646 0.125255 -0.992122 -0.0160046 0.00758725 -0.992094 -0.125268 0.159712 0 0 0 1 
0.99933 -0.0362317 0.00515439 -0.0109586 0.0096523 0.125088 -0.992099 0.0129363 -0.0353007 -0.991484 -0.125354 0.16031 0 0 0 1 
0.996825 -0.0788291 0.0112163 -0.0142995 0.0210024 0.124434 -0.992006 0.0486191 -0.0768033 -0.989091 -0.125695 0.16119 0 0 0 1 
0.993124 -0.115901 0.0164916 -0.0178871 0.0308798 0.123468 -0.991868 0.0807178 -0.112922 -0.985557 -0.126198 0.162419 0 0 0 1 
0.984406 -0.168173 -0.0516074 0.0128739 0.0679914 0.634306 -0.770087 0.087932 -0.162243 -0.754569 -0.635848 0.114357 0 0 0 1 
0.984406 -0.168173 -0.0516074 0.0128739 0.0679914 0.634306 -0.770087 0.087932 -0.162243 -0.754569 -0.635848 0.114357 0 0 0 1 
0.983918 -0.178592 -0.00323281 0.00236318 0.0181876 0.118173 -0.992827 0.0797147 -0.177693 -0.976801 -0.11952 0.034867 0 0 0 1 
0.985971 -0.161262 0.043076 -0.00722604 -0.0320372 -0.436104 -0.899326 0.0175678 -0.163813 -0.885329 0.435152 -0.0504214 0 0 0 1 
0.989012 -0.131898 0.0667715 -0.0121374 -0.0593927 -0.768103 -0.637566 -0.0493819 -0.135381 -0.626594 0.767497 -0.0975296 0 0 0 1 
0.991807 -0.104129 0.0740095 -0.0133378 -0.0694207 -0.925628 -0.372013 -0.0857136 -0.107242 -0.363827 0.925272 -0.115017 0 0 0 1 
0.994438 -0.0768164 0.0720583 -0.0121821 -0.0700002 -0.993223 -0.0927724 -0.108557 -0.0786964 -0.0872122 0.993076 -0.117892 0 0 0 1 
0.996356 -0.0559651 0.0643594 -0.00952652 -0.0638313 -0.989783 0.127494 -0.115852 -0.0565666 0.131138 0.989749 -0.109843 0 0 0 1 
0.997338 -0.0449171 0.0574346 -0.00686137 -0.0571534 -0.970725 0.233294 -0.108479 -0.0452744 0.235955 0.970709 -0.100669 0 0 0 1 
0.997325 -0.0456856 0.0570656 -0.00559399 -0.0554514 -0.981481 0.18336 -0.08979 -0.0476319 0.186034 0.981388 -0.0983938 0 0 0 1 
0.994437 -0.0819484 0.0661778 -0.0084831 -0.0561173 -0.943865 -0.325532 -0.0305701 -0.0891397 -0.320007 0.943213 -0.095552 0 0 0 1 
0.989183 -0.141407 0.0389972 -0.00651836 -0.0144553 -0.358534 -0.933405 0.0227299 -0.145971 -0.922745 0.3567 -0.00835445 0 0 0 1 
0.986836 -0.161518 -0.00822517 0.00065013 0.037707 0.279241 -0.95948 0.00145282 -0.15727 -0.946539 -0.281655 0.087184 0 0 0 1 
