a
29
11
25
0
0
0.773529 -0.633271 -0.0249037 0.00966488 -0.0170241 0.0185184 -0.999684 -0.056685 -0.633532 -0.773709 -0.00354362 0.0539017 0 0 0 1 
0.77353 -0.632712 -0.0364327 0.0116278 -0.0170241 0.0367216 -0.999181 -0.0628858 -0.633531 -0.773516 -0.0176339 0.0664784 0 0 0 1 
0.773529 -0.631944 -0.0479496 0.0135864 -0.0170241 0.0549125 -0.998346 -0.0691431 -0.633532 -0.773066 -0.0317182 0.0790514 0 0 0 1 
0.773529 -0.633271 -0.0249037 0.00966488 -0.0170241 0.0185184 -0.999684 -0.056685 -0.633532 -0.773709 -0.00354362 0.0539017 0 0 0 1 
0.773529 -0.607563 0.180332 -0.0256463 -0.0170246 -0.30436 -0.952405 0.0452616 -0.633531 -0.733643 0.245775 -0.172194 0 0 0 1 
0.773529 -0.607563 0.180332 -0.0256463 -0.0170246 -0.30436 -0.952405 0.0452616 -0.633531 -0.733643 0.245775 -0.172194 0 0 0 1 
0.773529 -0.618398 0.138695 -0.0184246 -0.0170245 -0.239042 -0.97086 0.0256426 -0.633532 -0.748628 0.195434 -0.125519 0 0 0 1 
0.773529 -0.627797 0.0867347 -0.00945472 -0.0170244 -0.157391 -0.98739 0.000500232 -0.633532 -0.762298 0.132435 -0.06807 0 0 0 1 
0.77353 -0.632798 0.0349095 -0.000553513 -0.0170243 -0.0758105 -0.996977 -0.0254476 -0.633532 -0.770597 0.0694146 -0.0113239 0 0 0 1 
0.773529 -0.633733 -0.00588767 0.00642255 -0.0170242 -0.0114911 -0.999789 -0.0465894 -0.633532 -0.773466 0.0196775 0.0331694 0 0 0 1 
0.773529 -0.633271 -0.0249037 0.00966488 -0.0170241 0.0185184 -0.999684 -0.056685 -0.633532 -0.773709 -0.00354362 0.0539017 0 0 0 1 
0.832445 -0.526943 0.171365 -0.0249249 0.0910319 -0.175007 -0.98035 -0.057941 -0.546578 -0.831687 0.0977152 0.0372461 0 0 0 1 
0.62377 -0.780857 0.0342456 0.00102988 -0.0201938 -0.0599001 -0.998 -0.0620894 -0.781347 -0.621831 0.0531324 0.0527657 0 0 0 1 
0.33596 -0.935719 -0.107516 0.0267207 -0.0831567 0.0842378 -0.99297 -0.0703914 -0.938198 -0.342539 0.0495107 0.0606046 0 0 0 1 
0.226811 -0.947867 -0.223841 0.0466651 -0.100946 0.205714 -0.973392 -0.0631445 -0.968693 -0.243372 0.0490249 0.0393042 0 0 0 1 
0.956913 -0.288192 0.0355228 -0.0041471 0.0810041 0.147463 -0.985745 0.0463221 -0.278845 -0.94615 -0.164454 -0.0998026 0 0 0 1 
0.956913 -0.288192 0.0355228 -0.0041471 0.0810041 0.147463 -0.985745 0.0463221 -0.278845 -0.94615 -0.164454 -0.0998026 0 0 0 1 
0.938507 -0.341258 0.0524193 -0.00649103 0.0842351 0.0790807 -0.993303 0.0262264 -0.334827 -0.936637 -0.102964 -0.0724997 0 0 0 1 
0.910747 -0.404876 0.0813391 -0.0107827 0.0872507 -0.00386533 -0.996179 0.000455916 -0.403643 -0.914363 -0.0318054 -0.0383586 0 0 0 1 
0.877681 -0.46436 0.118519 -0.0165298 0.0893931 -0.0843354 -0.99242 -0.0260943 -0.470835 -0.881622 0.032509 -0.00380753 0 0 0 1 
0.847777 -0.507679 0.153416 -0.0220528 0.0906032 -0.14638 -0.985071 -0.0476638 -0.522556 -0.84902 0.0781 0.02402 0 0 0 1 
0.832445 -0.526943 0.171365 -0.0249249 0.0910319 -0.175007 -0.98035 -0.057941 -0.546579 -0.831687 0.0977152 0.0372461 0 0 0 1 
0.787208 -0.612614 -0.0707706 0.0145125 -0.0525229 0.0477392 -0.997478 -0.0562993 -0.614447 -0.788939 -0.00540444 0.0537693 0 0 0 1 
0.712427 -0.686915 -0.143508 0.0207608 -0.057718 0.146451 -0.987533 -0.0617233 -0.699368 -0.711828 -0.0646883 0.0722675 0 0 0 1 
0.628973 -0.745701 -0.219826 0.0276674 -0.0496594 0.243646 -0.968592 -0.0680628 -0.77584 -0.620135 -0.116216 0.0903205 0 0 0 1 
0.649556 -0.711701 -0.267506 0.0312936 -0.0329904 0.325123 -0.945096 -0.0555158 -0.759598 -0.622718 -0.187706 0.074718 0 0 0 1 
0.989486 -0.137999 0.0432744 -0.00254491 0.0928289 0.376566 -0.921727 0.0566226 -0.110902 -0.916054 -0.385417 -0.115123 0 0 0 1 
0.989486 -0.137999 0.0432744 -0.00254491 0.0928289 0.376566 -0.921727 0.0566226 -0.110902 -0.916054 -0.385417 -0.115123 0 0 0 1 
0.973121 -0.230219 -0.00584238 0.00368421 0.0653369 0.300324 -0.951597 0.0351242 -0.220831 -0.925637 -0.307293 -0.0807298 0 0 0 1 
0.934885 -0.351517 -0.0492545 0.00947236 0.0283401 0.212243 -0.976806 0.00724509 -0.353818 -0.911805 -0.208384 -0.0383236 0 0 0 1 
0.877372 -0.474426 -0.0716809 0.0130537 -0.00960648 0.131995 -0.991204 -0.021646 -0.479714 -0.870343 -0.111251 0.00401739 0 0 0 1 
0.81883 -0.569219 -0.0742146 0.0143611 -0.0391283 0.0736391 -0.996517 -0.0451295 -0.572701 -0.818882 -0.0380253 0.03779 0 0 0 1 
0.787207 -0.612614 -0.0707706 0.0145125 -0.0525229 0.0477392 -0.997478 -0.0562993 -0.614447 -0.788939 -0.00540442 0.0537693 0 0 0 1 
0.835247 -0.548303 0.0415464 0.0187075 0.0899458 0.0616967 -0.994034 -0.0558123 -0.542468 -0.834001 -0.100849 0.0504913 0 0 0 1 
0.84172 -0.5399 -0.00384475 0.0276886 0.118519 0.191713 -0.974269 -0.0602128 -0.526745 -0.819606 -0.225357 0.065969 0 0 0 1 
0.853025 -0.518627 -0.0580866 0.0371469 0.131434 0.321218 -0.93784 -0.0653404 -0.505048 -0.792367 -0.342172 0.0809554 0 0 0 1 
0.905901 -0.407791 -0.114235 0.042522 0.115396 0.497238 -0.859906 -0.0491923 -0.407463 -0.765808 -0.497506 0.0642059 0 0 0 1 
0.971207 -0.129404 0.200027 0.00123743 0.20782 0.870691 -0.445766 0.0799261 0.116477 -0.474501 -0.872515 -0.115052 0 0 0 1 
0.971207 -0.129404 0.200027 0.00123744 0.20782 0.870691 -0.445766 0.0799261 0.116477 -0.474501 -0.872515 -0.115052 0 0 0 1 
0.979374 -0.169092 0.110608 0.00787643 0.200611 0.748416 -0.632162 0.0537114 -0.0241131 -0.641312 -0.766901 -0.0839914 0 0 0 1 
0.963938 -0.264475 0.029592 0.013467 0.17717 0.55478 -0.812914 0.0196416 -0.198578 -0.788842 -0.581631 -0.0436838 0 0 0 1 
0.920014 -0.391886 -0.000350365 0.0167695 0.141509 0.333048 -0.932231 -0.0151927 -0.365445 -0.857616 -0.361864 -0.00133063 0 0 0 1 
0.866183 -0.499366 0.0190043 0.0182594 0.107226 0.148578 -0.98307 -0.042882 -0.488088 -0.853557 -0.182241 0.0336659 0 0 0 1 
0.835247 -0.548303 0.0415464 0.0187075 0.0899457 0.0616966 -0.994034 -0.0558123 -0.542468 -0.834001 -0.100849 0.0504913 0 0 0 1 
0.835247 -0.548136 0.0436902 0.0190304 0.0899465 0.05781 -0.994267 -0.055812 -0.542468 -0.834389 -0.0975887 0.0509885 0 0 0 1 
0.845696 -0.533657 0.00299743 0.0286688 0.0920627 0.140356 -0.985812 -0.0615008 -0.525664 -0.833973 -0.167829 0.0748094 0 0 0 1 
0.857915 -0.511418 -0.0493311 0.0384082 0.0781977 0.224864 -0.971247 -0.0695371 -0.507806 -0.82939 -0.232906 0.0978335 0 0 0 1 
0.905926 -0.408182 -0.112631 0.0427684 0.042878 0.353056 -0.934619 -0.0592119 -0.421259 -0.841866 -0.337345 0.089141 0 0 0 1 
0.983324 -0.0662913 0.169347 -0.0039796 0.165016 0.716635 -0.677646 0.0462177 0.0764379 -0.694291 -0.715623 -0.089307 0 0 0 1 
0.983324 -0.0662913 0.169347 -0.0039796 0.165016 0.716635 -0.677646 0.0462176 0.076438 -0.694291 -0.715623 -0.089307 0 0 0 1 
0.985931 -0.135602 0.0977383 0.00562429 0.159427 0.587114 -0.79365 0.0307256 -0.0502369 -0.798066 -0.600472 -0.0573739 0 0 0 1 
0.967124 -0.251294 0.0390132 0.0147737 0.142003 0.406379 -0.902602 0.00740893 -0.210964 -0.878469 -0.428703 -0.0197188 0 0 0 1 
0.922219 -0.386001 0.0227339 0.0202108 0.116842 0.222144 -0.967988 -0.0196003 -0.368594 -0.895352 -0.249966 0.0159522 0 0 0 1 
0.867747 -0.495528 0.0383106 0.0211474 0.0950008 0.0897115 -0.991427 -0.0436131 -0.487843 -0.863947 -0.124922 0.0424378 0 0 0 1 
0.835247 -0.548136 0.0436902 0.0190304 0.0899465 0.05781 -0.994267 -0.055812 -0.542468 -0.834388 -0.0975887 0.0509885 0 0 0 1 
0.453217 -0.878932 -0.14857 -0.0354131 -0.284275 0.015454 -0.958618 -0.0711484 -0.844856 -0.476697 0.242855 0.0916611 0 0 0 1 
0.560138 -0.80143 -0.209656 -0.0222848 -0.167116 0.138563 -0.976152 -0.0765254 -0.811368 -0.581817 0.0563177 0.0968334 0 0 0 1 
0.666014 -0.695773 -0.268935 -0.0071466 -0.0901653 0.282798 -0.954932 -0.0802769 -0.74047 -0.660247 -0.125613 0.102953 0 0 0 1 
0.783729 -0.543088 -0.301373 0.00589981 -0.0112909 0.472683 -0.88116 -0.0594852 -0.621001 -0.693993 -0.364324 0.0739317 0 0 0 1 
0.831075 -0.52641 0.17946 -0.0159238 0.544853 0.705897 -0.452597 0.0940029 -0.111572 -0.473922 -0.87347 -0.127272 0 0 0 1 
0.831075 -0.52641 0.17946 -0.0159238 0.544854 0.705897 -0.452598 0.0940028 -0.111572 -0.473922 -0.87347 -0.127272 0 0 0 1 
0.817345 -0.575506 0.0272022 -0.019963 0.439998 0.593021 -0.674335 0.0575068 -0.371952 -0.563133 -0.737925 -0.0967979 0 0 0 1 
0.73674 -0.66599 -0.116925 -0.0271444 0.244061 0.42318 -0.872555 0.0120924 -0.630594 -0.614309 -0.474316 -0.0476645 0 0 0 1 
0.610865 -0.770232 -0.183268 -0.0332178 0.00635397 0.236238 -0.971675 -0.0298577 -0.791709 -0.592398 -0.149204 0.0122078 0 0 0 1 
0.50204 -0.84758 -0.171941 -0.0353321 -0.19089 0.0853093 -0.977897 -0.0589752 -0.843514 -0.523766 0.118966 0.0652325 0 0 0 1 
0.453217 -0.878932 -0.14857 -0.0354131 -0.284275 0.015454 -0.958618 -0.0711484 -0.844856 -0.476697 0.242855 0.0916611 0 0 0 1 
-0.182952 -0.926363 0.32921 -0.0597633 -0.522567 -0.192008 -0.830696 -0.0903971 -0.832737 0.324013 0.448959 0.134826 0 0 0 1 
-0.0679718 -0.99155 -0.110493 -0.0978735 -0.203982 0.122221 -0.971315 -0.0811846 -0.976612 0.0434837 0.210566 0.105965 0 0 0 1 
0.178776 -0.860451 -0.47714 -0.103565 0.064127 0.494112 -0.86703 -0.0439875 -0.981798 -0.124406 -0.143514 0.0775278 0 0 0 1 
0.415365 -0.691311 -0.591237 -0.0848307 0.177258 0.699009 -0.692795 -0.00507549 -0.892217 -0.182961 -0.412885 0.0399755 0 0 0 1 
0.285935 -0.953077 -0.0994273 -0.134208 0.0180832 0.109108 -0.993865 -0.05934 -0.958078 -0.282383 -0.0484321 -0.130205 0 0 0 1 
0.285935 -0.953077 -0.0994273 -0.134208 0.0180831 0.109108 -0.993866 -0.0593401 -0.958078 -0.282383 -0.0484321 -0.130205 0 0 0 1 
0.173149 -0.98383 -0.0458021 -0.124294 -0.0951768 0.0295725 -0.995021 -0.0673852 -0.980286 -0.176646 0.0885174 -0.0637277 0 0 0 1 
0.0393547 -0.998016 0.0491438 -0.105894 -0.235141 -0.0570506 -0.970285 -0.0744058 -0.971164 -0.0266297 0.23692 0.0102099 0 0 0 1 
-0.0783511 -0.982465 0.169187 -0.0842048 -0.371098 -0.12877 -0.919622 -0.0807926 -0.925282 0.134838 0.354501 0.0733997 0 0 0 1 
-0.154614 -0.94843 0.276722 -0.0672505 -0.474485 -0.174391 -0.862816 -0.0869979 -0.866578 0.264704 0.423053 0.116282 0 0 0 1 
-0.182953 -0.926363 0.329211 -0.0597633 -0.522567 -0.192008 -0.830696 -0.0903971 -0.832737 0.324013 0.448958 0.134826 0 0 0 1 
-0.534103 0.620871 0.573806 -0.172926 -0.845003 -0.370747 -0.385378 -0.183656 0.0265325 0.690699 -0.722655 0.384085 0 0 0 1 
-0.747794 0.283222 0.600491 -0.305497 -0.574185 -0.729973 -0.370742 -0.183952 -0.33334 0.622032 -0.708492 0.290542 0 0 0 1 
-0.758379 -0.111763 0.642161 -0.383065 -0.172804 -0.915464 -0.363407 -0.104005 -0.628491 0.386568 -0.674955 0.177617 0 0 0 1 
-0.573806 -0.472383 0.669031 -0.37604 0.16991 -0.867785 -0.466991 0.00320419 -0.801173 0.154287 -0.578202 0.0643989 0 0 0 1 
-0.23152 -0.799373 0.554438 -0.286806 -0.0393462 -0.561762 -0.826363 -0.0716955 -0.972034 0.213135 -0.0986067 -0.137592 0 0 0 1 
-0.23152 -0.799373 0.554438 -0.286806 -0.0393464 -0.561762 -0.826363 -0.0716955 -0.972034 0.213135 -0.0986066 -0.137592 0 0 0 1 
-0.431028 -0.584639 0.687323 -0.30393 -0.239299 -0.660377 -0.711785 -0.105008 -0.87003 0.471275 -0.144737 -0.0357451 0 0 0 1 
-0.596402 -0.221783 0.771438 -0.297291 -0.481115 -0.670532 -0.564726 -0.142372 -0.64252 0.707954 -0.293203 0.101586 0 0 0 1 
-0.642202 0.186746 0.74344 -0.257155 -0.685514 -0.573901 -0.448005 -0.169928 -0.342998 0.797348 -0.496577 0.239553 0 0 0 1 
-0.58692 0.493712 0.641696 -0.203485 -0.804685 -0.443302 -0.394926 -0.18193 -0.0894857 0.748153 -0.657465 0.340692 0 0 0 1 
-0.534103 0.620871 0.573806 -0.172925 -0.845003 -0.370747 -0.385378 -0.183656 0.0265326 0.690699 -0.722655 0.384085 0 0 0 1 
-0.161012 0.518186 0.839975 -0.082453 -0.925546 -0.374793 0.0537974 -0.278471 -0.342694 0.768774 -0.539951 0.226924 0 0 0 1 
-0.416524 0.29353 0.860435 -0.227719 -0.748069 -0.64849 -0.140903 -0.27924 -0.516624 0.702354 -0.489693 0.193591 0 0 0 1 
-0.560198 0.0358738 0.827582 -0.339639 -0.458697 -0.845341 -0.273853 -0.217756 -0.689765 0.533021 -0.490014 0.129513 0 0 0 1 
-0.557836 -0.256444 0.789339 -0.386418 -0.188422 -0.887102 -0.421365 -0.130377 -0.80828 0.383781 -0.446537 0.044294 0 0 0 1 
-0.275909 -0.725786 0.630165 -0.31318 -0.374965 -0.522395 -0.765836 -0.198923 -0.885028 0.447591 0.128012 -0.138768 0 0 0 1 
-0.275909 -0.725786 0.630166 -0.31318 -0.374965 -0.522395 -0.765836 -0.198923 -0.885028 0.447591 0.128012 -0.138768 0 0 0 1 
-0.308221 -0.522875 0.794733 -0.276186 -0.562956 -0.573178 -0.595439 -0.235967 -0.766864 0.630927 0.11769 -0.0373731 0 0 0 1 
-0.293272 -0.209955 0.93269 -0.214522 -0.737243 -0.571443 -0.360452 -0.262656 -0.608658 0.79333 -0.0128006 0.0720357 0 0 0 1 
-0.239074 0.135471 0.961505 -0.148299 -0.850474 -0.507036 -0.140028 -0.274016 -0.468548 0.851212 -0.236434 0.156473 0 0 0 1 
-0.186009 0.402625 0.896267 -0.101324 -0.906344 -0.422536 0.00171295 -0.277526 -0.379395 0.812008 -0.443512 0.206669 0 0 0 1 
-0.161012 0.518186 0.839975 -0.082453 -0.925546 -0.374793 0.0537974 -0.278471 -0.342694 0.768774 -0.539951 0.226924 0 0 0 1 
-0.36633 0.513762 0.77579 -0.146481 -0.855308 -0.514235 -0.0633298 -0.227298 -0.366402 0.686739 -0.627805 0.236459 0 0 0 1 
-0.585033 0.252384 0.770739 -0.272478 -0.610396 -0.762766 -0.213551 -0.211962 -0.533996 0.595391 -0.600298 0.210307 0 0 0 1 
-0.681271 -0.0256685 0.731581 -0.365158 -0.27748 -0.91575 -0.290529 -0.145813 -0.677403 0.400928 -0.616752 0.160852 0 0 0 1 
-0.628881 -0.31505 0.710812 -0.396721 0.0156532 -0.91917 -0.39355 -0.0591642 -0.777344 0.236369 -0.58298 0.0846897 0 0 0 1 
-0.258014 -0.738998 0.622342 -0.304776 -0.167799 -0.600087 -0.782138 -0.117259 -0.951458 0.306231 -0.0308273 -0.130428 0 0 0 1 
-0.258014 -0.738998 0.622342 -0.304776 -0.167799 -0.600087 -0.782138 -0.117259 -0.951458 0.306231 -0.0308271 -0.130428 0 0 0 1 
-0.345838 -0.538403 0.768452 -0.28486 -0.370207 -0.674249 -0.639011 -0.154009 -0.862174 0.505481 -0.0338606 -0.0414727 0 0 0 1 
-0.399983 -0.222657 0.889065 -0.24564 -0.577234 -0.692281 -0.433068 -0.18695 -0.711909 0.686419 -0.148376 0.0615751 0 0 0 1 
-0.403708 0.127755 0.905924 -0.198774 -0.731849 -0.639305 -0.235979 -0.209027 -0.549014 0.758267 -0.35159 0.15032 0 0 0 1 
-0.382063 0.39763 0.834217 -0.162303 -0.821238 -0.560044 -0.109174 -0.222052 -0.423787 0.726803 -0.540521 0.210319 0 0 0 1 
-0.36633 0.513762 0.77579 -0.146481 -0.855308 -0.514235 -0.0633298 -0.227298 -0.366402 0.686739 -0.627805 0.236459 0 0 0 1 
-0.36633 0.513762 0.77579 -0.146481 -0.855308 -0.514235 -0.0633298 -0.227298 -0.366402 0.686739 -0.627804 0.236459 0 0 0 1 
-0.585033 0.252384 0.770739 -0.272478 -0.610396 -0.762766 -0.213551 -0.211962 -0.533996 0.595391 -0.600298 0.210307 0 0 0 1 
-0.681271 -0.0256685 0.731581 -0.365158 -0.27748 -0.91575 -0.290529 -0.145813 -0.677403 0.400928 -0.616752 0.160852 0 0 0 1 
-0.628881 -0.31505 0.710812 -0.396721 0.0156532 -0.91917 -0.39355 -0.0591642 -0.777344 0.236369 -0.58298 0.0846897 0 0 0 1 
-0.258014 -0.738998 0.622342 -0.304776 -0.167799 -0.600087 -0.782138 -0.117259 -0.951458 0.306231 -0.0308272 -0.130428 0 0 0 1 
-0.258014 -0.738999 0.622342 -0.304776 -0.167799 -0.600087 -0.782138 -0.117259 -0.951458 0.306231 -0.030827 -0.130428 0 0 0 1 
-0.345838 -0.538403 0.768452 -0.28486 -0.370207 -0.674249 -0.639012 -0.154009 -0.862174 0.505481 -0.0338604 -0.0414728 0 0 0 1 
-0.399983 -0.222657 0.889065 -0.24564 -0.577234 -0.692281 -0.433068 -0.18695 -0.711909 0.686419 -0.148376 0.0615751 0 0 0 1 
-0.403708 0.127755 0.905924 -0.198774 -0.731849 -0.639305 -0.235979 -0.209027 -0.549014 0.758267 -0.35159 0.15032 0 0 0 1 
-0.382063 0.39763 0.834217 -0.162303 -0.821238 -0.560044 -0.109174 -0.222052 -0.423787 0.726803 -0.540521 0.210319 0 0 0 1 
-0.36633 0.513762 0.77579 -0.146481 -0.855308 -0.514235 -0.0633298 -0.227298 -0.366402 0.686739 -0.627805 0.236459 0 0 0 1 
0.657372 -0.738439 -0.150235 -0.00376991 -0.182826 0.0371224 -0.982444 -0.0402641 -0.731052 -0.673298 0.110603 0.0945279 0 0 0 1 
0.64905 -0.75298 -0.108416 0.0185873 0.012638 0.153166 -0.98812 -0.057398 -0.760641 -0.639969 -0.108929 0.098535 0 0 0 1 
0.649252 -0.756486 -0.0787456 0.0407071 0.198074 0.268136 -0.942799 -0.0704484 -0.734329 -0.596516 -0.323928 0.0989288 0 0 0 1 
0.767796 -0.638743 -0.0499679 0.0554208 0.319204 0.448984 -0.834579 -0.0568664 -0.555516 -0.624836 -0.548618 0.0666879 0 0 0 1 
0.949831 0.00277366 0.312751 0.0213635 0.139717 0.890877 -0.432225 0.0858361 0.279822 -0.454237 -0.845794 -0.119256 0 0 0 1 
0.949831 0.00277365 0.312752 0.0213635 0.139717 0.890877 -0.432224 0.0858361 0.279822 -0.454237 -0.845794 -0.119256 0 0 0 1 
0.983499 -0.11416 0.140343 0.0130128 0.177518 0.758502 -0.627026 0.0558509 0.0348692 -0.641593 -0.766252 -0.0869774 0 0 0 1 
0.951585 -0.30408 -0.0449649 0.00234107 0.135716 0.546873 -0.826142 0.0197017 -0.275803 -0.780042 -0.561664 -0.0365318 0 0 0 1 
0.843155 -0.514245 -0.156978 -0.00460473 0.0121781 0.310149 -0.95061 -0.0115657 -0.537534 -0.799599 -0.267766 0.0226403 0 0 0 1 
0.720441 -0.671626 -0.172868 -0.00560816 -0.122636 0.12196 -0.984929 -0.0316107 -0.682587 -0.730784 -0.00549943 0.0722039 0 0 0 1 
0.657371 -0.738439 -0.150235 -0.00376992 -0.182826 0.0371224 -0.982444 -0.0402641 -0.731052 -0.673297 0.110603 0.0945279 0 0 0 1 
0.980948 -0.103697 -0.164277 -0.0377971 -0.139667 0.211321 -0.967386 -0.0409636 -0.13503 -0.9719 -0.192812 -0.0310865 0 0 0 1 
0.735862 -0.50638 -0.44954 -0.033503 -0.227745 0.440124 -0.868575 -0.00410555 -0.637683 -0.741532 -0.208545 0.0670349 0 0 0 1 
0.268761 -0.687822 -0.674291 0.0149735 -0.15809 0.659054 -0.735292 0.0118882 -0.950145 -0.304216 -0.0683902 0.166878 0 0 0 1 
0.176427 -0.630985 -0.755468 0.0425689 -0.177718 0.734474 -0.654954 0.0388821 -0.968137 -0.249812 -0.017444 0.198887 0 0 0 1 
0.42345 0.869796 0.253266 0.100142 0.161283 0.202721 -0.965864 0.000389814 0.891447 -0.449843 0.0544409 -0.0833227 0 0 0 1 
0.42345 0.869797 0.253266 0.100142 0.161282 0.202721 -0.965864 0.000389844 0.891447 -0.449843 0.0544408 -0.0833228 0 0 0 1 
0.645266 0.744766 0.17016 0.0780161 0.0974486 0.140674 -0.985249 0.0084289 0.757717 -0.65233 -0.0181963 -0.0863122 0 0 0 1 
0.853467 0.517523 0.0613481 0.0443527 0.00376323 0.111594 -0.993747 0.00761743 0.521133 -0.848361 -0.0932943 -0.0836508 0 0 0 1 
0.969693 0.239776 -0.0469535 0.00638846 -0.0810698 0.134466 -0.987596 -0.00702208 0.230488 -0.961471 -0.14983 -0.0683224 0 0 0 1 
0.991719 0.00550275 -0.128305 -0.0241182 -0.12715 0.182408 -0.974967 -0.0286031 -0.0180386 -0.983208 -0.181598 -0.0450844 0 0 0 1 
0.980948 -0.103697 -0.164277 -0.0377972 -0.139667 0.211321 -0.967386 -0.0409636 -0.135031 -0.9719 -0.192812 -0.0310865 0 0 0 1 
0.95539 0.177085 -0.236369 -0.0322007 -0.166012 -0.339932 -0.925681 -0.0295981 0.244273 -0.923627 0.295369 -0.142205 0 0 0 1 
0.96455 -0.175808 -0.196812 -0.102505 -0.262911 -0.575656 -0.774272 0.0129294 -0.0228277 -0.798568 0.601471 -0.112189 0 0 0 1 
0.913465 -0.387146 0.1253 -0.175351 -0.22719 -0.740687 -0.632272 0.0413918 -0.33759 -0.549091 0.764547 -0.0104232 0 0 0 1 
0.910004 -0.379538 0.166862 -0.173389 -0.243188 -0.814594 -0.52659 0.0683194 -0.335786 -0.43862 0.833583 0.0154296 0 0 0 1 
0.185368 0.979988 -0.072545 0.168954 0.11195 -0.0944039 -0.98922 0.0167785 0.976272 -0.175248 0.127209 -0.109929 0 0 0 1 
0.185368 0.979988 -0.0725449 0.168954 0.111949 -0.0944039 -0.98922 0.0167786 0.976272 -0.175248 0.127209 -0.109929 0 0 0 1 
0.408351 0.898665 -0.16016 0.146196 0.0676346 -0.20476 -0.976473 0.0194375 0.910316 -0.387912 0.144395 -0.132648 0 0 0 1 
0.649235 0.723837 -0.233566 0.102637 -0.00929366 -0.299514 -0.954046 0.0141685 0.760531 -0.621571 0.187728 -0.155091 0 0 0 1 
0.831827 0.48968 -0.261302 0.0449964 -0.0910068 -0.344082 -0.934519 -0.000933439 0.547524 -0.801138 0.241652 -0.161999 0 0 0 1 
0.926932 0.279272 -0.250608 -0.0070159 -0.145971 -0.346893 -0.926476 -0.0195814 0.345673 -0.895362 0.280781 -0.151912 0 0 0 1 
0.95539 0.177085 -0.236369 -0.0322008 -0.166012 -0.339932 -0.925681 -0.0295981 0.244273 -0.923627 0.295369 -0.142205 0 0 0 1 
0.974806 0.121157 0.18728 -0.103594 0.202249 -0.126023 -0.971192 -0.150286 0.0940649 -0.984601 0.147351 -0.0675522 0 0 0 1 
0.999313 -0.0324982 -0.0178314 -0.140353 -0.0319193 -0.509806 -0.859697 -0.0548629 -0.0188483 -0.859675 0.510493 -0.100458 0 0 0 1 
0.990817 -0.0708492 0.115159 -0.197902 0.0157955 -0.785231 -0.619002 -0.0466369 -0.134282 -0.615137 0.776901 -0.0845541 0 0 0 1 
0.993432 0.0874115 0.0738427 -0.184053 0.111759 -0.879731 -0.462151 -0.0670771 -0.0245643 -0.467367 0.883721 -0.102043 0 0 0 1 
-0.193833 0.964812 0.177671 0.264559 0.480927 0.251302 -0.839975 -0.132264 0.855066 0.077368 0.512714 -0.12295 0 0 0 1 
-0.193833 0.964812 0.177671 0.264559 0.480927 0.251302 -0.839975 -0.132264 0.855066 0.077368 0.512714 -0.12295 0 0 0 1 
0.143524 0.97047 0.19388 0.186704 0.477548 0.103676 -0.872467 -0.137562 0.866804 -0.217807 0.448566 -0.161571 0 0 0 1 
0.52729 0.825131 0.202791 0.0806819 0.410788 -0.0386365 -0.910912 -0.137692 0.743786 -0.563619 0.359327 -0.174536 0 0 0 1 
0.814019 0.545153 0.200452 -0.01793 0.310077 -0.116044 -0.943603 -0.138543 0.491147 -0.830266 0.263502 -0.145734 0 0 0 1 
0.945495 0.262705 0.19242 -0.080643 0.232501 -0.130885 -0.963749 -0.145089 0.227997 -0.955958 0.18483 -0.0965783 0 0 0 1 
0.974806 0.121157 0.18728 -0.103594 0.202249 -0.126023 -0.971192 -0.150286 0.0940647 -0.984601 0.147351 -0.0675522 0 0 0 1 
0.987099 0.150621 -0.0543016 -0.0533233 -0.0309839 -0.153043 -0.987733 -0.058038 0.157084 -0.976674 0.146401 -0.0912449 0 0 0 1 
0.96684 -0.0090723 -0.255222 -0.0740516 -0.219792 -0.538456 -0.813484 0.00590557 0.130045 -0.842604 0.522596 -0.159699 0 0 0 1 
0.991454 -0.0432163 -0.123094 -0.143965 -0.107579 -0.804581 -0.584017 -0.0077851 0.0738001 -0.592268 0.802354 -0.169287 0 0 0 1 
0.979222 0.113615 -0.167978 -0.123673 0.0258681 -0.891536 -0.452212 -0.0367509 0.201136 -0.43847 0.87595 -0.185905 0 0 0 1 
-0.175927 0.965208 0.193449 0.254178 0.259023 0.234978 -0.936853 -0.0260464 0.949714 0.11471 0.291351 -0.108521 0 0 0 1 
-0.175927 0.965208 0.193449 0.254178 0.259023 0.234978 -0.936853 -0.0260464 0.949714 0.11471 0.29135 -0.108522 0 0 0 1 
0.155242 0.979493 0.12843 0.197142 0.252608 0.0863242 -0.96371 -0.0314729 0.955034 -0.182051 0.234026 -0.146259 0 0 0 1 
0.534431 0.843779 0.049201 0.112899 0.183083 -0.0587387 -0.981341 -0.0352875 0.825145 -0.533466 0.185874 -0.16596 0 0 0 1 
0.820938 0.57084 -0.0142286 0.0282625 0.0799475 -0.139576 -0.986979 -0.0413703 0.565392 -0.809111 0.16022 -0.150417 0 0 0 1 
0.955458 0.291517 -0.0460245 -0.0302014 0.000307348 -0.15693 -0.98761 -0.051571 0.295128 -0.943605 0.150029 -0.114134 0 0 0 1 
0.987099 0.150621 -0.0543018 -0.0533234 -0.0309839 -0.153043 -0.987734 -0.0580379 0.157083 -0.976674 0.146402 -0.0912449 0 0 0 1 
0.916807 0.177019 -0.357952 0.0566927 -0.323449 -0.196508 -0.925616 0.0370131 0.234191 -0.964391 0.122903 -0.114356 0 0 0 1 
0.843017 0.00825056 -0.537823 0.0507132 -0.434331 -0.579388 -0.689685 0.0542245 0.317298 -0.81501 0.484851 -0.221111 0 0 0 1 
0.908013 -0.0194039 -0.418492 -0.0311702 -0.246827 -0.831922 -0.496973 0.0217454 0.338509 -0.554554 0.760186 -0.259162 0 0 0 1 
0.876276 0.134911 -0.462536 -0.00363485 -0.076169 -0.909136 -0.409475 -0.00935259 0.475751 -0.394044 0.786378 -0.266604 0 0 0 1 
-0.148346 0.967103 0.206655 0.239997 -0.047919 0.201692 -0.978276 0.102882 0.987774 0.155026 -0.0164224 -0.0388888 0 0 0 1 
-0.148346 0.967103 0.206655 0.239997 -0.0479192 0.201692 -0.978276 0.102882 0.987774 0.155026 -0.0164224 -0.0388889 0 0 0 1 
0.146505 0.988267 0.0431929 0.223812 -0.0560742 0.0518906 -0.997077 0.0959178 0.987619 -0.143654 -0.0630186 -0.0774647 0 0 0 1 
0.48891 0.860431 -0.143611 0.183096 -0.121639 -0.0957767 -0.987942 0.0832624 0.863811 -0.500484 -0.0578358 -0.114089 0 0 0 1 
0.753552 0.593524 -0.282648 0.127525 -0.218191 -0.179772 -0.959205 0.0652514 0.620123 -0.784482 0.00596668 -0.129177 0 0 0 1 
0.883411 0.317152 -0.344963 0.0791975 -0.293469 -0.199466 -0.934927 0.046564 0.365323 -0.927161 0.0831362 -0.122723 0 0 0 1 
0.916807 0.177018 -0.357952 0.0566927 -0.323449 -0.196508 -0.925616 0.0370131 0.234191 -0.964391 0.122903 -0.114356 0 0 0 1 
0.968937 -0.242346 0.0492863 0.0179418 0.105976 0.226814 -0.968155 -0.0500698 -0.22345 -0.943304 -0.245452 0.0111768 0 0 0 1 
0.983115 -0.18144 -0.0237449 0.018228 0.0361517 0.319791 -0.946798 -0.0523112 -0.179381 -0.929953 -0.320951 0.0334404 0 0 0 1 
0.989272 -0.113408 -0.0920804 0.0231343 -0.0385431 0.405363 -0.913343 -0.0551564 -0.140906 -0.907094 -0.396644 0.0533756 0 0 0 1 
0.99056 -0.0542101 -0.125907 0.0360155 -0.0727734 0.570409 -0.818131 -0.0289499 -0.11617 -0.81957 -0.561079 0.0271821 0 0 0 1 
0.979269 -0.165174 -0.117262 -0.0823897 0.135032 0.963796 -0.229922 0.167875 -0.150993 -0.209322 -0.966119 -0.162957 0 0 0 1 
0.979269 -0.165174 -0.117262 -0.0823897 0.135033 0.963796 -0.229923 0.167875 -0.150993 -0.209322 -0.966119 -0.162957 0 0 0 1 
0.979708 -0.181484 -0.085061 -0.0445385 0.13211 0.903877 -0.406883 0.13491 -0.150727 -0.387389 -0.909512 -0.146512 0 0 0 1 
0.980085 -0.190186 -0.0571188 -0.0123498 0.122345 0.804879 -0.58069 0.092938 -0.156413 -0.562137 -0.812118 -0.128537 0 0 0 1 
0.979062 -0.201003 -0.0321782 0.00341675 0.111313 0.660991 -0.742092 0.0390204 -0.170432 -0.722972 -0.669526 -0.101538 0 0 0 1 
0.975596 -0.219569 -0.0012165 0.00782924 0.104318 0.468369 -0.877353 -0.0153877 -0.193209 -0.855815 -0.479844 -0.0556883 0 0 0 1 
0.968937 -0.242347 0.0492863 0.0179418 0.105976 0.226814 -0.968155 -0.0500698 -0.22345 -0.943304 -0.245452 0.0111768 0 0 0 1 
0.947493 -0.200214 -0.249341 0.0556058 -0.316443 -0.474769 -0.821254 -0.124761 -0.0460472 -0.857035 0.513197 0.0190781 0 0 0 1 
0.881053 -0.365016 -0.300847 0.0809433 -0.371584 -0.140536 -0.917701 -0.111836 -0.292696 -0.920333 0.259454 0.0718914 0 0 0 1 
0.771937 -0.484955 -0.411013 0.119627 -0.353326 0.21018 -0.911584 -0.113938 -0.528464 -0.848907 0.00910111 0.115731 0 0 0 1 
0.643185 -0.628045 -0.438033 0.123619 -0.355156 0.262113 -0.897308 -0.103392 -0.678363 -0.732705 0.054467 0.0738968 0 0 0 1 
0.790314 -0.593323 -0.152876 0.0136992 -0.484657 -0.452729 -0.748428 -0.0473446 -0.374848 -0.665586 0.645356 -0.251057 0 0 0 1 
0.790314 -0.593323 -0.152876 0.0136992 -0.484657 -0.452729 -0.748428 -0.0473446 -0.374848 -0.665586 0.645356 -0.251057 0 0 0 1 
0.837866 -0.5191 -0.168867 0.022575 -0.441674 -0.462881 -0.768548 -0.0617266 -0.320788 -0.718524 0.617105 -0.196239 0 0 0 1 
0.886272 -0.421838 -0.191245 0.0333705 -0.394216 -0.470274 -0.789579 -0.0805153 -0.243137 -0.775174 0.583086 -0.127954 0 0 0 1 
0.922137 -0.320684 -0.216392 0.0438373 -0.353963 -0.47365 -0.806453 -0.100341 -0.156123 -0.820255 0.55028 -0.0598352 0 0 0 1 
0.941358 -0.238856 -0.238314 0.0518764 -0.327287 -0.474686 -0.817042 -0.116806 -0.0820308 -0.847125 0.525024 -0.00609457 0 0 0 1 
0.947493 -0.200214 -0.249341 0.0556058 -0.316443 -0.474769 -0.821254 -0.124761 -0.0460473 -0.857035 0.513197 0.0190782 0 0 0 1 
0.947493 0.197476 -0.251516 0.0623801 -0.316444 0.692276 -0.64855 -0.162224 -0.0460452 -0.694087 -0.718417 0.415934 0 0 0 1 
0.881053 0.123079 -0.456724 0.138315 -0.371585 0.777558 -0.507276 -0.229223 -0.292694 -0.616648 -0.730804 0.393615 0 0 0 1 
0.771938 -0.0341502 -0.63478 0.198167 -0.353326 0.807061 -0.473088 -0.245222 -0.528463 -0.589479 -0.610935 0.318233 0 0 0 1 
0.643186 -0.219564 -0.733556 0.224489 -0.355157 0.763179 -0.539834 -0.210198 -0.678362 -0.607741 -0.412887 0.225454 0 0 0 1 
0.790315 -0.581767 -0.192224 0.0264751 -0.484657 -0.401649 -0.777037 -0.0374033 -0.374847 -0.707266 0.599386 -0.236974 0 0 0 1 
0.790315 -0.581767 -0.192224 0.0264751 -0.484657 -0.401649 -0.777037 -0.0374033 -0.374847 -0.707266 0.599386 -0.236974 0 0 0 1 
0.837866 -0.436019 -0.328432 0.0749379 -0.441674 -0.187925 -0.877274 -0.0227102 -0.320787 -0.880098 0.350034 -0.113191 0 0 0 1 
0.886272 -0.217923 -0.408694 0.106115 -0.394216 0.108287 -0.912616 -0.0322764 -0.243136 -0.96994 -0.0100634 0.0589966 0 0 0 1 
0.922137 -0.000865243 -0.386862 0.10331 -0.353963 0.401668 -0.844614 -0.0747437 -0.156121 -0.915785 -0.370087 0.233408 0 0 0 1 
0.941358 0.143389 -0.305426 0.0792077 -0.327287 0.608116 -0.723241 -0.130293 -0.0820289 -0.780791 -0.619384 0.361361 0 0 0 1 
0.947493 0.197476 -0.251516 0.0623801 -0.316443 0.692276 -0.64855 -0.162224 -0.0460453 -0.694087 -0.718417 0.415934 0 0 0 1 
0.991573 -0.127134 -0.0249036 -0.0275783 -0.0242504 0.00668309 -0.999684 0.00730854 -0.12726 -0.991863 -0.00354368 0.113732 0 0 0 1 
0.991568 -0.127716 -0.021922 -0.0291629 -0.0242419 -0.0166382 -0.999568 0.00300455 -0.127296 -0.991671 0.019594 0.102291 0 0 0 1 
0.991564 -0.128227 -0.0189272 -0.0307414 -0.0242338 -0.039951 -0.998908 -0.0015676 -0.127331 -0.99094 0.0427213 0.0909535 0 0 0 1 
0.991573 -0.127135 -0.0249042 -0.0275779 -0.0242513 0.00668257 -0.999684 0.00730842 -0.127261 -0.991863 -0.00354317 0.113732 0 0 0 1 
0.978064 -0.169063 0.121691 -0.0792753 0.146726 0.144472 -0.97857 0.114622 -0.147859 -0.974959 -0.166109 0.0975282 0 0 0 1 
0.978064 -0.169063 0.121691 -0.0792753 0.146726 0.144472 -0.97857 0.114622 -0.147859 -0.974959 -0.166109 0.0975282 0 0 0 1 
0.983775 -0.153053 0.0936027 -0.0801671 0.11213 0.117269 -0.98675 0.0820477 -0.140049 -0.981235 -0.132528 0.102063 0 0 0 1 
0.988724 -0.138477 0.0570031 -0.0726846 0.068889 0.0826117 -0.994198 0.049443 -0.132965 -0.986914 -0.0912197 0.103568 0 0 0 1 
0.991348 -0.129834 0.0193286 -0.0560377 0.025691 0.047511 -0.99854 0.0256224 -0.128727 -0.990397 -0.0504353 0.105343 0 0 0 1 
0.991825 -0.127147 -0.0107991 -0.0374894 -0.00836325 0.0196775 -0.999771 0.0122253 -0.12733 -0.991689 -0.018453 0.109991 0 0 0 1 
0.991573 -0.127134 -0.0249035 -0.0275783 -0.0242503 0.00668309 -0.999684 0.00730857 -0.12726 -0.991863 -0.00354386 0.113732 0 0 0 1 
0.998176 -0.0581421 0.0162357 -0.0347482 0.0171867 0.0158939 -0.999726 0.0133433 -0.0578682 -0.998182 -0.0168642 0.126456 0 0 0 1 
0.998176 -0.0581418 0.0162354 -0.0347527 0.0171864 0.0158939 -0.999726 0.0133142 -0.0578679 -0.998182 -0.0168641 0.126425 0 0 0 1 
0.998176 -0.0581408 0.0162356 -0.0347573 0.0171864 0.0158933 -0.999726 0.0132842 -0.0578669 -0.998182 -0.0168637 0.126394 0 0 0 1 
0.998177 -0.0581404 0.0162352 -0.0347474 0.017186 0.0158935 -0.999726 0.0133433 -0.0578665 -0.998182 -0.0168639 0.126457 0 0 0 1 
0.981366 -0.160042 0.106339 -0.0697065 0.177608 0.544342 -0.819846 0.111708 -0.0733249 -0.823456 -0.562623 0.328814 0 0 0 1 
0.981366 -0.160042 0.106339 -0.0697065 0.177608 0.544342 -0.819846 0.111708 -0.0733249 -0.823456 -0.562623 0.328814 0 0 0 1 
0.987153 -0.129898 0.0930323 -0.0753426 0.145289 0.487516 -0.860941 0.0902903 -0.0664796 -0.863397 -0.500126 0.31286 0 0 0 1 
0.992647 -0.0948215 0.075243 -0.0733958 0.104767 0.361625 -0.926418 0.0701615 -0.0606345 -0.927489 -0.3689 0.259208 0 0 0 1 
0.996269 -0.0696285 0.0510018 -0.0602928 0.0641902 0.202727 -0.977129 0.0471507 -0.0576966 -0.976757 -0.20644 0.192401 0 0 0 1 
0.997834 -0.0595216 0.0280077 -0.0438156 0.0321479 0.069781 -0.997044 0.0241902 -0.0573912 -0.995785 -0.0715431 0.142839 0 0 0 1 
0.998176 -0.0581423 0.0162357 -0.0347482 0.0171868 0.0158939 -0.999726 0.0133434 -0.0578683 -0.998182 -0.0168644 0.126457 0 0 0 1 
0.473268 -0.811341 0.343137 -0.0139226 0.497849 -0.07501 -0.864014 -0.121192 -0.726749 -0.57974 -0.368426 0.132994 0 0 0 1 
0.4044 -0.755798 0.515004 -0.0584843 0.502407 -0.286952 -0.815626 -0.145288 -0.764231 -0.588581 -0.263675 0.104737 0 0 0 1 
0.331971 -0.674929 0.658989 -0.106447 0.517399 -0.453854 -0.725475 -0.173024 -0.788729 -0.581797 -0.198541 0.0898747 0 0 0 1 
0.338432 -0.629823 0.699133 -0.125848 0.490712 -0.515826 -0.702229 -0.16358 -0.802911 -0.580729 -0.134489 0.0568702 0 0 0 1 
0.876743 -0.335866 0.34426 -0.0480267 0.0359526 -0.66801 -0.743283 0.0180434 -0.479612 -0.664046 0.573598 -0.207846 0 0 0 1 
0.876743 -0.335866 0.34426 -0.0480267 0.0359526 -0.66801 -0.743283 0.0180434 -0.479612 -0.664046 0.573598 -0.207846 0 0 0 1 
0.802448 -0.454658 0.386476 -0.048196 0.0896709 -0.548432 -0.831373 0.00449926 -0.589946 -0.701789 0.399319 -0.134137 0 0 0 1 
0.699095 -0.588784 0.405708 -0.0422349 0.192552 -0.391419 -0.899842 -0.0229487 -0.688614 -0.707195 0.160268 -0.0436318 0 0 0 1 
0.592212 -0.703936 0.392122 -0.0310529 0.324756 -0.23685 -0.915661 -0.0621262 -0.737441 -0.669609 -0.0883418 0.0423911 0 0 0 1 
0.510058 -0.780268 0.36197 -0.0196876 0.441606 -0.123576 -0.888658 -0.100904 -0.738122 -0.613116 -0.28154 0.105433 0 0 0 1 
0.473268 -0.811341 0.343137 -0.0139226 0.497849 -0.07501 -0.864014 -0.121192 -0.726749 -0.57974 -0.368426 0.132994 0 0 0 1 
0.473269 -0.815097 -0.334115 0.202877 0.497849 0.560385 -0.661903 -0.176197 -0.726748 -0.14692 -0.671008 0.236496 0 0 0 1 
0.404402 -0.815002 -0.415007 0.238402 0.502406 0.577133 -0.643821 -0.187094 -0.76423 -0.0518604 -0.642856 0.234354 0 0 0 1 
0.331972 -0.881248 -0.336447 0.209141 0.517399 0.468344 -0.716207 -0.161898 -0.788729 -0.0636834 -0.611434 0.230003 0 0 0 1 
0.338433 -0.928126 -0.155063 0.143108 0.490712 0.314682 -0.812513 -0.115574 -0.80291 -0.19889 -0.561941 0.199577 0 0 0 1 
0.876744 -0.35884 0.320241 -0.0406869 0.0359529 -0.615079 -0.787646 0.0330572 -0.479612 -0.702077 0.526365 -0.193303 0 0 0 1 
0.876744 -0.35884 0.320241 -0.0406869 0.0359529 -0.615079 -0.787646 0.0330572 -0.479612 -0.702077 0.526365 -0.193303 0 0 0 1 
0.802448 -0.527529 0.278908 -0.0148663 0.0896712 -0.355488 -0.930369 0.0391469 -0.589946 -0.771583 0.237957 -0.0835356 0 0 0 1 
0.699096 -0.700448 0.143657 0.0399678 0.192552 -0.009066 -0.981245 0.00896037 -0.688613 -0.713646 -0.128535 0.0487447 0 0 0 1 
0.592213 -0.803624 -0.0589258 0.11185 0.324756 0.304968 -0.895281 -0.0603712 -0.737441 -0.51106 -0.441587 0.157924 0 0 0 1 
0.51006 -0.824579 -0.244764 0.173913 0.441606 0.495241 -0.748145 -0.136439 -0.738121 -0.273509 -0.616741 0.217955 0 0 0 1 
0.473269 -0.815097 -0.334115 0.202877 0.497849 0.560385 -0.661903 -0.176197 -0.726748 -0.14692 -0.671008 0.236496 0 0 0 1 
0.51029 -0.859641 -0.0249025 0.0725386 -0.00966228 0.0232237 -0.999684 0.0110225 -0.859948 -0.510369 -0.00354466 -0.0243929 0 0 0 1 
0.474991 -0.879903 -0.0123883 0.0663162 -0.0162513 0.00530421 -0.999854 0.00851065 -0.879841 -0.475122 0.0117803 -0.0235175 0 0 0 1 
0.435666 -0.900101 -0.00371302 0.0624275 -0.02159 -0.0063261 -0.999747 0.00686589 -0.89985 -0.435636 0.0221893 -0.0194295 0 0 0 1 
0.510089 -0.859752 -0.0251991 0.0726792 -0.00954348 0.0236381 -0.999675 0.0110094 -0.860068 -0.510164 -0.00385255 -0.0242531 0 0 0 1 
0.963519 -0.248166 -0.100221 0.122595 -0.0215991 0.301142 -0.953335 0.112591 -0.266766 -0.920721 -0.284796 0.114179 0 0 0 1 
0.963519 -0.248166 -0.100221 0.122595 -0.0215991 0.301142 -0.953335 0.112591 -0.266766 -0.920721 -0.284796 0.114179 0 0 0 1 
0.909689 -0.39754 -0.120119 0.137662 -0.0217762 0.243181 -0.969736 0.0706843 -0.41472 -0.884774 -0.212562 0.0813585 0 0 0 1 
0.812169 -0.571358 -0.118029 0.135831 -0.0204367 0.174319 -0.984477 0.0336377 -0.583064 -0.801974 -0.129899 0.0377427 0 0 0 1 
0.685652 -0.722522 -0.0885622 0.114742 -0.0166077 0.106104 -0.994216 0.014259 -0.72774 -0.683157 -0.0607511 0.000374131 0 0 0 1 
0.568955 -0.820952 -0.0482598 0.0876068 -0.0120555 0.0503516 -0.998659 0.0101555 -0.82228 -0.568774 -0.0187509 -0.0192452 0 0 0 1 
0.51029 -0.859641 -0.0249025 0.0725386 -0.00966229 0.0232237 -0.999683 0.0110224 -0.859948 -0.510369 -0.00354467 -0.0243929 0 0 0 1 
0.510278 -0.859645 -0.0250118 0.0725928 -0.0104681 0.0228725 -0.999683 0.0110427 -0.859946 -0.510378 -0.00267244 -0.0248258 0 0 0 1 
0.510278 -0.859645 -0.0250123 0.0725486 -0.0104682 0.0228729 -0.999684 0.011002 -0.859946 -0.510378 -0.00267246 -0.0248192 0 0 0 1 
0.510278 -0.859646 -0.0250121 0.0725089 -0.0104683 0.0228725 -0.999684 0.0109582 -0.859946 -0.510379 -0.00267227 -0.0248099 0 0 0 1 
0.510278 -0.859646 -0.0250123 0.0725861 -0.0104684 0.022873 -0.999684 0.0109714 -0.859946 -0.510378 -0.00267249 -0.0248879 0 0 0 1 
0.962273 -0.195673 -0.18906 0.176146 -0.0179317 0.647731 -0.761658 0.0801241 -0.271496 -0.736313 -0.619785 0.313667 0 0 0 1 
0.962272 -0.195673 -0.18906 0.176146 -0.0179318 0.647731 -0.761658 0.0801241 -0.271496 -0.736313 -0.619785 0.313667 0 0 0 1 
0.907778 -0.33461 -0.252933 0.214914 -0.0188873 0.569789 -0.821574 0.0562003 -0.419025 -0.750584 -0.510922 0.253607 0 0 0 1 
0.810024 -0.524824 -0.261572 0.215447 -0.0189804 0.422368 -0.906226 0.0396614 -0.586089 -0.73903 -0.332167 0.149457 0 0 0 1 
0.684119 -0.704984 -0.187028 0.166761 -0.0164756 0.241421 -0.970281 0.0268862 -0.729185 -0.666868 -0.153545 0.0493543 0 0 0 1 
0.568443 -0.818864 -0.0795861 0.103527 -0.0126631 0.0880155 -0.996039 0.0157357 -0.822625 -0.567199 -0.0396626 -0.0085843 0 0 0 1 
0.510278 -0.859645 -0.0250118 0.0725928 -0.0104681 0.0228725 -0.999683 0.0110426 -0.859945 -0.510378 -0.00267245 -0.0248259 0 0 0 1 
0.836824 -0.516645 -0.181115 -0.00173705 -0.292391 -0.142073 -0.945686 -0.0299806 -0.462853 -0.84433 0.269953 0.0485861 0 0 0 1 
0.629845 -0.744649 -0.220892 0.045537 -0.309205 0.020503 -0.950774 -0.0632509 -0.712522 -0.667141 0.217336 0.0300618 0 0 0 1 
0.362029 -0.891883 -0.271073 0.0781828 -0.267916 0.178974 -0.946673 -0.0963852 -0.892836 -0.415348 0.174155 -0.00322117 0 0 0 1 
0.235908 -0.891521 -0.3867 0.0834268 -0.170752 0.353712 -0.919637 -0.125978 -0.956656 -0.28298 0.0687856 -0.0444986 0 0 0 1 
0.886371 -0.295032 -0.356795 -0.0480727 -0.0718087 0.673721 -0.735488 -0.155626 -0.457372 -0.677537 -0.575981 -0.126268 0 0 0 1 
0.886371 -0.295032 -0.356795 -0.0480727 -0.0718087 0.673721 -0.735488 -0.155626 -0.457372 -0.677537 -0.575981 -0.126268 0 0 0 1 
0.876891 -0.341283 -0.338508 -0.0382433 -0.11995 0.526581 -0.84162 -0.128843 -0.465482 -0.778613 -0.420817 -0.0773641 0 0 0 1 
0.864624 -0.399088 -0.305212 -0.0259398 -0.17839 0.324046 -0.92907 -0.0951041 -0.469684 -0.857743 -0.208985 -0.0263752 0 0 0 1 
0.852081 -0.455384 -0.258038 -0.0141013 -0.233581 0.110344 -0.966056 -0.0630529 -0.468399 -0.883431 0.0123471 0.0141198 0 0 0 1 
0.842089 -0.497097 -0.209239 -0.00553921 -0.274173 -0.0604614 -0.959778 -0.0401363 -0.464451 -0.865586 0.187205 0.0392289 0 0 0 1 
0.836824 -0.516645 -0.181115 -0.00173703 -0.292391 -0.142073 -0.945686 -0.0299806 -0.462853 -0.84433 0.269953 0.0485861 0 0 0 1 
0.949311 -0.284745 -0.133151 -0.0868514 -0.0828142 0.182072 -0.979792 -0.155135 -0.303234 -0.941153 -0.149262 0.0597168 0 0 0 1 
0.801493 -0.510768 -0.311007 -0.0487771 -0.118192 0.374514 -0.919657 -0.195758 -0.586208 -0.773857 -0.239802 0.0426108 0 0 0 1 
0.576958 -0.643185 -0.503421 -0.0304688 -0.0934987 0.560292 -0.823001 -0.233595 -0.811404 -0.521907 -0.263128 0.0104679 0 0 0 1 
0.475841 -0.643925 -0.599113 -0.0235732 -0.0242586 0.671305 -0.740784 -0.235604 -0.879197 -0.367029 -0.303814 -0.0353946 0 0 0 1 
0.98194 -0.1395 -0.127804 -0.0930743 -0.04212 0.49738 -0.86651 -0.0966573 -0.184445 -0.856243 -0.482521 -0.0525297 0 0 0 1 
0.98194 -0.1395 -0.127804 -0.0930743 -0.04212 0.49738 -0.86651 -0.0966573 -0.184445 -0.856243 -0.482521 -0.0525297 0 0 0 1 
0.978353 -0.161625 -0.129238 -0.0936182 -0.0468884 0.435143 -0.89914 -0.0976035 -0.20156 -0.885736 -0.418146 -0.0363953 0 0 0 1 
0.972409 -0.192569 -0.131671 -0.093709 -0.0553608 0.357812 -0.932151 -0.108071 -0.226617 -0.913722 -0.337279 -0.0128797 0 0 0 1 
0.964256 -0.228816 -0.133622 -0.0924995 -0.0663168 0.279835 -0.957755 -0.126868 -0.256541 -0.932382 -0.254658 0.0164222 0 0 0 1 
0.955513 -0.262761 -0.133979 -0.0899037 -0.07697 0.216366 -0.973274 -0.146055 -0.284727 -0.940289 -0.186516 0.0447546 0 0 0 1 
0.949311 -0.284745 -0.133151 -0.0868514 -0.0828142 0.182072 -0.979792 -0.155135 -0.303234 -0.941153 -0.149261 0.0597168 0 0 0 1 
0.98047 -0.0208106 -0.195566 -0.221405 -0.190596 0.144678 -0.970949 -0.136114 -0.0485 -0.98926 -0.137885 0.0843476 0 0 0 1 
0.874491 -0.32791 -0.357409 -0.14318 -0.225283 0.377975 -0.897988 -0.189008 -0.429551 -0.8658 -0.256663 0.0748597 0 0 0 1 
0.650195 -0.519279 -0.554613 -0.101943 -0.172989 0.609622 -0.773587 -0.235532 -0.739811 -0.598924 -0.306544 0.0263093 0 0 0 1 
0.53218 -0.533294 -0.657557 -0.0922412 -0.0654632 0.74843 -0.659975 -0.237247 -0.844096 -0.394272 -0.363389 -0.0466157 0 0 0 1 
0.991051 -0.0131429 -0.132836 -0.148036 -0.101976 0.56759 -0.816972 -0.107306 -0.0861334 -0.823206 -0.56117 -0.0962928 0 0 0 1 
0.991051 -0.0131429 -0.132836 -0.148036 -0.101976 0.56759 -0.816972 -0.107306 -0.0861334 -0.823206 -0.56117 -0.0962928 0 0 0 1 
