a
34
16
20
0
0
-0.999391 0.0141948 -0.0318825 0.787941 -1.497e-07 0.913545 0.406737 -27.3657 -0.0348997 -0.406489 0.912989 -22.5636 0 0 0 1 
-0.999391 0.0217062 -0.0273278 0.547978 2.92022e-08 0.783046 0.621963 -25.1231 -0.0348994 -0.621584 0.78257 -15.692 0 0 0 1 
-0.999391 0.0278424 -0.0210418 0.335156 3.35718e-07 0.602938 0.797788 -21.2346 -0.0348993 -0.797302 0.602571 -9.59769 0 0 0 1 
-0.999391 0.0317236 -0.0145448 0.184047 5.46217e-07 0.416783 0.909006 -16.7541 -0.0348989 -0.908452 0.416529 -5.27031 0 0 0 1 
-0.999391 0.0321468 -0.0135839 0.165918 5.9886e-07 0.389252 0.921131 -16.0632 -0.034899 -0.92057 0.389015 -4.7512 0 0 0 1 
-0.999391 0.0317236 -0.0145448 0.184047 5.46217e-07 0.416783 0.909006 -16.7541 -0.0348989 -0.908452 0.416529 -5.27031 0 0 0 1 
-0.999391 0.0319364 -0.0140714 0.174994 5.94614e-07 0.403219 0.915103 -16.4146 -0.0348989 -0.914546 0.402973 -5.0111 0 0 0 1 
-0.999391 0.0322325 -0.0133798 0.162182 6.21783e-07 0.383401 0.923582 -15.9156 -0.0348992 -0.92302 0.383167 -4.64441 0 0 0 1 
-0.999391 0.0321468 -0.0135839 0.165918 5.9886e-07 0.389252 0.921131 -16.0632 -0.034899 -0.92057 0.389015 -4.7512 0 0 0 1 
-0.999391 0.0309893 -0.0160504 0.214444 4.87079e-07 0.459921 0.88796 -17.8233 -0.0348992 -0.887419 0.459641 -6.14094 0 0 0 1 
-0.999391 0.0290184 -0.0193876 0.291428 3.70892e-07 0.555542 0.831488 -20.1291 -0.0348991 -0.830982 0.555204 -8.34538 0 0 0 1 
-0.999391 0.0268398 -0.0223064 0.371484 2.2644e-07 0.639173 0.769063 -22.0604 -0.0348991 -0.768595 0.638783 -10.6379 0 0 0 1 
-0.999391 0.0317235 -0.0145447 0.184049 5.46217e-07 0.416783 0.909006 -16.7541 -0.0348988 -0.908452 0.416529 -5.27031 0 0 0 1 
-0.999391 0.0327909 -0.0119455 0.137172 6.48319e-07 0.342305 0.939589 -14.8705 -0.034899 -0.939017 0.342096 -3.92804 0 0 0 1 
-0.999391 0.033224 -0.0106815 0.116782 7.12867e-07 0.30609 0.952002 -13.9385 -0.0348989 -0.951423 0.305904 -3.34408 0 0 0 1 
-0.999391 0.0321468 -0.0135839 0.165918 5.9886e-07 0.389252 0.921131 -16.0632 -0.034899 -0.92057 0.389015 -4.7512 0 0 0 1 
-0.999391 0.0141948 -0.0318825 0.787941 -1.48875e-07 0.913545 0.406737 -27.3657 -0.0348997 -0.406489 0.912989 -22.5636 0 0 0 1 
-0.999391 0.0225295 -0.0266531 0.520527 1.53718e-08 0.763714 0.645555 -24.7366 -0.0348993 -0.645162 0.763248 -14.9059 0 0 0 1 
-0.999391 0.0290734 -0.0193051 0.289348 3.59749e-07 0.553177 0.833064 -20.0732 -0.0348992 -0.832556 0.55284 -8.28587 0 0 0 1 
-0.999391 0.0328706 -0.0117244 0.133497 6.90659e-07 0.335972 0.941872 -14.7083 -0.034899 -0.941298 0.335767 -3.82278 0 0 0 1 
-0.999391 0.0332471 -0.0106095 0.115665 7.0969e-07 0.304027 0.952663 -13.8851 -0.0348989 -0.952083 0.303842 -3.31211 0 0 0 1 
-0.999391 0.0328706 -0.0117244 0.133497 6.90659e-07 0.335972 0.941872 -14.7083 -0.034899 -0.941298 0.335767 -3.82278 0 0 0 1 
-0.999391 0.0330518 -0.0112031 0.125016 6.8017e-07 0.321036 0.947067 -14.3244 -0.0348988 -0.94649 0.32084 -3.57983 0 0 0 1 
-0.999391 0.0333042 -0.0104299 0.112893 7.28878e-07 0.298877 0.954292 -13.7517 -0.0348992 -0.953711 0.298695 -3.23289 0 0 0 1 
-0.999391 0.0332471 -0.0106095 0.115665 7.09687e-07 0.304027 0.952664 -13.8851 -0.0348989 -0.952083 0.303841 -3.3121 0 0 0 1 
-0.999391 0.0322943 -0.0132296 0.159471 5.78348e-07 0.379098 0.925357 -15.8068 -0.0348991 -0.924793 0.378867 -4.56666 0 0 0 1 
-0.999391 0.0305977 -0.0167846 0.230204 5.15377e-07 0.480959 0.876743 -18.3386 -0.0348991 -0.876209 0.480666 -6.59219 0 0 0 1 
-0.999391 0.0287539 -0.0197777 0.301382 3.16838e-07 0.56672 0.823911 -20.3923 -0.034899 -0.823409 0.566375 -8.63038 0 0 0 1 
-0.999391 0.0328705 -0.0117244 0.1335 6.90656e-07 0.335972 0.941872 -14.7083 -0.0348988 -0.941299 0.335767 -3.82278 0 0 0 1 
-0.999391 0.033759 -0.00884665 0.0898059 7.50102e-07 0.253514 0.967332 -12.5679 -0.0348989 -0.966743 0.25336 -2.57158 0 0 0 1 
-0.999391 0.0341219 -0.00732289 0.0696801 8.50419e-07 0.209856 0.977732 -11.4144 -0.0348989 -0.977137 0.209728 -1.99521 0 0 0 1 
-0.999391 0.0332471 -0.0106095 0.115665 7.0969e-07 0.304027 0.952663 -13.8851 -0.0348989 -0.952083 0.303842 -3.31211 0 0 0 1 
-0.999391 0.0141937 -0.0318843 0.787941 -1.94671e-06 0.913546 0.406737 -27.3657 -0.0349009 -0.406489 0.912989 -22.5636 0 0 0 1 
-0.999238 -0.0151763 -0.0359466 1.57179 -0.0331757 0.815387 0.577965 -25.1423 -0.020539 -0.578718 0.815269 -17.2685 0 0 0 1 
-0.998273 -0.0456769 -0.0369495 2.35433 -0.0582184 0.684629 0.726563 -21.9634 0.00789042 -0.727459 0.686106 -12.6819 0 0 0 1 
-0.9966 -0.074261 -0.0356943 3.06452 -0.0707971 0.550187 0.832035 -18.6147 0.0421491 -0.831733 0.553574 -9.42981 0 0 0 1 
-0.995555 -0.0867471 -0.0366632 3.38624 -0.0772555 0.529611 0.844715 -18.0986 0.0538593 -0.843793 0.533959 -9.04669 0 0 0 1 
-0.909912 0.412726 0.041437 -9.82958 0.264634 0.500674 0.824193 -17.3037 -0.31942 -0.760909 0.56479 -11.305 0 0 0 1 
-0.940892 0.337402 0.0297049 -7.83449 0.209111 0.509659 0.834578 -17.5734 -0.266449 -0.791459 0.550088 -10.4447 0 0 0 1 
-0.988061 0.154057 0.0012654 -2.98421 0.0824994 0.522148 0.848855 -17.9414 -0.130111 -0.838826 0.528624 -9.12498 0 0 0 1 
-0.999657 0.0165302 -0.0203056 0.651733 -0.00834175 0.534042 0.845417 -18.2159 -0.024819 -0.845297 0.533721 -9.00687 0 0 0 1 
-0.998703 0.0478138 -0.0174916 -0.161117 0.0144511 0.595648 0.803116 -19.605 -0.0488189 -0.801821 0.595566 -10.4925 0 0 0 1 
-0.991658 0.128689 -0.00736706 -2.28347 0.0820839 0.674527 0.733672 -21.2916 -0.0993848 -0.726947 0.679463 -12.9365 0 0 0 1 
-0.990286 0.138789 -0.00840893 -2.52737 0.0995784 0.750119 0.653762 -22.7338 -0.0970429 -0.646574 0.756653 -15.5478 0 0 0 1 
-0.929976 -0.358645 -0.0807361 10.5942 -0.264637 0.500674 0.824193 -17.3037 0.25517 -0.787845 0.560525 -10.5918 0 0 0 1 
-0.954951 -0.289277 -0.066247 8.72067 -0.199832 0.461771 0.864196 -16.4265 0.219401 -0.838503 0.498775 -8.98788 0 0 0 1 
-0.992972 -0.112183 -0.0377167 4.03494 -0.0860137 0.465121 0.881059 -16.5112 0.0812966 -0.87811 0.471501 -7.90909 0 0 0 1 
-0.998953 0.0424723 -0.0169769 -0.02185 0.00833818 0.534042 0.845417 -18.2159 -0.0449732 -0.84439 0.533837 -9.03041 0 0 0 1 
-0.999391 0.0141935 -0.031884 0.787941 -1.99402e-06 0.913545 0.406737 -27.3657 -0.0349005 -0.406489 0.912989 -22.5636 0 0 0 1 
-0.993995 -0.100923 -0.0422978 3.55993 -0.107909 0.839819 0.532033 -23.8452 0.018172 -0.533403 0.845666 -19.3747 0 0 0 1 
-0.975514 -0.215982 -0.041518 5.98897 -0.191098 0.738917 0.64613 -19.9255 0.108874 -0.638242 0.762098 -17.4589 0 0 0 1 
-0.947714 -0.317517 -0.0319695 7.85594 -0.237758 0.63571 0.7344 -16.5392 0.212861 -0.703602 0.677963 -16.8857 0 0 0 1 
-0.933155 -0.358181 -0.0304619 8.65285 -0.259862 0.613595 0.745635 -15.9355 0.248381 -0.703709 0.665657 -17.0305 0 0 0 1 
-0.878883 0.476555 -0.0214578 -8.66984 0.309243 0.603414 0.735024 -15.908 -0.363228 -0.639364 0.677701 -18.1792 0 0 0 1 
-0.901728 0.431822 -0.0204113 -7.7944 0.275532 0.610464 0.742574 -16.0278 -0.33312 -0.663976 0.669453 -17.6914 0 0 0 1 
-0.973526 0.227676 -0.0202339 -3.63906 0.134899 0.643762 0.753242 -16.6772 -0.184521 -0.730572 0.657433 -16.3501 0 0 0 1 
-0.996023 0.0870005 -0.0192433 -0.819898 0.0435 0.663261 0.747122 -17.0015 -0.0777634 -0.743314 0.664407 -16.178 0 0 0 1 
-0.980751 0.194311 -0.0192471 -3.0657 0.126105 0.705565 0.697334 -17.7065 -0.14908 -0.681484 0.716487 -17.6549 0 0 0 1 
-0.931981 0.362001 -0.0191647 -6.55793 0.273697 0.737336 0.617596 -18.0352 -0.237701 -0.570342 0.786262 -20.2837 0 0 0 1 
-0.916601 0.399165 -0.0225844 -7.25826 0.330002 0.787253 0.520896 -18.3009 -0.225703 -0.47 0.853322 -22.9048 0 0 0 1 
-0.842775 -0.537452 -0.0295948 12.2268 -0.38356 0.561065 0.733545 -14.9909 0.37764 -0.629564 0.678997 -18.4287 0 0 0 1 
-0.871686 -0.489515 -0.0231966 11.104 -0.325967 0.543809 0.773316 -14.544 0.365935 -0.68165 0.633597 -17.4339 0 0 0 1 
-0.965445 -0.259729 -0.0213695 6.39125 -0.177594 0.595689 0.783336 -15.3464 0.190725 -0.760063 0.621231 -16.1496 0 0 0 1 
-0.99902 -0.0349405 -0.0271525 1.94644 -0.0435036 0.663261 0.747122 -17.0015 0.0080956 -0.747572 0.664132 -16.0814 0 0 0 1 
-0.999391 0.0141937 -0.0318843 0.787941 -1.94671e-06 0.913546 0.406737 -27.3657 -0.0349009 -0.406489 0.912989 -22.5636 0 0 0 1 
-0.993995 -0.0987394 -0.0471712 3.83877 -0.107909 0.812864 0.572371 -26.0106 0.0181718 -0.574024 0.818637 -16.9797 0 0 0 1 
-0.975514 -0.210908 -0.0623688 7.25076 -0.191098 0.672432 0.715064 -23.2974 0.108874 -0.709474 0.696271 -12.0717 0 0 0 1 
-0.947714 -0.309977 -0.0758482 10.5618 -0.237758 0.527314 0.815727 -20.0353 0.212861 -0.791109 0.573443 -8.74371 0 0 0 1 
-0.933155 -0.349984 -0.0820521 11.8449 -0.259862 0.499051 0.826692 -19.3153 0.248381 -0.792754 0.556639 -8.57393 0 0 0 1 
-0.878883 0.474904 0.0450747 -12.93 0.309243 0.495246 0.81185 -19.1179 -0.363227 -0.72746 0.582124 -10.604 0 0 0 1 
-0.901728 0.430399 0.0405345 -11.6983 0.275532 0.499939 0.821063 -19.3068 -0.33312 -0.751544 0.569397 -9.83609 0 0 0 1 
-0.973526 0.228224 0.012633 -5.76552 0.134899 0.529061 0.837793 -20.2797 -0.184521 -0.817318 0.545842 -7.76469 0 0 0 1 
-0.996023 0.0888709 -0.00643098 -1.67551 0.0435 0.547977 0.835362 -20.8322 -0.0777634 -0.83176 0.549663 -7.36208 0 0 0 1 
-0.980751 0.195075 0.00855056 -4.86902 0.126105 0.599352 0.79049 -21.9999 -0.14908 -0.776353 0.612415 -9.42327 0 0 0 1 
-0.931981 0.361146 0.0314026 -9.80226 0.273697 0.644208 0.714203 -22.7615 -0.237701 -0.674218 0.699234 -13.0054 0 0 0 1 
-0.916601 0.398224 0.0355058 -10.9859 0.330001 0.703446 0.629494 -23.9498 -0.225703 -0.588711 0.776194 -16.0257 0 0 0 1 
-0.842775 -0.528103 -0.104106 16.8771 -0.38356 0.453515 0.804491 -17.8319 0.37764 -0.717936 0.584771 -10.936 0 0 0 1 
-0.871686 -0.480658 -0.0955556 15.6236 -0.325967 0.423077 0.84543 -17.2481 0.365936 -0.768098 0.525469 -9.07654 0 0 0 1 
-0.965445 -0.253041 -0.0623369 8.92319 -0.177594 0.463759 0.86798 -18.6776 0.190726 -0.849057 0.492672 -6.43476 0 0 0 1 
-0.99902 -0.0306364 -0.0319298 2.18498 -0.0435036 0.547976 0.835362 -20.8322 0.00809565 -0.835932 0.548773 -7.22728 0 0 0 1 
-0.999391 0.0335467 -0.00961641 -1.09602 2.78399e-06 0.275636 0.961262 -57.3717 -0.0348978 -0.960677 0.275468 31.3794 0 0 0 1 
-0.99064 -0.116917 -0.0704405 5.77687 -0.100346 0.27396 0.956492 -45.3305 0.0925327 -0.954608 0.283128 27.0491 0 0 0 1 
-0.957316 -0.274821 -0.0895483 10.1591 -0.164875 0.264739 0.950121 -33.9431 0.237406 -0.924331 0.29875 19.59 0 0 0 1 
-0.908684 -0.41127 -0.0717623 11.7996 -0.191943 0.258911 0.946638 -25.3398 0.370744 -0.873969 0.314208 11.0391 0 0 0 1 
-0.883641 -0.462796 -0.0706951 12.737 -0.207344 0.251479 0.945392 -24.0615 0.419745 -0.850046 0.318176 9.3379 0 0 0 1 
-0.735822 0.675752 0.043887 -15.8783 0.309408 0.277849 0.909432 -22.8103 -0.602356 -0.682759 0.413531 0.772861 0 0 0 1 
-0.827852 0.559213 0.0440658 -13.8961 0.250904 0.298883 0.920715 -23.394 -0.501705 -0.773272 0.38774 3.47794 0 0 0 1 
-0.980422 0.195663 0.0221093 -5.95102 0.0859401 0.324174 0.942086 -24.6407 -0.177164 -0.925542 0.334643 8.96739 0 0 0 1 
-0.998941 -0.0459928 -0.00101418 -0.0257645 -0.0154914 0.315545 0.948784 -25.4298 0.0433172 -0.947795 0.315924 11.0992 0 0 0 1 
-0.978343 0.206485 0.0144714 -5.46445 0.0890224 0.356617 0.93 -28.3068 -0.18687 -0.911147 0.367275 10.1363 0 0 0 1 
-0.837579 0.544494 0.0445784 -13.5131 0.286431 0.368191 0.88453 -30.7687 -0.465208 -0.753632 0.46435 4.98473 0 0 0 1 
-0.854976 0.51718 0.0392618 -13.0508 0.328801 0.481899 0.812197 -33.6644 -0.401131 -0.707318 0.582061 -0.356796 0 0 0 1 
-0.776047 -0.62648 -0.072623 16.1125 -0.309405 0.27785 0.909433 -22.6805 0.549563 -0.728233 0.409461 1.75154 0 0 0 1 
-0.843817 -0.533412 -0.0586968 13.7856 -0.242153 0.280873 0.928694 -21.0525 0.47889 -0.797861 0.366173 2.76024 0 0 0 1 
-0.979544 -0.197055 -0.0407885 6.5374 -0.104796 0.326489 0.939374 -21.7081 0.171792 -0.924432 0.340461 5.58439 0 0 0 1 
-0.993486 0.111995 -0.0210217 -0.748771 0.0154954 0.315545 0.948784 -25.4298 -0.112892 -0.942278 0.315225 11.074 0 0 0 1 
-0.999391 0.0335465 -0.00961793 -1.09591 1.44269e-06 0.275637 0.961262 -57.3717 -0.034898 -0.960676 0.275469 31.3793 0 0 0 1 
-0.99064 -0.116918 -0.0704417 5.77695 -0.100347 0.273961 0.956492 -45.3305 0.0925326 -0.954608 0.283129 27.049 0 0 0 1 
-0.957316 -0.274821 -0.0895495 10.1592 -0.164876 0.26474 0.95012 -33.9431 0.237406 -0.92433 0.298752 19.5899 0 0 0 1 
-0.908684 -0.41127 -0.0717631 11.7997 -0.191944 0.258912 0.946637 -25.3398 0.370744 -0.873969 0.31421 11.0389 0 0 0 1 
-0.883641 -0.462796 -0.0706958 12.7371 -0.207346 0.25148 0.945392 -24.0615 0.419745 -0.850046 0.318178 9.33775 0 0 0 1 
-0.735822 0.675752 0.043885 -15.8782 0.309407 0.277851 0.909432 -22.8103 -0.602357 -0.682758 0.413531 0.77285 0 0 0 1 
-0.827852 0.559213 0.0440638 -13.8959 0.250902 0.298884 0.920715 -23.394 -0.501706 -0.773272 0.38774 3.47792 0 0 0 1 
-0.980422 0.195662 0.0221075 -5.95089 0.0859386 0.324176 0.942086 -24.6407 -0.177164 -0.925541 0.334644 8.9673 0 0 0 1 
-0.998941 -0.045993 -0.00101563 -0.0256615 -0.0154928 0.315547 0.948783 -25.4298 0.0433169 -0.947795 0.315925 11.0991 0 0 0 1 
-0.978343 0.206485 0.0144698 -5.46434 0.0890211 0.356618 0.929999 -28.3068 -0.18687 -0.911146 0.367276 10.1363 0 0 0 1 
-0.837579 0.544495 0.0445764 -13.513 0.28643 0.368192 0.884529 -30.7687 -0.465209 -0.753631 0.46435 4.9847 0 0 0 1 
-0.854976 0.51718 0.0392599 -13.0507 0.3288 0.4819 0.812197 -33.6643 -0.401133 -0.707317 0.582061 -0.356819 0 0 0 1 
-0.776048 -0.626479 -0.0726233 16.1125 -0.309406 0.277851 0.909432 -22.6805 0.549562 -0.728233 0.409463 1.75141 0 0 0 1 
-0.843817 -0.533411 -0.0586973 13.7856 -0.242154 0.280875 0.928693 -21.0525 0.478889 -0.797861 0.366175 2.76012 0 0 0 1 
-0.979544 -0.197055 -0.0407897 6.53747 -0.104797 0.326491 0.939373 -21.708 0.171791 -0.924432 0.340462 5.58429 0 0 0 1 
-0.993486 0.111995 -0.0210233 -0.748674 0.0154941 0.315546 0.948783 -25.4298 -0.112893 -0.942278 0.315226 11.0739 0 0 0 1 
-0.999391 0.0335465 -0.00961781 -1.09591 1.52364e-06 0.275637 0.961262 -57.3717 -0.0348979 -0.960676 0.275469 31.3793 0 0 0 1 
-0.99064 -0.116918 -0.0704417 5.77696 -0.100347 0.273961 0.956492 -45.3305 0.0925326 -0.954608 0.283129 27.049 0 0 0 1 
-0.957316 -0.274821 -0.0895495 10.1592 -0.164876 0.26474 0.95012 -33.9431 0.237406 -0.92433 0.298752 19.5899 0 0 0 1 
-0.908684 -0.41127 -0.071763 11.7997 -0.191944 0.258912 0.946637 -25.3398 0.370744 -0.873969 0.31421 11.0389 0 0 0 1 
-0.883641 -0.462796 -0.0706957 12.737 -0.207346 0.25148 0.945392 -24.0615 0.419745 -0.850046 0.318177 9.33775 0 0 0 1 
-0.735822 0.675752 0.043885 -15.8782 0.309407 0.277851 0.909432 -22.8103 -0.602357 -0.682758 0.413531 0.772854 0 0 0 1 
-0.827852 0.559213 0.0440639 -13.8959 0.250902 0.298884 0.920715 -23.394 -0.501706 -0.773272 0.38774 3.47792 0 0 0 1 
-0.980422 0.195662 0.0221075 -5.95089 0.0859387 0.324176 0.942086 -24.6407 -0.177164 -0.925541 0.334644 8.9673 0 0 0 1 
-0.998941 -0.045993 -0.00101558 -0.0256615 -0.0154928 0.315547 0.948784 -25.4298 0.043317 -0.947795 0.315925 11.0991 0 0 0 1 
-0.978343 0.206485 0.0144698 -5.46434 0.0890211 0.356618 0.929999 -28.3068 -0.18687 -0.911146 0.367276 10.1363 0 0 0 1 
-0.837579 0.544495 0.0445765 -13.513 0.28643 0.368192 0.884529 -30.7687 -0.465209 -0.753631 0.46435 4.9847 0 0 0 1 
-0.854976 0.51718 0.0392601 -13.0507 0.3288 0.4819 0.812196 -33.6644 -0.401133 -0.707317 0.582061 -0.356815 0 0 0 1 
-0.776048 -0.626479 -0.0726231 16.1125 -0.309406 0.277851 0.909433 -22.6805 0.549562 -0.728233 0.409462 1.7514 0 0 0 1 
-0.843817 -0.533411 -0.0586972 13.7856 -0.242154 0.280875 0.928693 -21.0525 0.478889 -0.797861 0.366174 2.76012 0 0 0 1 
-0.979544 -0.197055 -0.0407897 6.53749 -0.104797 0.326491 0.939373 -21.708 0.171791 -0.924432 0.340462 5.5843 0 0 0 1 
-0.993486 0.111995 -0.0210233 -0.748653 0.0154942 0.315546 0.948783 -25.4298 -0.112893 -0.942278 0.315226 11.0739 0 0 0 1 
-0.999391 0.0335466 -0.00961771 -1.09592 1.4563e-06 0.275637 0.961262 -57.3717 -0.0348981 -0.960676 0.275469 31.3794 0 0 0 1 
-0.99064 -0.116918 -0.0704415 5.77695 -0.100347 0.273961 0.956492 -45.3305 0.0925324 -0.954608 0.283129 27.049 0 0 0 1 
-0.957316 -0.274821 -0.0895491 10.1592 -0.164876 0.26474 0.95012 -33.9431 0.237406 -0.92433 0.298751 19.5899 0 0 0 1 
-0.908684 -0.41127 -0.0717629 11.7997 -0.191944 0.258912 0.946637 -25.3398 0.370744 -0.873969 0.31421 11.0389 0 0 0 1 
-0.883641 -0.462796 -0.0706956 12.7371 -0.207346 0.25148 0.945392 -24.0615 0.419745 -0.850046 0.318177 9.33776 0 0 0 1 
-0.735822 0.675752 0.0438852 -15.8782 0.309407 0.27785 0.909432 -22.8103 -0.602357 -0.682758 0.413531 0.77285 0 0 0 1 
-0.827852 0.559213 0.0440639 -13.8959 0.250903 0.298884 0.920715 -23.394 -0.501706 -0.773272 0.38774 3.47791 0 0 0 1 
-0.980422 0.195663 0.0221078 -5.95091 0.0859389 0.324175 0.942086 -24.6407 -0.177164 -0.925541 0.334644 8.96732 0 0 0 1 
-0.998941 -0.0459928 -0.00101534 -0.0256767 -0.0154926 0.315547 0.948783 -25.4298 0.0433168 -0.947795 0.315925 11.0991 0 0 0 1 
-0.978343 0.206485 0.01447 -5.46434 0.0890212 0.356618 0.929999 -28.3068 -0.186871 -0.911146 0.367276 10.1363 0 0 0 1 
-0.837579 0.544495 0.0445767 -13.513 0.28643 0.368192 0.884529 -30.7687 -0.465209 -0.753631 0.46435 4.98468 0 0 0 1 
-0.854975 0.51718 0.0392601 -13.0507 0.3288 0.4819 0.812196 -33.6643 -0.401133 -0.707317 0.582061 -0.356834 0 0 0 1 
-0.776048 -0.626479 -0.0726231 16.1125 -0.309406 0.277851 0.909432 -22.6805 0.549562 -0.728233 0.409462 1.7514 0 0 0 1 
-0.843817 -0.533411 -0.0586971 13.7856 -0.242154 0.280875 0.928693 -21.0525 0.478889 -0.797861 0.366174 2.76011 0 0 0 1 
-0.979544 -0.197055 -0.0407894 6.53745 -0.104797 0.326491 0.939373 -21.708 0.171791 -0.924432 0.340462 5.58427 0 0 0 1 
-0.993486 0.111995 -0.0210231 -0.748674 0.0154943 0.315546 0.948783 -25.4297 -0.112893 -0.942277 0.315226 11.0739 0 0 0 1 
-0.999391 0.0335466 -0.0096177 -1.09591 1.34064e-06 0.275637 0.961262 -57.3717 -0.0348981 -0.960676 0.275469 31.3794 0 0 0 1 
-0.99064 -0.116918 -0.0704415 5.77695 -0.100347 0.273961 0.956492 -45.3305 0.0925324 -0.954608 0.283129 27.049 0 0 0 1 
-0.957316 -0.274821 -0.0895492 10.1592 -0.164876 0.26474 0.95012 -33.9431 0.237406 -0.92433 0.298751 19.5899 0 0 0 1 
-0.908684 -0.41127 -0.0717629 11.7997 -0.191944 0.258912 0.946637 -25.3398 0.370744 -0.873969 0.31421 11.0389 0 0 0 1 
-0.883641 -0.462796 -0.0706957 12.7371 -0.207346 0.25148 0.945392 -24.0615 0.419745 -0.850046 0.318177 9.33776 0 0 0 1 
-0.735822 0.675752 0.0438851 -15.8782 0.309407 0.27785 0.909432 -22.8103 -0.602357 -0.682758 0.413531 0.772842 0 0 0 1 
-0.827852 0.559213 0.0440639 -13.8959 0.250903 0.298884 0.920715 -23.394 -0.501706 -0.773272 0.38774 3.47791 0 0 0 1 
-0.980422 0.195663 0.0221078 -5.9509 0.0859389 0.324175 0.942086 -24.6407 -0.177164 -0.925541 0.334644 8.96733 0 0 0 1 
-0.998941 -0.0459928 -0.00101538 -0.0256805 -0.0154926 0.315547 0.948783 -25.4298 0.0433168 -0.947795 0.315925 11.0992 0 0 0 1 
-0.978343 0.206485 0.0144699 -5.46434 0.0890212 0.356618 0.929999 -28.3068 -0.186871 -0.911146 0.367276 10.1363 0 0 0 1 
-0.837579 0.544495 0.0445767 -13.513 0.28643 0.368192 0.884529 -30.7687 -0.465209 -0.753631 0.46435 4.98468 0 0 0 1 
-0.854975 0.51718 0.0392601 -13.0507 0.3288 0.4819 0.812197 -33.6643 -0.401133 -0.707317 0.582061 -0.356819 0 0 0 1 
-0.776048 -0.626479 -0.0726231 16.1125 -0.309406 0.277851 0.909432 -22.6805 0.549562 -0.728233 0.409462 1.75141 0 0 0 1 
-0.843817 -0.533411 -0.0586972 13.7856 -0.242154 0.280875 0.928693 -21.0525 0.478889 -0.797861 0.366174 2.76011 0 0 0 1 
-0.979544 -0.197055 -0.0407894 6.53745 -0.104797 0.326491 0.939373 -21.708 0.171791 -0.924432 0.340462 5.58427 0 0 0 1 
-0.993486 0.111995 -0.021023 -0.748688 0.0154943 0.315546 0.948783 -25.4298 -0.112893 -0.942278 0.315226 11.0739 0 0 0 1 
-0.999391 0.0141948 -0.0318825 0.78794 -1.48875e-07 0.913545 0.406737 -27.3657 -0.0348997 -0.406489 0.912989 -22.5636 0 0 0 1 
-0.993995 -0.100922 -0.0422963 3.55993 -0.107907 0.839819 0.532034 -23.8452 0.0181726 -0.533403 0.845666 -19.3747 0 0 0 1 
-0.975515 -0.215981 -0.0415165 5.98897 -0.191096 0.738917 0.64613 -19.9255 0.108874 -0.638243 0.762098 -17.4589 0 0 0 1 
-0.947714 -0.317515 -0.0319681 7.85594 -0.237756 0.63571 0.734401 -16.5392 0.212861 -0.703603 0.677963 -16.8857 0 0 0 1 
-0.933156 -0.35818 -0.0304606 8.65285 -0.25986 0.613596 0.745636 -15.9355 0.248381 -0.70371 0.665657 -17.0305 0 0 0 1 
-0.878882 0.476556 -0.0214564 -8.66984 0.309245 0.603413 0.735024 -15.908 -0.363227 -0.639364 0.677702 -18.1792 0 0 0 1 
-0.901727 0.431823 -0.02041 -7.7944 0.275534 0.610463 0.742574 -16.0278 -0.33312 -0.663975 0.669453 -17.6914 0 0 0 1 
-0.973526 0.227677 -0.0202324 -3.63905 0.134901 0.643762 0.753241 -16.6772 -0.184521 -0.730571 0.657433 -16.3501 0 0 0 1 
-0.996023 0.0870019 -0.0192418 -0.819898 0.043502 0.663261 0.747123 -17.0015 -0.0777634 -0.743314 0.664408 -16.178 0 0 0 1 
-0.980751 0.194312 -0.0192456 -3.0657 0.126107 0.705565 0.697334 -17.7065 -0.14908 -0.681484 0.716488 -17.6549 0 0 0 1 
-0.93198 0.362003 -0.0191633 -6.55793 0.273699 0.737336 0.617596 -18.0352 -0.237701 -0.570342 0.786262 -20.2837 0 0 0 1 
-0.9166 0.399166 -0.022583 -7.25826 0.330003 0.787252 0.520895 -18.3009 -0.225702 -0.47 0.853322 -22.9048 0 0 0 1 
-0.842776 -0.537451 -0.0295937 12.2268 -0.383558 0.561066 0.733545 -14.9909 0.37764 -0.629565 0.678996 -18.4286 0 0 0 1 
-0.871687 -0.489514 -0.0231953 11.104 -0.325965 0.543809 0.773316 -14.544 0.365935 -0.681651 0.633596 -17.4339 0 0 0 1 
-0.965446 -0.259728 -0.0213681 6.39125 -0.177592 0.595689 0.783336 -15.3464 0.190725 -0.760063 0.621231 -16.1496 0 0 0 1 
-0.999021 -0.0349392 -0.0271511 1.94644 -0.0435016 0.663261 0.747122 -17.0014 0.00809559 -0.747572 0.664132 -16.0814 0 0 0 1 
-0.932542 -0.344405 -0.108397 16.5888 -0.354501 0.8164 0.455874 -26.9308 0.0685099 -0.463548 0.883419 -19.0919 0 0 0 1 
-0.855539 -0.501365 -0.129172 21.2834 -0.480857 0.676987 0.557194 -19.9677 0.19191 -0.538815 0.820274 -17.8021 0 0 0 1 
-0.75235 -0.645007 -0.133926 24.9408 -0.558369 0.516497 0.649196 -12.906 0.349564 -0.563203 0.748738 -19.1487 0 0 0 1 
-0.693028 -0.705362 -0.14892 26.8279 -0.54655 0.379374 0.746565 -8.92449 0.470102 -0.598783 0.648432 -18.6478 0 0 0 1 
-0.910145 -0.339954 -0.236785 19.421 -0.344521 0.303643 0.888317 -13.7724 0.230088 -0.890074 0.393481 3.97441 0 0 0 1 
-0.619024 0.72673 0.297779 -34.3274 0.374755 -0.0598844 0.925188 -4.93944 -0.690194 -0.684308 0.235276 7.62679 0 0 0 1 
-0.740646 0.635767 0.217355 -27.4733 0.310756 0.0373177 0.949757 -8.9095 -0.595713 -0.770978 0.225207 10.2204 0 0 0 1 
-0.950676 0.309854 0.0143036 -8.19588 0.090277 0.232277 0.968451 -15.2252 -0.296757 -0.921975 0.248793 12.3295 0 0 0 1 
-0.994677 0.0709634 -0.0747162 2.75204 -0.0448403 0.354755 0.933883 -17.3115 -0.0927776 -0.932262 0.349685 7.25244 0 0 0 1 
-0.934672 0.352266 0.047938 -11.8686 0.218754 0.463577 0.858629 -18.7645 -0.280243 -0.813022 0.510352 -2.057 0 0 0 1 
-0.672294 0.724018 0.154334 -27.8077 0.597129 0.407145 0.691137 -11.4123 -0.437559 -0.556805 0.706053 -16.306 0 0 0 1 
-0.583298 0.793546 0.173345 -30.7887 0.707125 0.391092 0.589085 -9.25156 -0.399672 -0.466189 0.789259 -19.5016 0 0 0 1 
-0.994517 -0.103739 -0.0132164 -2.69126 -0.0647999 0.512101 0.856478 -20.1754 0.0820822 -0.852638 0.516016 -2.24806 0 0 0 1 
-0.999705 0.0136453 0.0200994 -7.54012 0.0241105 0.455944 0.889682 -18.1098 -0.00297566 -0.889904 0.456138 -0.93536 0 0 0 1 
-0.939512 0.329154 0.0947398 -19.0313 0.229448 0.399449 0.887578 -14.7424 -0.254306 -0.855628 0.45081 -3.68019 0 0 0 1 
-0.876348 0.468876 0.110315 -21.9026 0.332286 0.42268 0.843165 -14.5132 -0.348712 -0.775562 0.526216 -7.58511 0 0 0 1 
-0.626307 -0.742889 -0.236338 46.2728 -0.711742 0.421212 0.562142 -33.3283 0.318061 -0.520285 0.792553 -3.69904 0 0 0 1 
-0.428144 -0.85162 -0.302383 56.2535 -0.772126 0.170852 0.612072 -17.7753 0.46959 -0.495533 0.730707 -4.54523 0 0 0 1 
-0.205234 -0.917421 -0.340908 63.5693 -0.759256 -0.0705539 0.646957 -1.86991 0.617584 -0.391614 0.682078 -11.4221 0 0 0 1 
-0.150913 -0.912908 -0.379243 64.7778 -0.656281 -0.194374 0.729051 5.63239 0.739271 -0.358913 0.56979 -12.1898 0 0 0 1 
-0.882751 -0.38479 -0.269604 23.6485 -0.251861 -0.0968642 0.962904 -3.33387 0.396631 -0.917907 0.0114069 33.473 0 0 0 1 
-0.235404 0.621781 0.746977 -45.9069 0.512797 -0.573426 0.638922 32.2736 -0.825605 -0.533452 0.183861 1.81566 0 0 0 1 
-0.506069 0.559599 0.65631 -44.1754 0.487931 -0.44172 0.752866 23.1301 -0.711209 -0.701236 0.0495052 15.0282 0 0 0 1 
-0.932862 0.220432 0.284919 -21.3858 0.245723 -0.188982 0.95074 3.49681 -0.263418 -0.95692 -0.12213 36.9945 0 0 0 1 
-0.995984 -0.0796889 0.0408083 0.179657 0.0420913 -0.0144883 0.999009 -7.41742 0.0790185 -0.996715 -0.0177844 37.127 0 0 0 1 
-0.899593 0.300826 0.316601 -25.5052 0.399782 0.27541 0.874256 -8.17228 -0.175804 -0.913046 0.368022 12.9928 0 0 0 1 
-0.410029 0.829407 0.379421 -36.0194 0.865101 0.221885 0.449853 17.5499 -0.288923 -0.512691 0.8085 -18.969 0 0 0 1 
-0.238537 0.903008 0.357318 -33.9191 0.949777 0.140186 0.279772 24.9682 -0.202546 -0.406108 0.891096 -21.013 0 0 0 1 
-0.940422 0.0994608 0.325138 -27.523 0.334375 0.443925 0.831339 -3.5278 0.0616516 -0.890527 0.450734 2.17603 0 0 0 1 
-0.883744 0.26951 0.382574 -33.3771 0.460892 0.359587 0.811342 3.84204 -0.0810958 -0.893343 0.441997 -2.53567 0 0 0 1 
-0.660738 0.609942 0.437489 -39.0736 0.673346 0.22407 0.704555 16.1555 -0.33171 -0.760108 0.558753 -15.6206 0 0 0 1 
-0.612231 0.673963 0.413458 -37.7647 0.715303 0.249287 0.652838 14.7729 -0.336918 -0.695435 0.634709 -16.1754 0 0 0 1 
-0.433158 -0.773294 -0.463024 77.4054 -0.775124 0.0574414 0.629193 -40.4643 0.459955 -0.631441 0.62428 19.9039 0 0 0 1 
-0.165239 -0.796551 -0.581552 95.6598 -0.773628 -0.261047 0.577369 -12.2421 0.611716 -0.545309 0.573099 17.819 0 0 0 1 
0.117497 -0.753381 -0.647003 108.402 -0.677034 -0.537405 0.502814 18.1884 0.726512 -0.378964 0.573208 4.4352 0 0 0 1 
0.11629 -0.716185 -0.688154 105.879 -0.526599 -0.631914 0.568665 29.9727 0.842123 -0.296251 0.450627 3.73852 0 0 0 1 
-0.983373 -0.180248 -0.0220852 -4.07197 0.044017 -0.354579 0.93399 20.5835 0.176181 -0.917488 -0.356618 47.7554 0 0 0 1 
0.618429 0.381516 0.687016 17.8883 0.298952 -0.922729 0.243306 51.5224 -0.726755 -0.0549176 0.684698 -34.3588 0 0 0 1 
0.258178 0.475773 0.840823 -6.79563 0.466626 -0.823489 0.322685 58.2844 -0.845934 -0.30904 0.434615 -27.1275 0 0 0 1 
-0.599269 0.322652 0.732647 -35.0486 0.513213 -0.547542 0.660916 46.8209 -0.614401 -0.772071 -0.162536 15.3415 0 0 0 1 
-0.927441 0.0272686 0.372975 -22.204 0.345144 -0.32156 0.881745 24.3026 -0.143978 -0.946496 -0.288816 43.2313 0 0 0 1 
-0.681367 0.472276 0.559191 -31.1629 0.667753 0.0882249 0.739136 21.7985 -0.299742 -0.877024 0.375477 3.82378 0 0 0 1 
0.0251967 0.97356 0.227038 4.35364 0.970471 -0.078322 0.228149 44.1873 -0.239899 -0.214585 0.946785 -28.6051 0 0 0 1 
0.254795 0.960968 0.107794 18.6251 0.963008 -0.262275 0.0618655 45.7901 -0.0877225 -0.0880432 0.992247 -23.4179 0 0 0 1 
-0.727284 0.522584 0.444933 -25.4912 0.669556 0.397746 0.62729 35.475 -0.150841 -0.754125 0.639173 -27.941 0 0 0 1 
-0.55908 0.708173 0.431185 -18.3142 0.772334 0.255683 0.581487 43.6755 -0.301547 -0.658116 0.689894 -38.5531 0 0 0 1 
-0.150063 0.941405 0.302056 3.78172 0.886729 -0.00696482 0.462238 51.2279 -0.437257 -0.337206 0.833726 -47.3049 0 0 0 1 
-0.146862 0.945281 0.291335 1.39169 0.907666 0.011719 0.419529 47.7621 -0.393158 -0.326048 0.859721 -40.2318 0 0 0 1 
-0.596914 -0.461422 -0.65634 91.8364 -0.801491 0.379802 0.461912 -15.5672 -0.036143 -0.801773 0.596535 -28.8745 0 0 0 1 
-0.455362 -0.541078 -0.707022 89.5112 -0.881601 0.163257 0.442861 4.82357 0.124197 -0.824973 0.551356 -34.1899 0 0 0 1 
-0.301844 -0.60719 -0.734991 82.8985 -0.908643 -0.0501103 0.414556 20.888 0.288544 -0.792976 0.536593 -45.5987 0 0 0 1 
-0.345055 -0.504121 -0.791707 80.1173 -0.860675 -0.166528 0.481151 22.3416 0.3744 -0.847426 0.376424 -49.4655 0 0 0 1 
-0.716019 0.673595 -0.183265 64.2078 -0.587002 -0.438881 0.680303 -14.7417 -0.377818 -0.594687 -0.709648 42.6 0 0 0 1 
-0.00606787 -0.70861 0.705575 -76.367 -0.832245 -0.387588 -0.396413 28.7364 -0.554375 0.589616 0.587385 11.9146 0 0 0 1 
-0.0161309 -0.418771 0.907948 -67.266 -0.786193 -0.555738 -0.27029 10.9624 -0.617771 0.718182 0.32027 38.0564 0 0 0 1 
-0.174946 0.400698 0.899353 -10.2263 -0.671225 -0.716808 0.188797 -20.2491 -0.720313 0.570639 -0.394361 71.3177 0 0 0 1 
-0.36434 0.747913 0.554872 34.0558 -0.502592 -0.659521 0.558957 -32.0294 -0.784001 0.0752244 -0.616185 49.1915 0 0 0 1 
0.0539553 0.523713 0.850184 9.01989 0.131215 -0.84776 0.513893 -34.2149 -0.989884 -0.08383 0.11446 -8.88966 0 0 0 1 
0.860751 0.184911 0.474252 32.2177 0.271921 -0.954642 -0.121312 -12.2477 -0.43031 -0.233378 0.871991 -39.2389 0 0 0 1 
0.962903 -0.0369443 0.267304 37.1292 0.0653985 -0.929102 -0.363995 -14.7983 -0.2618 -0.367974 0.89222 -38.0631 0 0 0 1 
0.125554 0.612468 0.780461 22.2602 0.527833 -0.70734 0.470173 4.01418 -0.840017 -0.352921 0.41209 -56.3031 0 0 0 1 
0.403072 0.47988 0.779261 28.4226 0.409749 -0.85601 0.315201 2.67255 -0.818314 -0.192253 0.541665 -56.9519 0 0 0 1 
0.804884 0.158086 0.571988 40.6131 0.162389 -0.985748 0.0439317 -3.69117 -0.570781 -0.0575245 0.819085 -49.536 0 0 0 1 
0.787346 0.231177 0.571528 37.3841 0.247873 -0.967508 0.0498724 -6.1745 -0.564487 -0.1024 0.819066 -45.0511 0 0 0 1 
-0.410327 -0.848621 -0.333877 99.3135 -0.900307 0.435257 0.000154674 16.8682 -0.145191 -0.300655 0.942617 -100.103 0 0 0 1 
-0.288935 -0.858501 -0.423666 95.5195 -0.956618 0.276188 0.0927442 26.5945 -0.0373904 -0.432084 0.901058 -108.798 0 0 0 1 
-0.162812 -0.853196 -0.495529 86.8704 -0.98452 0.107446 0.138477 33.0191 0.0649052 -0.510404 0.857482 -121.427 0 0 0 1 
-0.244734 -0.73256 -0.635186 86.7052 -0.953076 0.0613613 0.296447 19.8252 0.17819 -0.677931 0.713203 -118.67 0 0 0 1 
-0.783372 0.50482 -0.362609 80.3289 -0.371331 0.0877264 0.924347 -31.2405 -0.498439 -0.858755 -0.118733 -25.5374 0 0 0 1 
0.259776 -0.364285 0.894323 -72.8892 -0.965622 -0.107128 0.23685 -67.1887 -0.00952673 0.925105 0.379591 95.9734 0 0 0 1 
0.257181 -0.136291 0.956704 -45.6437 -0.943965 -0.247345 0.21852 -74.331 -0.206854 0.959294 0.192267 98.9185 0 0 0 1 
0.158147 0.592486 0.789905 39.8494 -0.7996 -0.392515 0.454503 -78.7352 -0.579336 0.703486 -0.411677 87.4263 0 0 0 1 
-0.135831 0.876851 0.461176 70.4619 -0.683846 -0.419797 0.596762 -70.64 -0.716871 0.234315 -0.656653 56.4371 0 0 0 1 
-0.0271426 0.51338 0.857732 -2.61363 -0.213745 -0.841184 0.496712 -80.5424 -0.976512 0.169853 -0.132564 8.77313 0 0 0 1 
0.590133 -0.0585086 0.805183 -30.3314 0.111348 -0.981939 -0.152961 -30.1327 -0.79959 -0.179923 0.57296 -61.2903 0 0 0 1 
0.708138 -0.339173 0.619275 -23.0919 0.0355377 -0.858836 -0.511016 -6.33422 -0.705179 -0.383878 0.596122 -67.9538 0 0 0 1 
-0.10948 0.511958 0.852005 -13.8589 0.129135 -0.842567 0.522881 -51.4663 -0.985565 -0.167269 -0.0261326 -37.977 0 0 0 1 
0.0945857 0.256786 0.961829 -24.6534 0.0444762 -0.966286 0.253602 -37.1913 -0.994523 -0.0187914 0.102818 -42.3316 0 0 0 1 
0.448002 -0.212899 0.868314 -25.2263 -0.0870861 -0.977006 -0.194617 -13.6787 -0.889781 -0.0115702 0.456241 -57.6322 0 0 0 1 
0.47156 -0.0711153 0.878962 -26.6387 -0.00102766 -0.996787 -0.0800971 -25.9432 -0.881833 -0.0368675 0.470118 -55.1487 0 0 0 1 
-0.527026 -0.468838 -0.708827 96.3253 -0.846245 0.212774 0.488464 -31.5327 0.0781905 -0.857274 0.508889 -8.14588 0 0 0 1 
-0.269624 -0.524868 -0.807351 111.257 -0.922328 -0.100232 0.373183 -4.51428 0.276795 -0.845261 0.457076 -7.1921 0 0 0 1 
0.00880653 -0.525742 -0.850599 120.847 -0.89137 -0.389641 0.231602 25.8014 0.453191 -0.756159 0.472062 -17.6549 0 0 0 1 
0.0376042 -0.487333 -0.872406 119.317 -0.79515 -0.54336 0.269251 34.2069 0.605246 -0.683569 0.407936 -20.5055 0 0 0 1 
-0.899077 0.143848 -0.413483 44.5091 -0.437775 -0.303337 0.846369 -14.3132 0.00367621 -0.941964 -0.335696 29.7995 0 0 0 1 
-0.208015 0.545403 0.811952 -65.5636 -0.0515015 -0.835066 0.547734 -6.2942 -0.976769 -0.0721202 -0.201795 22.8404 0 0 0 1 
-0.414613 0.579889 0.701303 -53.4179 0.0172379 -0.765521 0.64318 -10.4658 -0.909835 -0.27876 -0.307399 34.6974 0 0 0 1 
-0.821523 0.485205 0.29946 -13.2527 -0.0445142 -0.578183 0.814692 -18.1929 -0.568436 -0.655958 -0.49659 51.7049 0 0 0 1 
-0.93973 0.341719 -0.0116634 16.8409 -0.14639 -0.371277 0.916909 -24.3074 -0.308995 -0.863355 -0.398925 39.6438 0 0 0 1 
-0.673108 0.731634 0.107876 14.8337 0.215832 0.0548234 0.97489 -41.0799 -0.707349 -0.67949 0.194812 -13.4296 0 0 0 1 
0.183015 0.982941 0.0182422 37.7096 0.541476 -0.116271 0.832638 -50.0355 -0.820555 0.142508 0.553518 -39.5994 0 0 0 1 
0.422043 0.887504 0.184979 25.5578 0.659768 -0.440622 0.608735 -34.2165 -0.621761 0.134869 0.771508 -48.0802 0 0 0 1 
-0.637942 0.725305 -0.258774 49.7158 0.226992 0.49821 0.836817 -21.8946 -0.735871 -0.475101 0.482467 -62.0594 0 0 0 1 
-0.452132 0.874379 -0.176178 49.1526 0.288879 0.330422 0.898538 -27.5663 -0.843876 -0.355363 0.401984 -56.528 0 0 0 1 
-0.00814915 0.999902 0.011447 43.9334 0.390733 -0.00735335 0.920475 -35.2034 -0.920468 -0.0119737 0.390634 -45.5002 0 0 0 1 
-0.000152647 0.993972 0.109633 31.9618 0.50456 -0.0945786 0.858181 -30.2838 -0.863376 -0.0554476 0.501505 -45.8582 0 0 0 1 
-0.714977 -0.538376 -0.446048 51.391 -0.686876 0.421892 0.591784 -33.7543 0.130418 -0.729492 0.671441 -4.0335 0 0 0 1 
-0.540375 -0.637674 -0.548969 62.2074 -0.786252 0.150309 0.599346 -17.469 0.299672 -0.755499 0.582595 -0.982018 0 0 0 1 
-0.338934 -0.699857 -0.628749 70.898 -0.811141 -0.121194 0.572156 0.760727 0.476628 -0.703927 0.526606 -4.55149 0 0 0 1 
-0.271807 -0.700955 -0.659381 72.5112 -0.744394 -0.28111 0.605686 9.85997 0.609917 -0.655469 0.445379 -6.97189 0 0 0 1 
-0.838102 -0.27839 -0.469131 38.4901 -0.476397 -0.0454526 0.878055 -13.0801 0.265765 -0.959392 0.0945305 19.8873 0 0 0 1 
-0.801037 0.559081 0.213936 -45.1356 0.136158 -0.177851 0.974592 -22.357 -0.582925 -0.809813 -0.0663423 39.7244 0 0 0 1 
-0.876125 0.456133 0.156038 -32.1487 0.0935873 -0.15659 0.98322 -23.496 -0.472913 -0.876026 -0.0945037 43.5781 0 0 0 1 
-0.979255 0.189251 -0.072411 0.742189 -0.0940963 -0.108224 0.989664 -22.838 -0.179458 -0.975947 -0.123787 42.9365 0 0 0 1 
-0.980668 0.0445988 -0.190531 14.984 -0.190688 0.000759408 0.98165 -21.7316 -0.0439251 -0.999005 -0.00775986 28.4225 0 0 0 1 
-0.919548 0.391323 -0.036025 -4.06869 0.135183 0.401065 0.90602 -29.861 -0.368995 -0.828259 0.421699 -4.8239 0 0 0 1 
-0.497501 0.858144 -0.126812 -7.35257 0.595786 0.444274 0.669074 -19.0369 -0.630501 -0.257312 0.732297 -40.4962 0 0 0 1 
-0.299359 0.949915 0.0897008 -20.2667 0.800388 0.198831 0.565549 -5.52593 -0.519388 -0.241097 0.819822 -39.7008 0 0 0 1 
-0.983573 0.0964655 -0.152575 2.62854 -0.037426 0.717889 0.695151 -23.2208 -0.17659 -0.689442 0.702487 -34.2502 0 0 0 1 
-0.950418 0.282582 -0.129819 -2.65323 0.0850499 0.637744 0.765539 -22.4178 -0.299119 -0.716541 0.630157 -32.8355 0 0 0 1 
-0.755093 0.653611 -0.0512524 -12.3208 0.339647 0.456849 0.822149 -17.8233 -0.560781 -0.603391 0.56696 -33.8944 0 0 0 1 
-0.680947 0.730606 0.0502616 -18.2096 0.457465 0.370769 0.808242 -14.923 -0.571871 -0.573363 0.586701 -30.3622 0 0 0 1 
-0.925492 0.375901 0.0465084 -15.2167 0.354501 0.8164 0.455873 -26.9309 -0.133394 -0.438394 0.888829 -20.2025 0 0 0 1 
-0.99933 -0.0125337 -0.034379 0.267616 -0.031277 0.780233 0.624707 -27.0208 -0.0189937 -0.625364 0.780102 -12.7937 0 0 0 1 
-0.909715 -0.396058 -0.124727 16.389 -0.351876 0.575827 0.737975 -19.7104 0.22046 -0.715235 0.663202 -9.52689 0 0 0 1 
-0.704299 -0.681419 -0.199079 28.8151 -0.524018 0.309831 0.793354 -9.25258 0.478925 -0.663079 0.575289 -12.5437 0 0 0 1 
-0.616332 -0.755881 -0.22086 31.9862 -0.56716 0.231507 0.790401 -6.05129 0.546318 -0.612412 0.571391 -14.7922 0 0 0 1 
-0.997687 0.0448201 -0.0510977 6.91452 -0.020599 0.517037 0.855715 -19.76 -0.0647727 -0.854788 0.514919 -2.25681 0 0 0 1 
-0.995135 -0.0633837 -0.075423 11.2378 -0.0970084 0.496833 0.862407 -18.9517 0.0171899 -0.865528 0.500565 -1.88124 0 0 0 1 
-0.929473 -0.341731 -0.138926 21.2965 -0.285472 0.427805 0.857607 -15.4427 0.233638 -0.836782 0.495187 -3.98677 0 0 0 1 
-0.898538 -0.413634 -0.146752 22.3783 -0.332285 0.42268 0.843165 -14.5131 0.286732 -0.80638 0.517239 -6.03892 0 0 0 1 
-0.985898 0.167064 -0.0097356 -2.70857 0.0965713 0.615482 0.782212 -19.4674 -0.136671 -0.770241 0.622936 -9.63687 0 0 0 1 
-0.661786 0.743062 0.0994857 -25.404 0.617917 0.465494 0.633635 -10.1329 -0.42452 -0.480805 0.767209 -22.1285 0 0 0 1 
-0.895748 0.396836 0.200389 -19.4565 0.405519 0.544649 0.734106 -22.1968 -0.182178 -0.738836 0.648793 -2.95832 0 0 0 1 
-0.572605 -0.730789 -0.37158 37.2997 -0.42692 -0.121144 0.896138 -1.8934 0.699903 -0.671768 0.242621 6.95563 0 0 0 1 
-0.67028 -0.676332 -0.305452 32.6784 -0.350088 -0.0747456 0.93373 -3.3837 0.654342 -0.732795 0.186675 8.8198 0 0 0 1 
-0.911882 -0.396404 -0.106466 15.4925 -0.171851 0.133169 0.976081 -11.0085 0.372744 -0.908367 0.189557 12.4049 0 0 0 1 
-0.998725 -0.00575982 0.0501432 -3.25127 0.0448417 0.354756 0.933883 -17.3116 0.0231676 -0.934941 0.354045 7.04277 0 0 0 1 
-0.602595 0.777372 0.180477 -45.9022 0.711742 0.421212 0.562142 -33.3285 -0.360975 -0.467197 0.807109 -6.91777 0 0 0 1 
-0.954499 0.273368 -0.119167 -4.56896 0.101469 0.673478 0.732209 -34.7237 -0.280419 -0.686802 0.670573 4.26226 0 0 0 1 
-0.858482 -0.358133 -0.367082 28.3005 -0.509793 0.517975 0.686887 -9.70533 0.0558577 -0.776816 0.627246 -0.110742 0 0 0 1 
-0.433848 -0.790634 -0.432057 37.3516 -0.810691 0.133314 0.570096 18.9677 0.393138 -0.5976 0.698798 -19.1833 0 0 0 1 
-0.261386 -0.871717 -0.41447 35.5577 -0.852961 0.00760815 0.52192 26.2987 0.451813 -0.48995 0.74553 -25.9188 0 0 0 1 
-0.909331 -0.152435 -0.387145 30.3056 -0.413642 0.431659 0.801605 -1.04107 -0.0449222 -0.889063 0.455575 1.71797 0 0 0 1 
-0.849075 -0.307751 -0.429372 35.2274 -0.5238 0.384918 0.759916 4.60324 0.0685916 -0.870131 0.488025 -2.66799 0 0 0 1 
-0.638906 -0.608804 -0.470273 39.8508 -0.714032 0.241811 0.657029 16.335 0.286284 -0.755569 0.5892 -13.843 0 0 0 1 
-0.634242 -0.62381 -0.456726 38.801 -0.715303 0.249286 0.652838 14.7732 0.293392 -0.740755 0.604321 -13.5018 0 0 0 1 
-0.927832 0.347515 -0.135502 -2.34872 0.0631373 0.504361 0.861182 -19.8576 -0.367616 -0.790477 0.489903 6.61991 0 0 0 1 
-0.102933 0.936651 0.334799 -63.7905 0.765885 -0.140136 0.62752 3.42744 -0.634684 -0.32101 0.702942 -16.0932 0 0 0 1 
-0.856115 0.44751 0.258459 -25.7931 0.364717 0.168878 0.915676 -20.694 -0.366126 -0.878188 0.307793 27.9382 0 0 0 1 
-0.17629 -0.579733 -0.795507 45.5543 -0.531796 -0.623977 0.572578 36.1785 0.828321 -0.523987 0.198299 1.03448 0 0 0 1 
-0.370238 -0.565455 -0.737011 45.7505 -0.49493 -0.55133 0.671625 31.484 0.78611 -0.613429 0.0757375 7.6817 0 0 0 1 
-0.832622 -0.332648 -0.442815 31.425 -0.356974 -0.288971 0.888294 12.9697 0.42345 -0.897687 -0.121857 29.3401 0 0 0 1 
-0.988046 0.149021 -0.0394661 -2.7691 -0.042089 -0.0144884 0.999009 -7.41743 -0.148301 -0.988728 -0.0205873 37.0241 0 0 0 1 
-0.400018 0.815457 0.418349 -78.6056 0.775124 0.057442 0.629192 -40.4644 -0.489048 -0.57596 0.655058 14.456 0 0 0 1 
-0.937195 0.31246 -0.155029 -3.1574 0.0590684 0.580208 0.812323 -37.5855 -0.343768 -0.752148 0.562225 17.5334 0 0 0 1 
-0.70445 -0.539544 -0.461132 26.5917 -0.701668 0.431619 0.566894 13.2748 0.106831 -0.722909 0.682635 -8.28281 0 0 0 1 
0.00314008 -0.956762 -0.290855 -2.10864 -0.920086 -0.116695 0.373931 43.5197 0.391704 -0.266438 0.88067 -35.6909 0 0 0 1 
0.238473 -0.955316 -0.174647 -16.4869 -0.893853 -0.286223 0.345113 45.0035 0.37968 -0.0738086 0.922169 -37.8242 0 0 0 1 
-0.664681 -0.567639 -0.485784 24.4269 -0.728877 0.349828 0.588522 37.5732 0.164127 -0.745256 0.646263 -28.3949 0 0 0 1 
-0.504764 -0.731422 -0.458514 17.202 -0.820745 0.241988 0.517513 44.7152 0.267565 -0.637545 0.722458 -36.1578 0 0 0 1 
-0.131505 -0.933989 -0.332222 -3.03348 -0.912052 -0.0173184 0.409709 50.9577 0.388417 -0.356882 0.849569 -43.9804 0 0 0 1 
-0.173929 -0.920234 -0.350597 1.41795 -0.907666 0.0117184 0.41953 47.7626 0.381957 -0.391194 0.837303 -40.2311 0 0 0 1 
-0.929692 0.30124 -0.211963 4.13519 -0.0488438 0.469551 0.881554 -13.7026 -0.365086 -0.829926 0.421824 12.0998 0 0 0 1 
