a
34
2
0
1
0
-0.999391 -0.00576235 0.0344228 0.912374 1.74771e-06 -0.986285 -0.165053 37.6988 -0.0349018 0.164952 -0.985684 -26.1257 0 0 0 1 
-0.999391 -0.00576235 0.0344228 0.912374 1.74771e-06 -0.986285 -0.165053 37.6988 -0.0349018 0.164952 -0.985684 -26.1257 0 0 0 1 
-0.454095 0.755131 0.472838 -23.2455 -0.869588 -0.491168 -0.0507132 23.0979 -0.193948 0.434202 -0.879689 -34.3525 0 0 0 1 
-0.454095 0.755131 0.472838 -23.2455 -0.869588 -0.491168 -0.0507132 23.0979 -0.193948 0.434202 -0.879689 -34.3525 0 0 0 1 
-0.358248 0.851499 0.382895 -25.4099 -0.926022 -0.271833 -0.261899 22.3605 0.118923 0.448394 -0.88589 -34.5659 0 0 0 1 
-0.358248 0.851499 0.382895 -25.4099 -0.926022 -0.271833 -0.261899 22.3605 0.118923 0.448394 -0.88589 -34.5659 0 0 0 1 
-0.13024 0.934089 0.332439 -25.1165 -0.991342 -0.117051 -0.0594902 11.3182 0.0166569 0.337309 -0.941246 -30.1506 0 0 0 1 
-0.13024 0.934089 0.332439 -25.1165 -0.991342 -0.117051 -0.0594902 11.3182 0.0166569 0.337309 -0.941246 -30.1506 0 0 0 1 
-0.182629 0.897747 0.40087 -28.9408 -0.981876 -0.187543 -0.0273233 10.3796 -0.0506507 0.398594 -0.915727 -32.7807 0 0 0 1 
-0.182629 0.897747 0.40087 -28.9408 -0.981876 -0.187543 -0.0273233 10.3796 -0.0506507 0.398594 -0.915727 -32.7807 0 0 0 1 
-0.25965 0.947004 0.189117 -14.5476 -0.950718 -0.285036 0.122022 1.1762 -0.169461 0.148114 -0.974343 -24.8076 0 0 0 1 
-0.25965 0.947004 0.189117 -14.5476 -0.950718 -0.285036 0.122022 1.1762 -0.169461 0.148114 -0.974343 -24.8076 0 0 0 1 
-0.272562 0.945419 0.178588 -12.7293 -0.953085 -0.290708 0.0843621 6.4943 -0.131675 0.147216 -0.980301 -24.9993 0 0 0 1 
-0.272562 0.945419 0.178588 -12.7293 -0.953085 -0.290708 0.0843621 6.4943 -0.131675 0.147216 -0.980301 -24.9993 0 0 0 1 
-0.283604 0.94431 0.166879 -10.6155 -0.954396 -0.294876 0.0466461 12.2107 -0.093257 0.14604 -0.984873 -25.5362 0 0 0 1 
-0.283604 0.94431 0.166879 -10.6155 -0.954396 -0.294876 0.0466461 12.2107 -0.093257 0.14604 -0.984873 -25.5362 0 0 0 1 
-0.246324 0.948512 0.199124 -15.5831 -0.94683 -0.279383 0.159557 -3.95519 -0.206974 0.149234 -0.966898 -26.8618 0 0 0 1 
-0.246324 0.948512 0.199124 -15.5831 -0.94683 -0.279383 0.159557 -3.95519 -0.206974 0.149234 -0.966898 -26.8618 0 0 0 1 
-0.234037 0.949714 0.208017 -16.5293 -0.940961 -0.27509 0.197276 -9.44307 -0.244579 0.149566 -0.958025 -29.3958 0 0 0 1 
-0.234037 0.949714 0.208017 -16.5293 -0.940961 -0.27509 0.197276 -9.44307 -0.244579 0.149566 -0.958025 -29.3958 0 0 0 1 
-0.130239 0.934089 0.332439 -25.1165 -0.991343 -0.117049 -0.0594887 11.3182 0.0166559 0.337309 -0.941246 -30.1506 0 0 0 1 
-0.130239 0.934089 0.332439 -25.1165 -0.991343 -0.117049 -0.0594887 11.3182 0.0166559 0.337309 -0.941246 -30.1506 0 0 0 1 
-0.93533 0.308937 0.172382 3.89761 -0.346385 -0.898797 -0.268666 48.0965 -0.0719359 0.311002 -0.947683 -28.9461 0 0 0 1 
-0.93533 0.308937 0.172382 3.89761 -0.346385 -0.898797 -0.268666 48.0965 -0.0719359 0.311002 -0.947683 -28.9461 0 0 0 1 
-0.974294 0.114529 0.193995 6.78354 -0.213754 -0.741883 -0.635545 70.0568 -0.071133 0.660675 -0.747294 -42.4951 0 0 0 1 
-0.974294 0.114529 0.193995 6.78354 -0.213754 -0.741883 -0.635545 70.0568 -0.071133 0.660675 -0.747294 -42.4951 0 0 0 1 
-0.867399 0.431563 0.247734 7.60313 -0.452528 -0.477038 -0.753428 61.5476 0.206973 0.765629 -0.609076 -35.4218 0 0 0 1 
-0.867399 0.431563 0.247734 7.60313 -0.452528 -0.477038 -0.753428 61.5476 0.206973 0.765629 -0.609076 -35.4218 0 0 0 1 
0.638429 -0.767963 -0.0513935 139.683 0.52549 0.386118 0.758138 33.1291 0.562378 0.511024 -0.650065 -4.23382 0 0 0 1 
0.638429 -0.767963 -0.0513935 139.683 0.52549 0.386118 0.758138 33.1291 0.562378 0.511024 -0.650065 -4.23382 0 0 0 1 
0.33852 -0.919374 0.20039 83.6971 0.159542 0.26596 0.95069 -19.9503 0.927335 0.289857 -0.236711 10.9478 0 0 0 1 
0.33852 -0.919374 0.20039 83.6971 0.159542 0.26596 0.95069 -19.9503 0.927335 0.289857 -0.236711 10.9478 0 0 0 1 
0.225156 0.527264 0.819327 70.0253 -0.974322 0.120959 0.189909 -62.3793 -0.00102685 0.841048 -0.54096 -49.4148 0 0 0 1 
0.225156 0.527264 0.819327 70.0253 -0.974322 0.120959 0.189909 -62.3793 -0.00102685 0.841048 -0.54096 -49.4148 0 0 0 1 
-0.731505 0.437338 0.523102 -5.56563 -0.672316 -0.590401 -0.446562 24.3812 -0.113542 0.678352 -0.725911 -47.0517 0 0 0 1 
-0.731505 0.437338 0.523102 -5.56563 -0.672316 -0.590401 -0.446562 24.3812 -0.113542 0.678352 -0.725911 -47.0517 0 0 0 1 
-0.41582 0.865881 0.278108 -19.9214 -0.906848 -0.41787 -0.0548703 20.7858 -0.0687021 0.275018 -0.958981 -27.1613 0 0 0 1 
-0.41582 0.865881 0.278108 -19.9214 -0.906848 -0.41787 -0.0548703 20.7858 -0.0687021 0.275018 -0.958981 -27.1613 0 0 0 1 
-0.971224 0.236352 -0.0293434 35.7201 -0.184982 -0.826199 -0.532143 38.2686 0.150016 0.511402 -0.846146 -48.2292 0 0 0 1 
-0.971224 0.236352 -0.0293434 35.7201 -0.184982 -0.826199 -0.532143 38.2686 0.150016 0.511402 -0.846146 -48.2292 0 0 0 1 
-0.988355 0.147442 -0.0376109 38.1214 -0.0995191 -0.813336 -0.57322 35.6826 0.115107 0.562802 -0.818538 -48.4085 0 0 0 1 
-0.988355 0.147442 -0.0376109 38.1214 -0.0995191 -0.813336 -0.57322 35.6826 0.115107 0.562802 -0.818538 -48.4085 0 0 0 1 
-0.495206 -0.80128 -0.335741 -5.26593 0.835906 -0.334157 -0.435432 -64.8644 -0.236713 0.496276 -0.835271 -14.8839 0 0 0 1 
-0.495206 -0.80128 -0.335741 -5.26593 0.835906 -0.334157 -0.435432 -64.8644 -0.236713 0.496276 -0.835271 -14.8839 0 0 0 1 
-0.533393 -0.773273 0.342844 -76.0021 0.702475 -0.630736 -0.329699 -62.0223 -0.471191 -0.0649801 -0.879634 36.3446 0 0 0 1 
-0.533393 -0.773273 0.342844 -76.0021 0.702475 -0.630736 -0.329699 -62.0223 -0.471191 -0.0649801 -0.879634 36.3446 0 0 0 1 
-0.947499 -0.314746 0.0564059 9.98224 0.16301 -0.627207 -0.761603 18.4164 -0.27509 0.712423 -0.645584 -13.9944 0 0 0 1 
-0.947499 -0.314746 0.0564059 9.98224 0.16301 -0.627207 -0.761603 18.4164 -0.27509 0.712423 -0.645584 -13.9944 0 0 0 1 
-0.970016 -0.241745 -0.0250487 43.5924 0.203183 -0.75007 -0.629374 18.2311 -0.13336 0.615592 -0.776698 -36.2513 0 0 0 1 
-0.970016 -0.241745 -0.0250487 43.5924 0.203183 -0.75007 -0.629374 18.2311 -0.13336 0.615592 -0.776698 -36.2513 0 0 0 1 
-0.0167616 0.878939 0.476639 -33.8443 -0.861895 -0.254335 0.438693 13.1438 -0.50681 0.40346 -0.761816 -29.1774 0 0 0 1 
-0.0167616 0.878939 0.476639 -33.8443 -0.861895 -0.254335 0.438693 13.1438 -0.50681 0.40346 -0.761816 -29.1774 0 0 0 1 
-0.0167632 0.99688 0.077131 -40.7368 -0.861895 -0.0535089 0.504256 9.57211 -0.50681 0.058026 -0.860103 -22.8754 0 0 0 1 
-0.0167632 0.99688 0.077131 -40.7368 -0.861895 -0.0535089 0.504256 9.57211 -0.50681 0.058026 -0.860103 -22.8754 0 0 0 1 
0.257422 0.899306 -0.353529 -53.6435 -0.956676 0.288694 0.0377764 -11.5746 -0.136034 -0.328488 -0.93466 -19.1958 0 0 0 1 
0.257422 0.899306 -0.353529 -53.6435 -0.956676 0.288694 0.0377764 -11.5746 -0.136034 -0.328488 -0.93466 -19.1958 0 0 0 1 
0.237495 0.95876 0.156123 -37.5808 -0.911875 0.164654 0.375995 0.975161 -0.334783 0.231662 -0.913374 -24.9714 0 0 0 1 
0.237495 0.95876 0.156123 -37.5808 -0.911875 0.164654 0.375995 0.975161 -0.334783 0.231662 -0.913374 -24.9714 0 0 0 1 
-0.0723311 0.996137 0.0497964 -21.0133 -0.756327 -0.0873283 0.648339 9.06554 -0.650183 -0.00923274 -0.759721 -30.1483 0 0 0 1 
-0.0723311 0.996137 0.0497964 -21.0133 -0.756327 -0.0873283 0.648339 9.06554 -0.650183 -0.00923274 -0.759721 -30.1483 0 0 0 1 
-0.0723315 0.804039 0.590161 -10.9949 -0.756327 -0.429948 0.493066 14.6836 -0.650183 0.41069 -0.639215 -37.7981 0 0 0 1 
-0.0723315 0.804039 0.590161 -10.9949 -0.756327 -0.429948 0.493066 14.6836 -0.650183 0.41069 -0.639215 -37.7981 0 0 0 1 
-0.0517439 0.79525 -0.60407 -42.0011 -0.871514 0.259397 0.416146 -10.0576 -0.487634 -0.547988 -0.679649 -7.25332 0 0 0 1 
-0.0517439 0.79525 -0.60407 -42.0011 -0.871514 0.259397 0.416146 -10.0576 -0.487634 -0.547988 -0.679649 -7.25332 0 0 0 1 
-0.682 0.415981 -0.601528 -18.7888 0.000600562 -0.822169 -0.569243 30.1132 0.731352 0.388585 -0.560469 -36.9655 0 0 0 1 
-0.682 0.415981 -0.601528 -18.7888 0.000600562 -0.822169 -0.569243 30.1132 0.731352 0.388585 -0.560469 -36.9655 0 0 0 1 
-0.400851 0.69043 -0.602183 -37.3037 -0.256703 -0.715618 -0.649611 21.3941 0.879444 0.105815 -0.464092 -16.0603 0 0 0 1 
-0.400851 0.69043 -0.602183 -37.3037 -0.256703 -0.715618 -0.649611 21.3941 0.879444 0.105815 -0.464092 -16.0603 0 0 0 1 
