a
34
13
25
1
0
-0.999391 0.0141948 -0.0318825 0.787941 -1.497e-07 0.913545 0.406737 -34.5534 -0.0348997 -0.406489 0.912989 -22.5636 0 0 0 1 
-0.999391 0.0146395 -0.0316806 0.774177 -1.11973e-07 0.907765 0.41948 -33.2381 -0.0348995 -0.419224 0.907212 -22.1695 0 0 0 1 
-0.999391 0.0151454 -0.0314418 0.758462 -1.32398e-07 0.900925 0.433976 -31.7248 -0.0348994 -0.433711 0.900376 -21.7194 0 0 0 1 
-0.999391 0.0156633 -0.0311872 0.742304 -9.25886e-08 0.893625 0.448814 -30.1558 -0.0348996 -0.448541 0.893081 -21.2567 0 0 0 1 
-0.999391 0.0161455 -0.0309403 0.727197 6.51471e-09 0.886552 0.462629 -28.6765 -0.0348996 -0.462347 0.886012 -20.8242 0 0 0 1 
-0.999391 0.0165457 -0.0307283 0.714614 1.48461e-08 0.880475 0.474093 -27.4345 -0.0348996 -0.473804 0.879939 -20.4639 0 0 0 1 
-0.999391 0.0168187 -0.0305797 0.706004 2.06811e-08 0.876218 0.481914 -26.5794 -0.0348997 -0.481621 0.875685 -20.2174 0 0 0 1 
-0.999391 0.0169198 -0.0305241 0.702811 2.28732e-08 0.87462 0.48481 -26.2613 -0.0348998 -0.484514 0.874087 -20.126 0 0 0 1 
-0.999391 0.0167277 -0.0306297 0.708878 1.87206e-08 0.877649 0.479305 -26.8654 -0.0348998 -0.479013 0.877114 -20.2997 0 0 0 1 
-0.999391 0.0162335 -0.0308942 0.724435 -8.10813e-08 0.885231 0.465151 -28.4043 -0.0348995 -0.464868 0.884692 -20.745 0 0 0 1 
-0.999391 0.0155613 -0.0312385 0.745495 -3.49921e-08 0.89509 0.445885 -30.4671 -0.0348998 -0.445614 0.894545 -21.3482 0 0 0 1 
-0.999391 0.0148374 -0.0315886 0.768039 -1.08353e-07 0.905124 0.425147 -32.6487 -0.0348997 -0.424888 0.904573 -21.9937 0 0 0 1 
-0.999391 0.0141948 -0.0318825 0.787941 -1.497e-07 0.913545 0.406737 -34.5534 -0.0348997 -0.406489 0.912989 -22.5636 0 0 0 1 
-0.999391 0.0141948 -0.0318825 0.787941 -1.48875e-07 0.913545 0.406737 -34.5534 -0.0348997 -0.406489 0.912989 -22.5636 0 0 0 1 
-0.999391 0.0152573 -0.0313877 0.754977 -1.29616e-07 0.899373 0.437182 -33.1192 -0.0348995 -0.436915 0.898825 -21.6196 0 0 0 1 
-0.999391 0.0164531 -0.0307776 0.717528 -1.50217e-07 0.881894 0.471447 -31.4376 -0.0348993 -0.47116 0.881357 -20.5472 0 0 0 1 
-0.999391 0.0176615 -0.0301006 0.679288 -6.32911e-08 0.862493 0.506069 -29.6595 -0.0348995 -0.505761 0.861968 -19.4522 0 0 0 1 
-0.999391 0.0187702 -0.029422 0.643825 4.56532e-08 0.84305 0.537836 -27.9515 -0.0348995 -0.537508 0.842536 -18.4368 0 0 0 1 
-0.999391 0.0196773 -0.0288233 0.614529 9.63278e-08 0.825895 0.563825 -26.4946 -0.0348995 -0.563481 0.825392 -17.5979 0 0 0 1 
-0.999391 0.0202888 -0.0283962 0.594627 9.95897e-08 0.813657 0.581345 -25.4798 -0.0348995 -0.580991 0.813162 -17.028 0 0 0 1 
-0.999391 0.0205136 -0.0282344 0.587277 7.03617e-08 0.809017 0.587785 -25.0997 -0.0348997 -0.587427 0.808524 -16.8175 0 0 0 1 
-0.999391 0.0200856 -0.0285405 0.601256 1.45996e-07 0.817788 0.575519 -25.8203 -0.0348997 -0.575169 0.81729 -17.2179 0 0 0 1 
-0.999391 0.0189707 -0.029293 0.637371 -2.90629e-08 0.839354 0.543585 -27.634 -0.0348994 -0.543254 0.838843 -18.2519 0 0 0 1 
-0.999391 0.0174245 -0.0302387 0.686821 -2.39954e-08 0.866444 0.499274 -30.0151 -0.0348997 -0.49897 0.865916 -19.668 0 0 0 1 
-0.999391 0.0157266 -0.0311554 0.740325 -1.53957e-07 0.892712 0.450628 -32.4681 -0.0348996 -0.450354 0.892168 -21.2 0 0 0 1 
-0.999391 0.0141948 -0.0318825 0.787941 -1.48875e-07 0.913545 0.406737 -34.5534 -0.0348997 -0.406489 0.912989 -22.5636 0 0 0 1 
-0.999391 0.0141937 -0.0318843 0.787941 -1.94671e-06 0.913546 0.406737 -34.5534 -0.0349009 -0.406489 0.912989 -22.5636 0 0 0 1 
-0.999391 0.0132056 -0.0323061 0.818874 -1.92477e-06 0.925632 0.378425 -32.9634 -0.0349009 -0.378194 0.925068 -23.4493 0 0 0 1 
-0.999391 0.0120584 -0.0327516 0.854125 -1.94047e-06 0.938398 0.345556 -31.1092 -0.0349009 -0.345346 0.937826 -24.4587 0 0 0 1 
-0.999391 0.0108593 -0.0331688 0.890244 -1.84645e-06 0.950347 0.311194 -29.1595 -0.0349011 -0.311005 0.949767 -25.4931 0 0 0 1 
-0.999391 0.00972083 -0.0335202 0.923869 -1.72898e-06 0.960416 0.278571 -27.2965 -0.0349013 -0.278401 0.95983 -26.456 0 0 0 1 
-0.999391 0.00876023 -0.0337842 0.951753 -1.66979e-06 0.967976 0.251045 -25.7144 -0.0349015 -0.250892 0.967386 -27.2545 0 0 0 1 
-0.999391 0.00809678 -0.0339494 0.970757 -1.65995e-06 0.972708 0.232035 -24.6159 -0.0349016 -0.231894 0.972115 -27.7986 0 0 0 1 
-0.999391 0.00784955 -0.0340076 0.977786 -1.68658e-06 0.97437 0.224951 -24.2052 -0.0349017 -0.224814 0.973776 -27.9999 0 0 0 1 
-0.999391 0.00831893 -0.0338958 0.964418 -1.6158e-06 0.971168 0.238398 -24.9841 -0.0349017 -0.238253 0.970576 -27.6172 0 0 0 1 
-0.999391 0.00951057 -0.0335804 0.93001 -1.80194e-06 0.962142 0.272549 -26.9512 -0.0349012 -0.272383 0.961556 -26.6318 0 0 0 1 
-0.999391 0.0110981 -0.0330899 0.883111 -1.80873e-06 0.94808 0.318033 -29.5485 -0.0349014 -0.317839 0.947502 -25.2889 0 0 0 1 
-0.999391 0.01276 -0.0324849 0.832651 -1.94743e-06 0.93075 0.365657 -32.2443 -0.0349011 -0.365434 0.930183 -23.8438 0 0 0 1 
-0.999391 0.0141937 -0.0318843 0.787941 -1.94671e-06 0.913546 0.406737 -34.5534 -0.0349009 -0.406489 0.912989 -22.5636 0 0 0 1 
-0.999391 0.0141935 -0.031884 0.787941 -1.99402e-06 0.913545 0.406737 -34.5534 -0.0349005 -0.406489 0.912989 -22.5636 0 0 0 1 
-0.999391 0.010729 -0.0332106 0.904455 -1.9485e-06 0.951558 0.307468 -30.7198 -0.0349007 -0.307281 0.950979 -25.8999 0 0 0 1 
-0.999391 0.00661398 -0.0342685 1.02384 -1.8984e-06 0.981869 0.18956 -25.9021 -0.0349009 -0.189445 0.981271 -29.3186 0 0 0 1 
-0.999391 0.00226637 -0.0348278 1.12941 -1.69448e-06 0.997886 0.0649845 -20.5135 -0.0349015 -0.064945 0.997278 -32.3414 0 0 0 1 
-0.999391 -0.00184755 -0.0348529 1.21068 -1.43702e-06 0.9986 -0.0528946 -15.1326 -0.0349018 0.0528622 0.997992 -34.6685 0 0 0 1 
-0.999391 -0.00526983 -0.0345021 1.26452 -1.23515e-06 0.988541 -0.150954 -10.4396 -0.0349022 0.150861 0.987939 -36.2102 0 0 0 1 
-0.999391 -0.00759087 -0.0340669 1.29373 -1.1148e-06 0.97607 -0.217457 -7.13802 -0.0349024 0.217325 0.975475 -37.0466 0 0 0 1 
-0.999391 -0.00844474 -0.0338656 1.30294 -1.09791e-06 0.970296 -0.241921 -5.89802 -0.0349026 0.241774 0.969705 -37.3102 0 0 0 1 
-0.999391 -0.00681857 -0.03423 1.28468 -1.10868e-06 0.980738 -0.195329 -8.24764 -0.0349025 0.19521 0.98014 -36.7875 0 0 0 1 
-0.999391 -0.00260135 -0.0348047 1.22362 -1.4806e-06 0.997222 -0.0744911 -14.1163 -0.0349018 0.0744456 0.996614 -35.0391 0 0 0 1 
-0.999391 0.00313245 -0.0347608 1.11001 -1.68181e-06 0.99596 0.0897986 -21.6111 -0.0349017 -0.089744 0.995353 -31.7859 0 0 0 1 
-0.999391 0.00913938 -0.0336831 0.952912 -1.95036e-06 0.96509 0.26192 -28.8918 -0.034901 -0.26176 0.964501 -27.2875 0 0 0 1 
-0.999391 0.0141935 -0.031884 0.787941 -1.99402e-06 0.913545 0.406737 -34.5534 -0.0349005 -0.406489 0.912989 -22.5636 0 0 0 1 
-0.999391 0.0141937 -0.0318843 0.787941 -1.94671e-06 0.913546 0.406737 -34.5534 -0.0349009 -0.406489 0.912989 -22.5636 0 0 0 1 
-0.999391 0.01656 -0.0307216 0.65026 -1.98888e-06 0.880234 0.474541 -40.337 -0.0349005 -0.474252 0.879697 -18.6212 0 0 0 1 
-0.999391 0.0191535 -0.0291747 0.493905 -2.05986e-06 0.835916 0.548857 -46.7038 -0.0349002 -0.548523 0.835407 -14.144 0 0 0 1 
-0.999391 0.021679 -0.0273502 0.335308 -2.00231e-06 0.783637 0.62122 -52.9054 -0.0349001 -0.620842 0.783159 -9.60285 0 0 0 1 
-0.999391 0.0238923 -0.0254393 0.190054 -1.9e-06 0.728885 0.684637 -58.3132 -0.0348998 -0.68422 0.72844 -5.44377 0 0 0 1 
-0.999391 0.0256147 -0.023704 0.0719388 -1.83939e-06 0.679165 0.733986 -62.4798 -0.0348997 -0.733539 0.678751 -2.06176 0 0 0 1 
-0.999391 0.0267244 -0.0224453 -0.00710571 -1.82121e-06 0.643099 0.765783 -65.1322 -0.0348996 -0.765317 0.642707 0.201595 0 0 0 1 
-0.999391 0.027121 -0.0219645 -0.0360172 -1.84324e-06 0.62932 0.777146 -66.0718 -0.0348997 -0.776673 0.628936 1.02941 0 0 0 1 
-0.999391 0.0263604 -0.0228719 0.0191077 -1.78052e-06 0.655321 0.755351 -64.2654 -0.0348998 -0.754891 0.654921 -0.549202 0 0 0 1 
-0.999391 0.0242805 -0.0250688 0.163862 -1.97374e-06 0.718272 0.695763 -59.2567 -0.0348997 -0.695339 0.717834 -4.6936 0 0 0 1 
-0.999391 0.0211922 -0.0277295 0.366429 -1.95903e-06 0.794499 0.607265 -51.7108 -0.0349004 -0.606895 0.794015 -10.4942 0 0 0 1 
-0.999391 0.0175876 -0.0301451 0.589031 -2.03543e-06 0.863712 0.503985 -42.8573 -0.0349006 -0.503678 0.863186 -16.868 0 0 0 1 
-0.999391 0.0141937 -0.0318843 0.787941 -1.94671e-06 0.913546 0.406737 -34.5534 -0.0349009 -0.406489 0.912989 -22.5636 0 0 0 1 
-0.999391 0.0335467 -0.00961641 -1.09602 2.78399e-06 0.275636 0.961262 -64.5595 -0.0348978 -0.960677 0.275468 31.3794 0 0 0 1 
-0.999391 0.0335195 -0.00971023 -1.10772 2.78942e-06 0.278325 0.960487 -65.9844 -0.0348977 -0.959902 0.278156 31.7147 0 0 0 1 
-0.999391 0.0334881 -0.00981763 -1.10618 2.75107e-06 0.281403 0.95959 -67.6904 -0.0348976 -0.959005 0.281231 31.6708 0 0 0 1 
-0.999391 0.0334557 -0.00992834 -1.08781 2.81759e-06 0.284575 0.958654 -69.4896 -0.0348978 -0.95807 0.284402 31.1439 0 0 0 1 
-0.999391 0.0334248 -0.0100321 -1.05515 2.90548e-06 0.287549 0.957766 -71.1724 -0.0348978 -0.957183 0.287374 30.2084 0 0 0 1 
-0.999391 0.0333987 -0.0101188 -1.01661 2.93717e-06 0.290034 0.957016 -72.5461 -0.0348979 -0.956433 0.289857 29.1047 0 0 0 1 
-0.999391 0.0333807 -0.0101783 -0.984396 2.92668e-06 0.291738 0.956499 -73.459 -0.034898 -0.955916 0.29156 28.182 0 0 0 1 
-0.999391 0.0333741 -0.0102004 -0.971263 2.89219e-06 0.29237 0.956305 -73.7901 -0.0348981 -0.955723 0.292192 27.8057 0 0 0 1 
-0.999391 0.0333869 -0.0101584 -0.995689 2.97774e-06 0.291168 0.956672 -73.1572 -0.0348981 -0.956089 0.290991 28.505 0 0 0 1 
-0.999391 0.033419 -0.0100511 -1.04755 2.82671e-06 0.288095 0.957602 -71.4774 -0.0348977 -0.957018 0.287919 29.991 0 0 0 1 
-0.999391 0.0334624 -0.00990644 -1.09282 2.8611e-06 0.283947 0.95884 -69.1324 -0.034898 -0.958256 0.283774 31.287 0 0 0 1 
-0.999391 0.0335075 -0.00975221 -1.10904 2.75839e-06 0.279526 0.960138 -66.6426 -0.0348978 -0.959553 0.279356 31.7522 0 0 0 1 
-0.999391 0.0335467 -0.00961641 -1.09602 2.78399e-06 0.275636 0.961262 -64.5595 -0.0348978 -0.960677 0.275468 31.3794 0 0 0 1 
-0.999391 0.0335465 -0.00961793 -1.09591 1.44269e-06 0.275637 0.961262 -64.5595 -0.034898 -0.960676 0.275469 31.3793 0 0 0 1 
-0.999173 0.0310203 -0.0263047 1.2014 -0.0166423 0.278306 0.960348 -65.5146 -0.037111 -0.959992 0.277559 31.858 0 0 0 1 
-0.998572 0.0281274 -0.0454109 3.83728 -0.0356855 0.281308 0.958954 -66.6357 -0.0397474 -0.959205 0.279903 31.9875 0 0 0 1 
-0.997561 0.0251451 -0.0651078 6.56083 -0.0553011 0.284346 0.957126 -67.7796 -0.0425802 -0.958392 0.282262 31.6505 0 0 0 1 
-0.996251 0.0223491 -0.0835708 9.11938 -0.073673 0.287142 0.955051 -68.7996 -0.0453412 -0.957628 0.284419 30.9035 0 0 0 1 
-0.994888 0.0200144 -0.098986 11.2595 -0.0890007 0.289438 0.95305 -69.5838 -0.047725 -0.956988 0.286177 29.9654 0 0 0 1 
-0.993811 0.018414 -0.109552 12.7284 -0.0995007 0.290992 0.951537 -70.0736 -0.0494004 -0.956548 0.287358 29.1608 0 0 0 1 
-0.993381 0.0178201 -0.113474 13.274 -0.103396 0.291565 0.950947 -70.2439 -0.0500309 -0.956385 0.287792 28.8293 0 0 0 1 
-0.994183 0.0189488 -0.106023 12.2376 -0.0959938 0.290474 0.952056 -69.9149 -0.0488372 -0.956695 0.286966 29.444 0 0 0 1 
-0.995973 0.0218364 -0.0869555 9.589 -0.0770395 0.287649 0.954632 -68.9779 -0.0458583 -0.957487 0.284808 30.7218 0 0 0 1 
-0.997793 0.0257358 -0.0612089 6.02119 -0.0514195 0.283749 0.957519 -67.5563 -0.0420105 -0.958553 0.2818 31.7551 0 0 0 1 
-0.998983 0.0298918 -0.0337594 2.22913 -0.024074 0.279484 0.959849 -65.9506 -0.0381268 -0.959685 0.27848 31.9619 0 0 0 1 
-0.999391 0.0335465 -0.00961793 -1.09591 1.44269e-06 0.275637 0.961262 -64.5595 -0.034898 -0.960676 0.275469 31.3793 0 0 0 1 
-0.999391 0.0335465 -0.00961781 -1.09592 1.52364e-06 0.275637 0.961262 -64.5595 -0.0348979 -0.960676 0.275469 31.3793 0 0 0 1 
-0.99865 0.0291581 -0.0429822 3.69398 -0.0331797 0.278538 0.959852 -64.9126 -0.0399596 -0.959982 0.277195 32.0036 0 0 0 1 
-0.996411 0.0241197 -0.0811416 9.14424 -0.0711026 0.281692 0.956867 -65.1925 -0.0459363 -0.959202 0.278966 32.3257 0 0 0 1 
-0.992546 0.0189155 -0.12039 14.7184 -0.110076 0.284758 0.952259 -65.3009 -0.0522943 -0.958413 0.280553 32.2173 0 0 0 1 
-0.98749 0.014032 -0.157054 19.896 -0.146455 0.28746 0.94653 -65.1968 -0.0584285 -0.95769 0.281809 31.7134 0 0 0 1 
-0.982206 0.009954 -0.187545 24.1794 -0.176685 0.28959 0.940702 -64.9301 -0.063675 -0.957099 0.282679 31.0003 0 0 0 1 
-0.978024 0.00715995 -0.208368 27.0924 -0.197318 0.290984 0.936159 -64.6411 -0.0673346 -0.956701 0.283177 30.3618 0 0 0 1 
-0.976357 0.00612357 -0.216078 28.1685 -0.204956 0.291488 0.93436 -64.5101 -0.0687057 -0.956555 0.283341 30.0945 0 0 0 1 
-0.979472 0.00809331 -0.201419 26.1215 -0.190434 0.290524 0.937726 -64.7478 -0.0661066 -0.956833 0.283019 30.5884 0 0 0 1 
-0.986413 0.0131364 -0.163759 20.8397 -0.153105 0.287938 0.945331 -65.1531 -0.0595708 -0.957559 0.282014 31.5793 0 0 0 1 
-0.993437 0.0199466 -0.11263 13.6189 -0.102373 0.284166 0.953295 -65.2961 -0.0510206 -0.958568 0.280259 32.2742 0 0 0 1 
-0.997953 0.027194 -0.0578783 5.82511 -0.0479867 0.27979 0.958861 -65.0396 -0.042269 -0.959676 0.277912 32.1793 0 0 0 1 
-0.999391 0.0335465 -0.00961781 -1.09592 1.52364e-06 0.275637 0.961262 -64.5595 -0.0348979 -0.960676 0.275469 31.3793 0 0 0 1 
-0.999391 0.0335466 -0.00961771 -1.09592 1.4563e-06 0.275637 0.961262 -64.5595 -0.0348981 -0.960676 0.275469 31.3794 0 0 0 1 
-0.999327 0.0360188 0.00688277 -3.42103 0.0166454 0.278306 0.960348 -65.5146 -0.0326751 -0.959817 0.278718 31.6966 0 0 0 1 
-0.998913 0.0388497 0.0257789 -6.05951 0.0356884 0.281308 0.958954 -66.6357 -0.0300032 -0.958831 0.282389 31.6419 0 0 0 1 
-0.998102 0.0417685 0.0452632 -8.75294 0.0553043 0.284346 0.957125 -67.7795 -0.0271073 -0.957811 0.286117 31.1157 0 0 0 1 
-0.996987 0.0445046 0.0635309 -11.2532 0.0736763 0.287142 0.955051 -68.7995 -0.0242618 -0.956854 0.289555 30.1921 0 0 0 1 
-0.995793 0.0467893 0.0787862 -13.3227 0.0890042 0.289438 0.95305 -69.5838 -0.0217888 -0.956053 0.292385 29.107 0 0 0 1 
-0.994835 0.0483553 0.089244 -14.7319 0.099504 0.290992 0.951537 -70.0736 -0.0200426 -0.955503 0.294301 28.2018 0 0 0 1 
-0.994451 0.0489367 0.0931256 -15.253 0.103399 0.291565 0.950946 -70.2438 -0.019384 -0.955299 0.295007 27.8331 0 0 0 1 
-0.995168 0.0478324 0.0857504 -14.262 0.095997 0.290475 0.952055 -69.9148 -0.0206307 -0.955686 0.293663 28.5186 0 0 0 1 
-0.996745 0.0450061 0.0668802 -11.709 0.0770428 0.287649 0.954632 -68.9778 -0.0237263 -0.956678 0.29018 29.9781 0 0 0 1 
-0.998293 0.041191 0.041406 -8.22195 0.0514227 0.283749 0.957519 -67.5563 -0.0276922 -0.958014 0.285383 31.2577 0 0 0 1 
-0.999209 0.0371235 0.0142548 -4.45351 0.0240768 0.279484 0.959849 -65.9506 -0.031649 -0.959432 0.280157 31.7285 0 0 0 1 
-0.999391 0.0335466 -0.00961771 -1.09592 1.4563e-06 0.275637 0.961262 -64.5595 -0.0348981 -0.960676 0.275469 31.3794 0 0 0 1 
-0.999391 0.0335466 -0.0096177 -1.09592 1.34064e-06 0.275637 0.961262 -64.5595 -0.0348981 -0.960676 0.275469 31.3794 0 0 0 1 
-0.999005 0.0378758 0.0235451 -5.9177 0.0331827 0.278538 0.959852 -64.9126 -0.0297969 -0.959678 0.279518 31.668 0 0 0 1 
-0.997188 0.0428473 0.0614879 -11.3771 0.0711054 0.281692 0.956867 -65.1925 -0.0236785 -0.958548 0.283947 31.6091 0 0 0 1 
-0.993776 0.0479844 0.10053 -16.9302 0.110079 0.284758 0.952258 -65.3008 -0.0170669 -0.957398 0.288268 31.1121 0 0 0 1 
-0.98916 0.0528058 0.137017 -22.06 0.146458 0.28746 0.946529 -65.1968 -0.0105952 -0.956336 0.292078 30.2482 0 0 0 1 
-0.984254 0.056833 0.167373 -26.2832 0.176689 0.289591 0.940701 -64.9301 -0.00499308 -0.955462 0.295073 29.2381 0 0 0 1 
-0.980338 0.0595926 0.188111 -29.1447 0.197321 0.290985 0.936158 -64.6409 -0.00105089 -0.95487 0.297022 28.3979 0 0 0 1 
-0.97877 0.0606166 0.195791 -30.1995 0.204959 0.291488 0.934359 -64.51 0.000432959 -0.954652 0.297724 28.0562 0 0 0 1 
-0.981696 0.058671 0.18119 -28.1919 0.190438 0.290525 0.937725 -64.7477 -0.00237713 -0.955067 0.29638 28.6917 0 0 0 1 
-0.988165 0.05369 0.143692 -22.9921 0.153108 0.287938 0.94533 -65.153 -0.00938039 -0.956143 0.292751 30.0487 0 0 0 1 
-0.994575 0.0469672 0.0928096 -15.8374 0.102376 0.284166 0.953294 -65.296 -0.0184002 -0.957624 0.287433 31.2455 0 0 0 1 
-0.998471 0.0398141 0.0383546 -8.0559 0.0479895 0.27979 0.958861 -65.0396 -0.027445 -0.959235 0.281273 31.6946 0 0 0 1 
-0.999391 0.0335466 -0.0096177 -1.09592 1.34064e-06 0.275637 0.961262 -64.5595 -0.0348981 -0.960676 0.275469 31.3794 0 0 0 1 
-0.999391 0.0141948 -0.0318825 0.78794 -1.48875e-07 0.913545 0.406737 -34.5534 -0.0348997 -0.406489 0.912989 -22.5636 0 0 0 1 
-0.999391 0.0107303 -0.0332091 0.904455 -2.01157e-07 0.951558 0.307468 -30.7198 -0.0348997 -0.307281 0.950979 -25.8999 0 0 0 1 
-0.999391 0.00661533 -0.034267 1.02384 -2.87273e-07 0.981869 0.18956 -25.9021 -0.0348997 -0.189445 0.981271 -29.3186 0 0 0 1 
-0.999391 0.00226772 -0.0348263 1.12941 -2.48902e-07 0.997886 0.0649845 -20.5135 -0.0349001 -0.064945 0.997279 -32.3414 0 0 0 1 
-0.999391 -0.0018462 -0.0348514 1.21068 -1.67591e-07 0.9986 -0.0528945 -15.1326 -0.0349003 0.0528623 0.997992 -34.6685 0 0 0 1 
-0.999391 -0.00526848 -0.0345006 1.26452 -1.26645e-07 0.988541 -0.150954 -10.4396 -0.0349005 0.150862 0.987939 -36.2102 0 0 0 1 
-0.999391 -0.00758952 -0.0340654 1.29373 -1.23062e-07 0.97607 -0.217457 -7.13803 -0.0349006 0.217325 0.975475 -37.0466 0 0 0 1 
-0.999391 -0.00844339 -0.0338641 1.30294 -1.50737e-07 0.970296 -0.241921 -5.89802 -0.0349008 0.241774 0.969705 -37.3102 0 0 0 1 
-0.999391 -0.00681722 -0.0342285 1.28468 -7.73921e-08 0.980738 -0.195329 -8.24763 -0.0349007 0.19521 0.98014 -36.7875 0 0 0 1 
-0.999391 -0.0026 -0.0348032 1.22362 -2.45484e-07 0.997222 -0.0744911 -14.1163 -0.0349002 0.0744457 0.996614 -35.0391 0 0 0 1 
-0.999391 0.0031338 -0.0347593 1.11001 -2.01549e-07 0.99596 0.0897987 -21.6111 -0.0349003 -0.089744 0.995353 -31.7859 0 0 0 1 
-0.999391 0.00914073 -0.0336816 0.952912 -2.5318e-07 0.965089 0.26192 -28.8918 -0.0348999 -0.26176 0.964501 -27.2875 0 0 0 1 
-0.999391 0.0141948 -0.0318825 0.78794 -1.48875e-07 0.913545 0.406737 -34.5534 -0.0348997 -0.406489 0.912989 -22.5636 0 0 0 1 
-0.932543 -0.344405 -0.108397 16.5888 -0.354501 0.8164 0.455874 -34.1186 0.0685101 -0.463548 0.883419 -19.0919 0 0 0 1 
-0.966035 -0.244057 -0.0849218 11.9852 -0.258283 0.901606 0.346984 -31.2805 0.0081182 -0.357133 0.934019 -23.3553 0 0 0 1 
-0.990356 -0.125135 -0.0594675 6.66889 -0.135039 0.967813 0.212373 -26.7035 -0.0309781 -0.218355 0.975378 -28.0599 0 0 0 1 
-0.99938 0.000165131 -0.0352035 1.21812 -0.00213812 0.997858 0.0653797 -20.5343 -0.0351389 -0.0654144 0.997239 -32.3241 0 0 0 1 
-0.992863 0.118364 -0.0146279 -3.78745 0.119142 0.989904 -0.0767858 -13.5364 -0.00539155 0.0779805 0.99694 -35.4224 0 0 0 1 
-0.97631 0.216378 0.000717178 -7.83717 0.212032 0.95735 -0.196275 -6.93689 0.0431562 0.191473 0.980549 -37.1159 0 0 0 1 
-0.959164 0.282666 0.0101786 -10.5221 0.268872 0.922348 -0.277456 -2.09927 0.0878156 0.263389 0.960684 -37.7211 0 0 0 1 
-0.951612 0.307008 0.0134592 -11.4966 0.288242 0.906917 -0.307275 -0.252413 0.106542 0.288527 0.951526 -37.8205 0 0 0 1 
-0.965413 0.260628 0.00711758 -9.63445 0.250606 0.93513 -0.250455 -3.73933 0.0719316 0.240009 0.968102 -37.5727 0 0 0 1 
-0.990093 0.139976 -0.0111085 -4.6884 0.140373 0.984722 -0.103042 -12.1408 0.00348447 0.10358 0.994615 -35.8706 0 0 0 1 
-0.9989 -0.0247627 -0.0398284 2.29059 -0.0284548 0.995073 0.0949759 -21.8674 -0.0372803 -0.0960047 0.994683 -31.5466 0 0 0 1 
-0.977328 -0.198081 -0.0747902 9.9127 -0.211438 0.931621 0.295593 -29.6637 -0.0111247 -0.304705 0.952382 -25.2325 0 0 0 1 
-0.932542 -0.344405 -0.108397 16.5888 -0.354501 0.8164 0.455874 -34.1186 0.0685099 -0.463548 0.883419 -19.0919 0 0 0 1 
-0.626307 -0.742889 -0.236338 46.2727 -0.711742 0.421212 0.562143 -40.5161 0.318061 -0.520286 0.792553 -3.69902 0 0 0 1 
-0.770392 -0.63009 -0.0973787 30.6568 -0.567438 0.607965 0.555331 -45.3267 0.290706 -0.483079 0.825908 -3.76997 0 0 0 1 
-0.876043 -0.474038 0.0885296 11.8211 -0.374214 0.784047 0.495213 -46.2528 0.304161 -0.400698 0.86425 -4.88799 0 0 0 1 
-0.910293 -0.292841 0.292595 -7.04361 -0.174 0.912007 0.37144 -42.2035 0.375622 -0.287208 0.881147 -5.19569 0 0 0 1 
-0.871134 -0.11448 0.477515 -22.7537 -0.0156751 0.978432 0.205974 -34.7913 0.490796 -0.171946 0.854139 -3.03231 0 0 0 1 
-0.787827 0.0334791 0.614986 -33.5205 0.0762049 0.996148 0.0433931 -27.1047 0.611164 -0.0810513 0.787343 1.36414 0 0 0 1 
-0.706551 0.131321 0.69537 -39.3504 0.112007 0.990997 -0.073343 -21.6865 0.698741 -0.0260655 0.714899 5.8645 0 0 0 1 
-0.671865 0.166493 0.721718 -41.159 0.119142 0.986013 -0.116552 -19.7388 0.731028 -0.00767979 0.682304 7.83449 0 0 0 1 
-0.735737 0.099094 0.669978 -37.555 0.102697 0.994122 -0.0342603 -23.4792 0.669436 -0.043598 0.74159 4.22793 0 0 0 1 
-0.856648 -0.0816901 0.509393 -25.326 0.00814559 0.985119 0.171679 -33.1759 0.515838 -0.151218 0.843235 -2.28415 0 0 0 1 
-0.909752 -0.32981 0.252144 -3.43426 -0.212076 0.891329 0.400695 -43.3685 0.356896 -0.31106 0.880833 -5.29906 0 0 0 1 
-0.819678 -0.572168 -0.027421 23.3486 -0.494202 0.682158 0.53891 -46.2846 0.289642 -0.455284 0.841917 -4.17425 0 0 0 1 
-0.626307 -0.742889 -0.236338 46.2728 -0.711742 0.421212 0.562142 -40.5161 0.318061 -0.520285 0.792553 -3.69903 0 0 0 1 
-0.433158 -0.773294 -0.463024 77.4053 -0.775123 0.0574414 0.629193 -47.652 0.459955 -0.631441 0.624279 19.9039 0 0 0 1 
-0.65101 -0.720497 -0.238895 50.4896 -0.65606 0.375771 0.654509 -57.5825 0.381802 -0.582821 0.71732 11.617 0 0 0 1 
-0.829945 -0.556872 0.0329441 19.8742 -0.441286 0.691513 0.571907 -56.2141 0.34126 -0.460114 0.819657 1.53339 0 0 0 1 
-0.909884 -0.29462 0.292081 -6.96349 -0.175306 0.91114 0.372952 -42.4052 0.376006 -0.288139 0.880679 -5.12663 0 0 0 1 
-0.874928 0.00231871 0.484248 -24.3228 0.0647002 0.991583 0.11215 -22.0487 0.479912 -0.129454 0.867713 -5.12266 0 0 0 1 
-0.764083 0.257302 0.591585 -31.5686 0.224216 0.965769 -0.130455 -3.18946 0.604901 -0.0329644 0.795619 -0.0335903 0 0 0 1 
-0.64887 0.421411 0.633546 -32.5186 0.300415 0.906868 -0.295533 9.13078 0.699084 0.00143596 0.715038 5.69256 0 0 0 1 
-0.598889 0.47816 0.642414 -32.0596 0.32076 0.87825 -0.354669 13.3854 0.733788 0.00634626 0.679349 8.16012 0 0 0 1 
-0.69063 0.368203 0.62246 -32.5607 0.278346 0.929721 -0.241128 5.13546 0.667498 -0.00672904 0.744581 3.61433 0 0 0 1 
-0.856785 0.0587998 0.512311 -26.5057 0.103876 0.992792 0.0597744 -17.9332 0.505103 -0.104431 0.856717 -4.38595 0 0 0 1 
-0.90341 -0.352392 0.244276 -2.23402 -0.228917 0.878107 0.420149 -45.9522 0.362558 -0.323648 0.873959 -4.29012 0 0 0 1 
-0.731251 -0.669051 -0.132831 38.2854 -0.580419 0.508028 0.636413 -58.6345 0.358311 -0.542474 0.759825 7.52356 0 0 0 1 
-0.433158 -0.773294 -0.463024 77.4054 -0.775124 0.0574416 0.629193 -47.652 0.459955 -0.631441 0.62428 19.9039 0 0 0 1 
-0.596914 -0.461422 -0.65634 91.8364 -0.80149 0.379802 0.461913 -22.755 -0.0361429 -0.801773 0.596535 -28.8745 0 0 0 1 
-0.911087 -0.218269 -0.349685 53.3268 -0.399738 0.674952 0.620202 -20.7605 -0.100649 -0.70484 0.70219 -35.6843 0 0 0 1 
-0.984 0.16137 0.0755198 23.4893 0.175826 0.811034 0.557951 6.59485 -0.028787 -0.562302 0.826431 -36.9168 0 0 0 1 
-0.714772 0.534988 0.450432 20.7619 0.672791 0.701843 0.23403 44.6448 0.190929 -0.470324 0.861592 -26.1217 0 0 0 1 
-0.227483 0.746863 0.624858 44.8307 0.875252 0.438083 -0.20498 69.1897 0.426832 -0.500278 0.75335 -9.8197 0 0 0 1 
0.241191 0.764904 0.597284 77.5677 0.802889 0.188454 -0.565557 71.6121 0.545158 -0.61596 0.56868 -0.32774 0 0 0 1 
0.536783 0.686859 0.489988 101.349 0.641883 0.0444632 -0.765512 62.7309 0.547585 -0.725429 0.417016 -0.30714 0 0 0 1 
0.633406 0.640315 0.434503 109.598 0.564561 0.00162154 -0.82539 57.4967 0.529214 -0.768111 0.36047 -2.12403 0 0 0 1 
0.442969 0.720842 0.533071 93.5621 0.70408 0.0883896 -0.704598 66.5901 0.555022 -0.68744 0.468377 0.442368 0 0 0 1 
-0.125207 0.764221 0.632684 51.3783 0.877956 0.382351 -0.288097 71.3021 0.462077 -0.519397 0.718826 -7.08751 0 0 0 1 
-0.792991 0.46939 0.388378 18.8109 0.592896 0.741226 0.314737 37.436 0.140141 -0.479852 0.866085 -29.1219 0 0 0 1 
-0.979518 -0.0769908 -0.186056 39.074 -0.17888 0.756953 0.62851 -12.5485 -0.0924459 -0.648918 0.755221 -37.4204 0 0 0 1 
-0.596915 -0.461422 -0.65634 91.8364 -0.80149 0.379803 0.461913 -22.755 -0.036143 -0.801773 0.596535 -28.8745 0 0 0 1 
-0.410327 -0.848621 -0.333877 99.3135 -0.900306 0.435257 0.000154763 9.68044 -0.145191 -0.300655 0.942617 -100.103 0 0 0 1 
-0.796229 -0.444266 -0.410667 84.6071 -0.485966 0.873972 -0.00325269 24.6602 -0.360357 -0.19698 0.91178 -113.795 0 0 0 1 
-0.881413 0.212059 -0.42207 87.8112 0.180621 0.976964 0.11366 47.1993 -0.436449 -0.0239465 0.89941 -122.463 0 0 0 1 
-0.559145 0.794037 -0.238457 104.213 0.751075 0.606929 0.259853 56.566 -0.351059 0.0338034 0.935743 -129.073 0 0 0 1 
-0.0523089 0.992153 0.113558 112.946 0.964298 0.0206222 0.264016 48.9901 -0.259602 -0.123314 0.95781 -141.416 0 0 0 1 
0.339643 0.824397 0.452783 103.999 0.898536 -0.426678 0.102853 39.2857 -0.277984 -0.371909 0.885668 -157.406 0 0 0 1 
0.520629 0.55605 0.647884 87.7608 0.774872 -0.626364 -0.0850941 36.5363 -0.358494 -0.54633 0.756971 -168.724 0 0 0 1 
0.563237 0.433181 0.703646 79.8933 0.722671 -0.671136 -0.165299 36.9926 -0.400638 -0.601607 0.691056 -172.359 0 0 0 1 
0.470445 0.657018 0.589074 94.041 0.820075 -0.572005 -0.0169452 36.8665 -0.32582 -0.491057 0.807901 -165.112 0 0 0 1 
0.0420252 0.981144 0.188651 112.474 0.966306 -0.0879049 0.241918 46.7102 -0.25394 -0.172128 0.95178 -144.595 0 0 0 1 
-0.649094 0.702147 -0.29269 100.858 0.661987 0.710927 0.237394 56.3217 -0.374767 0.039666 0.926271 -127.463 0 0 0 1 
-0.879918 -0.198296 -0.431767 83.428 -0.233748 0.971833 0.0300359 33.9794 -0.413649 -0.127354 0.901485 -117.977 0 0 0 1 
-0.410327 -0.848621 -0.333877 99.3135 -0.900306 0.435257 0.000154555 9.68045 -0.145191 -0.300655 0.942617 -100.103 0 0 0 1 
-0.527026 -0.468837 -0.708827 96.3253 -0.846245 0.212774 0.488464 -38.7204 0.0781904 -0.857274 0.508888 -8.14585 0 0 0 1 
-0.762772 -0.395042 -0.511978 70.6126 -0.646514 0.483152 0.59041 -49.0845 -0.0141264 -0.781349 0.623935 -19.2407 0 0 0 1 
-0.942447 -0.221349 -0.250596 41.0479 -0.330007 0.736292 0.590737 -47.059 -0.0537528 -0.639437 0.766962 -32.5928 0 0 0 1 
-0.999285 0.032888 0.0187013 15.2495 0.0378115 0.885004 0.464047 -31.7611 0.00128913 -0.464422 0.885613 -42.5715 0 0 0 1 
-0.923463 0.301325 0.237528 -1.30163 0.358462 0.898314 0.254042 -9.83188 0.136825 -0.319743 0.937573 -45.8098 0 0 0 1 
-0.769236 0.51441 0.379025 -8.41829 0.568811 0.821522 0.0394457 10.2334 0.291086 -0.245937 0.924546 -43.7952 0 0 0 1 
-0.622569 0.63978 0.450655 -9.86088 0.67046 0.733061 -0.114479 23.3478 0.403599 -0.230875 0.885327 -40.4777 0 0 0 1 
-0.56107 0.680112 0.471857 -9.75318 0.698406 0.694928 -0.171185 27.9094 0.444331 -0.233501 0.864897 -38.9723 0 0 0 1 
-0.674826 0.600414 0.429085 -9.67015 0.640716 0.765185 -0.0630557 19.0846 0.366188 -0.23237 0.901061 -41.7214 0 0 0 1 
-0.896309 0.350076 0.272171 -3.39445 0.410186 0.887736 0.208979 -5.44114 0.168457 -0.298951 0.939282 -45.7102 0 0 0 1 
-0.999233 -0.0216083 -0.0326751 19.7755 -0.035028 0.866297 0.498299 -35.6365 -0.0175388 -0.499061 0.86639 -41.0774 0 0 0 1 
-0.845992 -0.337803 -0.412538 58.8363 -0.531726 0.591911 0.60573 -50.0096 -0.039568 -0.7318 0.68037 -24.6134 0 0 0 1 
-0.527026 -0.468837 -0.708827 96.3253 -0.846245 0.212774 0.488464 -38.7204 0.0781904 -0.857274 0.508889 -8.14588 0 0 0 1 
-0.714977 -0.538376 -0.446048 51.391 -0.686876 0.421892 0.591784 -40.9421 0.130418 -0.729492 0.671441 -4.03349 0 0 0 1 
-0.849847 -0.44868 -0.276491 34.6683 -0.518803 0.619878 0.588723 -44.648 0.0927574 -0.643768 0.759578 -9.39222 0 0 0 1 
-0.949822 -0.304895 -0.0698406 14.9863 -0.296771 0.807882 0.50917 -42.5533 0.0988203 -0.504348 0.857828 -16.1076 0 0 0 1 
-0.983674 -0.116868 0.136852 -4.15122 -0.0630488 0.936049 0.346176 -33.6094 0.168557 -0.331896 0.928135 -21.2266 0 0 0 1 
-0.948076 0.084859 0.306514 -19.446 0.131407 0.982156 0.134542 -20.2978 0.289628 -0.167834 0.942309 -22.3573 0 0 0 1 
-0.869258 0.261344 0.419631 -29.3203 0.256849 0.964033 -0.0683363 -7.01722 0.422397 -0.0483801 0.905119 -19.6818 0 0 0 1 
-0.791056 0.38099 0.47862 -34.253 0.316934 0.924439 -0.212047 2.445 0.523243 0.0160505 0.852032 -15.8094 0 0 0 1 
-0.757385 0.4243 0.496324 -35.6727 0.333226 0.904832 -0.265028 5.91837 0.561541 0.0353398 0.826694 -13.9615 0 0 0 1 
-0.819256 0.341411 0.460716 -32.7823 0.299434 0.939907 -0.164054 -0.711247 0.48904 -0.00355186 0.872254 -17.2853 0 0 0 1 
-0.934512 0.12337 0.333867 -21.8655 0.162356 0.98249 0.0913967 -17.496 0.316746 -0.139617 0.938179 -22.0692 0 0 0 1 
-0.982814 -0.156778 0.097456 -0.542994 -0.108148 0.916852 0.384302 -35.8713 0.149603 -0.367158 0.91805 -20.4747 0 0 0 1 
-0.896274 -0.39762 -0.196446 26.9705 -0.434636 0.699373 0.567423 -44.6451 0.08823 -0.593949 0.79965 -12.0619 0 0 0 1 
-0.714977 -0.538376 -0.446048 51.391 -0.686876 0.421892 0.591784 -40.9421 0.130418 -0.729492 0.671441 -4.0335 0 0 0 1 
-0.925492 0.375901 0.0465083 -15.2167 0.354501 0.8164 0.455873 -34.1187 -0.133394 -0.438394 0.888829 -20.2025 0 0 0 1 
-0.963116 0.268375 0.0195608 -10.3268 0.258282 0.901606 0.346984 -31.2806 -0.0754858 -0.339238 0.937667 -24.1344 0 0 0 1 
-0.990104 0.140062 -0.00871669 -4.69527 0.135039 0.967814 0.212373 -26.7036 -0.0381814 -0.209094 0.97715 -28.4567 0 0 0 1 
-0.999397 0.00439791 -0.0344474 1.0397 0.0021376 0.997858 0.0653798 -20.5343 -0.0346611 -0.0652667 0.997266 -32.3303 0 0 0 1 
-0.99082 -0.123516 -0.0549524 6.24922 -0.119143 0.989904 -0.0767855 -13.5364 -0.0638818 0.0695333 0.995532 -35.0719 0 0 0 1 
-0.970921 -0.229208 -0.0691171 10.4072 -0.212032 0.95735 -0.196274 -6.93683 -0.111157 0.175912 0.97811 -36.4788 0 0 0 1 
-0.950702 -0.300351 -0.0771701 13.1278 -0.268872 0.922348 -0.277456 -2.09919 -0.154512 0.243029 0.957634 -36.8952 0 0 0 1 
-0.941861 -0.326387 -0.079804 14.1069 -0.288243 0.906917 -0.307275 -0.25231 -0.172666 0.266407 0.948269 -36.9264 0 0 0 1 
-0.958043 -0.276736 -0.0746341 12.232 -0.250607 0.93513 -0.250455 -3.73925 -0.139103 0.221243 0.965247 -36.809 0 0 0 1 
-0.987438 -0.146861 -0.0583009 7.17924 -0.140373 0.984722 -0.103042 -12.1408 -0.0725429 0.0935632 0.992967 -35.4561 0 0 0 1 
-0.999067 0.0313991 -0.0296557 -0.0843978 0.0284544 0.995073 0.0949759 -21.8674 -0.0324917 -0.0940435 0.995038 -31.6296 0 0 0 1 
-0.975723 0.218854 0.00817242 -8.12841 0.211438 0.931621 0.295593 -29.6638 -0.057078 -0.290145 0.955279 -25.8625 0 0 0 1 
-0.925492 0.375901 0.0465084 -15.2167 0.354501 0.8164 0.455873 -34.1187 -0.133394 -0.438394 0.888829 -20.2025 0 0 0 1 
-0.602595 0.777372 0.180477 -45.9022 0.711742 0.421212 0.562142 -40.5163 -0.360975 -0.467197 0.807109 -6.91776 0 0 0 1 
-0.748237 0.662253 0.0395295 -30.3193 0.567439 0.607965 0.555331 -45.3269 -0.343737 -0.43795 0.830689 -5.89917 0 0 0 1 
-0.852692 0.500835 -0.1486 -11.4515 0.374214 0.784047 0.495213 -46.2529 -0.364529 -0.366656 0.855969 -5.70054 0 0 0 1 
-0.881873 0.312162 -0.353348 7.38874 0.174 0.912006 0.371442 -42.2037 -0.438206 -0.266082 0.85859 -4.69148 0 0 0 1 
-0.834775 0.126197 -0.535934 22.9096 0.0156747 0.978431 0.205976 -34.7914 -0.550368 -0.163544 0.818748 -1.4374 0 0 0 1 
-0.743275 -0.0277423 -0.668411 33.3434 -0.0762056 0.996147 0.0433959 -27.1049 -0.664632 -0.0831919 0.742525 3.69944 0 0 0 1 
-0.656087 -0.129182 -0.743546 38.8453 -0.112008 0.990997 -0.0733401 -21.6867 -0.746327 -0.0351653 0.66465 8.59558 0 0 0 1 
-0.619233 -0.165551 -0.767557 40.512 -0.119143 0.986013 -0.116549 -19.7389 -0.776116 -0.0192781 0.630296 10.687 0 0 0 1 
-0.687247 -0.0958097 -0.720078 37.1683 -0.102697 0.994123 -0.0342575 -23.4793 -0.719128 -0.0504068 0.693047 6.83773 0 0 0 1 
-0.818578 0.0920405 -0.566974 25.4235 -0.00814602 0.985119 0.171681 -33.176 -0.574338 -0.145153 0.805646 -0.511645 0 0 0 1 
-0.88264 0.350706 -0.312974 3.79539 0.212076 0.891329 0.400696 -43.3686 -0.419489 -0.287296 0.861099 -5.04639 0 0 0 1 
-0.797477 0.602533 -0.0313747 -23.0007 0.494202 0.682158 0.53891 -46.2848 -0.346114 -0.414263 0.841778 -5.79268 0 0 0 1 
-0.602595 0.777372 0.180477 -45.9022 0.711742 0.421212 0.562142 -40.5163 -0.360975 -0.467197 0.807109 -6.91776 0 0 0 1 
-0.400018 0.815457 0.418349 -78.6056 0.775124 0.0574418 0.629192 -47.6522 -0.489049 -0.57596 0.655058 14.456 0 0 0 1 
-0.622791 0.759397 0.188277 -51.1772 0.65606 0.375771 0.654508 -57.5827 -0.426283 -0.531142 0.732237 8.06687 0 0 0 1 
-0.804118 0.587611 -0.0900395 -19.933 0.441286 0.691513 0.571908 -56.2143 -0.398323 -0.420148 0.815362 0.143467 0 0 0 1 
-0.881438 0.314002 -0.352803 7.30399 0.175305 0.911139 0.372953 -42.4053 -0.43856 -0.266887 0.858159 -4.62816 0 0 0 1 
-0.839319 0.00671824 -0.543598 24.6208 -0.0647007 0.991583 0.112153 -22.0488 -0.539776 -0.129303 0.831819 -3.41322 0 0 0 1 
-0.720025 -0.254375 -0.645645 31.4939 -0.224216 0.965769 -0.130452 -3.18953 -0.656727 -0.0508355 0.752413 2.16894 0 0 0 1 
-0.598523 -0.420483 -0.681883 32.0422 -0.300416 0.906869 -0.295531 9.13077 -0.742644 -0.027967 0.669102 7.94747 0 0 0 1 
-0.546242 -0.477436 -0.68824 31.4121 -0.320761 0.878251 -0.354666 13.3854 -0.773778 -0.0270275 0.632881 10.377 0 0 0 1 
-0.642384 -0.366835 -0.672885 32.2291 -0.278346 0.929722 -0.241125 5.13545 -0.714049 -0.0324002 0.699346 5.87722 0 0 0 1 
-0.819463 -0.0513711 -0.570825 26.747 -0.103876 0.992792 0.0597764 -17.9333 -0.56364 -0.10828 0.818893 -2.52603 0 0 0 1 
-0.875918 0.374111 -0.304646 2.52771 0.228917 0.878107 0.42015 -45.9524 -0.424694 -0.298279 0.85479 -4.1236 0 0 0 1 
-0.704475 0.705262 0.0795048 -38.7173 0.580419 0.508028 0.636413 -58.6347 -0.408447 -0.494483 0.76724 4.83471 0 0 0 1 
-0.400018 0.815457 0.418349 -78.6056 0.775124 0.0574421 0.629192 -47.6522 -0.489048 -0.57596 0.655058 14.456 0 0 0 1 
-0.597981 0.516227 0.61313 -89.5986 0.801491 0.379804 0.461911 -22.7551 -0.00558212 -0.767632 0.640867 -35.2105 0 0 0 1 
-0.915888 0.266905 0.299851 -50.7076 0.399738 0.674952 0.620201 -20.7605 0.0368504 -0.687897 0.724873 -39.3174 0 0 0 1 
-0.983612 -0.121753 -0.132984 -20.8568 -0.175826 0.811034 0.557952 6.59498 -0.0399226 -0.572189 0.81915 -38.4654 0 0 0 1 
-0.699713 -0.500876 -0.509437 -18.8891 -0.672791 0.701842 0.234032 44.6452 -0.240323 -0.506499 0.828072 -27.5063 0 0 0 1 
-0.197155 -0.710145 -0.675888 -44.0366 -0.875253 0.438083 -0.204978 69.1902 -0.441658 -0.551161 0.707926 -12.923 0 0 0 1 
0.278632 -0.720072 -0.635501 -77.3563 -0.802891 0.188454 -0.565555 71.6127 -0.527002 -0.667819 0.52563 -5.73775 0 0 0 1 
0.573674 -0.634579 -0.517888 -101.081 -0.641886 0.0444627 -0.76551 62.7315 -0.508804 -0.771578 0.381821 -7.3761 0 0 0 1 
0.66878 -0.585171 -0.458593 -109.183 -0.564563 0.00162151 -0.825388 57.4973 -0.483737 -0.810908 0.329282 -9.76405 0 0 0 1 
0.480607 -0.67113 -0.564448 -93.3655 -0.704082 0.0883896 -0.704596 66.5907 -0.522767 -0.736051 0.43005 -6.08526 0 0 0 1 
-0.0926694 -0.726128 -0.681287 -50.7589 -0.877958 0.38235 -0.288095 71.3027 -0.469684 -0.571443 0.672941 -10.6541 0 0 0 1 
-0.781284 -0.434773 -0.447848 -16.7336 -0.592896 0.741225 0.314739 37.4363 -0.195116 -0.511428 0.836883 -30.3632 0 0 0 1 
-0.983581 0.122069 0.132922 -36.3685 0.17888 0.756953 0.628509 -12.5485 0.0238938 -0.641967 0.76636 -40.0551 0 0 0 1 
-0.597981 0.516227 0.61313 -89.5987 0.801491 0.379804 0.461911 -22.7551 -0.00558195 -0.767632 0.640867 -35.2105 0 0 0 1 
-0.419456 0.867527 0.267308 -92.0887 0.900307 0.435257 0.00015533 9.68005 0.116213 -0.240724 0.963611 -106.787 0 0 0 1 
-0.819427 0.456924 0.346062 -76.4627 0.485965 0.873972 -0.00325251 24.66 0.303935 -0.165509 0.938206 -119.42 0 0 0 1 
-0.909711 -0.209872 0.3583 -79.0544 -0.180621 0.976964 0.113659 47.1996 0.3739 -0.0386801 0.926663 -128.29 0 0 0 1 
-0.582272 -0.794461 0.172601 -94.9552 -0.751076 0.606929 0.259853 56.5667 0.311199 -0.0216686 0.950098 -136.028 0 0 0 1 
-0.0702913 -0.981135 -0.180095 -102.807 -0.964298 0.0206224 0.264016 48.9908 0.255322 -0.192223 0.947555 -148.951 0 0 0 1 
0.319424 -0.796446 -0.513462 -92.7664 -0.898536 -0.426678 0.102855 39.2863 0.301001 -0.42851 0.851926 -164.278 0 0 0 1 
0.494352 -0.516586 -0.699111 -75.7778 -0.774872 -0.626365 -0.0850912 36.5368 0.393942 -0.583786 0.709933 -174.435 0 0 0 1 
0.533916 -0.39016 -0.750139 -67.6759 -0.72267 -0.671137 -0.165296 36.993 0.438955 -0.630357 0.640288 -177.513 0 0 0 1 
0.446569 -0.621164 -0.643996 -82.2946 -0.820075 -0.572006 -0.0169427 36.8671 0.357845 -0.535691 0.764841 -171.271 0 0 0 1 
0.0242086 -0.966748 -0.254585 -102.113 -0.966307 -0.0879049 0.241919 46.7109 0.256253 -0.24015 0.936302 -152.089 0 0 0 1 
-0.673656 -0.703203 0.227362 -91.7205 -0.661988 0.710927 0.237393 56.3223 0.328574 -0.00941033 0.944432 -134.189 0 0 0 1 
-0.90663 0.206697 0.367829 -74.9948 0.233748 0.971833 0.0300355 33.9794 0.35126 -0.11321 0.929408 -123.51 0 0 0 1 
-0.419456 0.867527 0.267308 -92.0888 0.900307 0.435257 0.000155032 9.68013 0.116213 -0.240724 0.963611 -106.787 0 0 0 1 
-0.53215 0.454776 0.714139 -99.5365 0.830845 0.11829 0.543787 -43.9423 -0.162826 -0.882716 0.440796 -0.9986 0 0 0 1 
-0.766172 0.417521 0.488526 -71.1698 0.637448 0.397368 0.66012 -56.033 -0.0814894 -0.817175 0.5706 -13.4768 0 0 0 1 
-0.943329 0.269051 0.194275 -38.4642 0.328641 0.676027 0.659533 -54.1868 -0.0461125 -0.686003 0.726137 -28.2764 0 0 0 1 
-0.994927 0.0202023 -0.0985523 -10.418 -0.0337355 0.855908 0.516028 -37.3289 -0.0947766 -0.516735 0.850884 -39.4212 0 0 0 1 
-0.910566 -0.257983 -0.322978 6.60635 -0.353135 0.891618 0.283395 -13.0837 -0.214862 -0.372105 0.902979 -43.4675 0 0 0 1 
-0.746769 -0.484433 -0.455699 12.8094 -0.565302 0.823296 0.0511709 8.88542 -0.350386 -0.29582 0.888662 -42.1244 0 0 0 1 
-0.592884 -0.618858 -0.51527 13.0723 -0.669378 0.734448 -0.111894 23.0399 -0.447686 -0.27857 0.849692 -39.4195 0 0 0 1 
-0.528708 -0.662166 -0.531041 12.4479 -0.698407 0.694928 -0.171182 27.9097 -0.482387 -0.280377 0.829875 -38.1968 0 0 0 1 
-0.647569 -0.5766 -0.498184 13.3147 -0.638736 0.767255 -0.0577574 18.4617 -0.415538 -0.280806 0.865145 -40.4369 0 0 0 1 
-0.881469 -0.309472 -0.356709 8.59529 -0.405053 0.883796 0.234174 -8.25216 -0.242787 -0.350903 0.90439 -43.5055 0 0 0 1 
-0.99621 0.075155 -0.0437938 -15.2624 0.0383362 0.831287 0.554521 -41.6193 -0.0780802 -0.55074 0.831017 -37.7261 0 0 0 1 
-0.848583 0.372482 0.375718 -58.1234 0.525776 0.514693 0.677238 -57.2567 -0.0588799 -0.772236 0.632601 -19.4419 0 0 0 1 
-0.532151 0.454776 0.714139 -99.5365 0.830845 0.11829 0.543787 -43.9422 -0.162826 -0.882715 0.440797 -0.998615 0 0 0 1 
-0.712438 0.528379 0.461787 -53.8013 0.670501 0.318418 0.670103 -43.4829 -0.207027 -0.787036 0.581132 4.09121 0 0 0 1 
-0.843944 0.467744 0.262628 -36.0719 0.506636 0.534115 0.676787 -48.4416 -0.176289 -0.704227 0.68774 -2.42119 0 0 0 1 
-0.938883 0.343335 0.0249058 -15.0477 0.290183 0.750457 0.593809 -46.965 -0.185185 -0.564744 0.804221 -10.4642 0 0 0 1 
-0.965898 0.158502 -0.204739 5.30045 0.0615038 0.908554 0.413215 -37.6546 -0.251512 -0.386531 0.887319 -16.8228 0 0 0 1 
-0.922318 -0.0537326 -0.382677 21.1846 -0.130182 0.975604 0.176773 -23.1758 -0.363843 -0.212858 0.906813 -18.8744 0 0 0 1 
-0.835868 -0.245784 -0.49083 30.9302 -0.255333 0.965625 -0.0487141 -8.49636 -0.485931 -0.0846066 0.869892 -16.7602 0 0 0 1 
-0.752122 -0.37778 -0.539995 35.3945 -0.316358 0.925772 -0.207035 2.03891 -0.578126 -0.0151165 0.815807 -13.1864 0 0 0 1 
-0.716368 -0.425731 -0.552784 36.5597 -0.333227 0.904832 -0.265025 5.91835 -0.613007 0.00565323 0.790058 -11.4388 0 0 0 1 
-0.78219 -0.334017 -0.525938 34.1155 -0.298442 0.941869 -0.154319 -1.48087 -0.54691 -0.0362557 0.836406 -14.5681 0 0 0 1 
-0.907143 -0.0952606 -0.409899 23.6294 -0.160899 0.978548 0.128669 -20.0923 -0.388849 -0.182674 0.90301 -18.7252 0 0 0 1 
-0.966532 0.199076 -0.161815 1.48766 0.105737 0.883808 0.455744 -40.0676 -0.233741 -0.423382 0.875279 -15.8432 0 0 0 1 
-0.888576 0.426143 0.169807 -27.8571 0.424626 0.624032 0.655955 -48.7919 -0.173566 -0.65497 0.735451 -5.61402 0 0 0 1 
-0.712438 0.528379 0.461788 -53.8013 0.670501 0.318418 0.670103 -43.4829 -0.207027 -0.787036 0.581132 4.09121 0 0 0 1 
-0.999391 0.0214301 -0.0275451 0.557184 2.29757e-06 0.789307 0.613998 -32.4339 -0.0348996 -0.613624 0.788827 -15.9557 0 0 0 1 
