a
34
17
20
0
0
-0.999391 0.0141948 -0.0318825 0.787941 -1.497e-07 0.913545 0.406737 -26.0783 -0.0348997 -0.406489 0.912989 -22.5636 0 0 0 1 
-0.999391 0.0250411 -0.0243086 0.434913 1.17996e-07 0.696537 0.71752 -22.0407 -0.0348993 -0.717083 0.696113 -12.4543 0 0 0 1 
-0.999391 0.0322892 -0.0132419 0.159696 5.82493e-07 0.379452 0.925212 -14.5283 -0.034899 -0.924648 0.37922 -4.57301 0 0 0 1 
-0.999391 0.0344429 -0.00562306 0.0495751 8.96666e-07 0.16115 0.98693 -8.8245 -0.0348989 -0.986329 0.161051 -1.41947 0 0 0 1 
-0.999391 0.0347604 -0.00310494 0.0242113 9.99304e-07 0.0889982 0.996032 -6.86538 -0.0348988 -0.995425 0.088944 -0.693056 0 0 0 1 
-0.999391 0.0348342 -0.0021205 0.0157035 1.03797e-06 0.0607911 0.998151 -6.09005 -0.0348987 -0.997542 0.0607541 -0.449324 0 0 0 1 
-0.999391 0.0348257 -0.00226127 0.016865 1.03617e-06 0.0648242 0.997897 -6.20123 -0.034899 -0.997289 0.0647848 -0.482796 0 0 0 1 
-0.999391 0.0347607 -0.00310496 0.024204 1.00303e-06 0.0889982 0.996032 -6.86538 -0.0348991 -0.995425 0.088944 -0.693056 0 0 0 1 
-0.999391 0.0346419 -0.00422691 0.0348712 9.58957e-07 0.121146 0.992635 -7.7426 -0.0348988 -0.99203 0.121073 -0.99831 0 0 0 1 
-0.999391 0.0345086 -0.00520509 0.0450029 9.05634e-07 0.149173 0.988811 -8.50173 -0.0348989 -0.988209 0.149082 -1.28854 0 0 0 1 
-0.999391 0.0344429 -0.00562306 0.0495751 8.96666e-07 0.16115 0.98693 -8.8245 -0.0348989 -0.986329 0.161051 -1.41947 0 0 0 1 
-0.999391 0.0344429 -0.00562306 0.0495751 8.96666e-07 0.16115 0.98693 -8.8245 -0.0348989 -0.986329 0.161051 -1.41947 0 0 0 1 
-0.999391 0.0344429 -0.00562306 0.0495751 8.96666e-07 0.16115 0.98693 -8.8245 -0.0348989 -0.986329 0.161051 -1.41947 0 0 0 1 
-0.999391 0.0347248 -0.00348229 0.0276783 9.77032e-07 0.09981 0.995007 -7.16117 -0.034899 -0.9944 0.0997493 -0.792439 0 0 0 1 
-0.999391 0.0344429 -0.00562306 0.0495751 8.96666e-07 0.16115 0.98693 -8.8245 -0.0348989 -0.986329 0.161051 -1.41947 0 0 0 1 
-0.999391 0.0289019 -0.0195613 0.295824 3.64074e-07 0.560515 0.828144 -18.9589 -0.0348993 -0.827639 0.560174 -8.47142 0 0 0 1 
-0.999391 0.0141948 -0.0318825 0.787941 -1.497e-07 0.913545 0.406737 -26.0783 -0.0348997 -0.406489 0.912989 -22.5636 0 0 0 1 
-0.999391 0.0141948 -0.0318825 0.787941 -1.48875e-07 0.913545 0.406737 -26.0783 -0.0348997 -0.406489 0.912989 -22.5636 0 0 0 1 
-0.999391 0.0250411 -0.0243086 0.434913 1.18691e-07 0.696537 0.71752 -22.0407 -0.0348993 -0.717083 0.696113 -12.4543 0 0 0 1 
-0.999391 0.0322892 -0.0132419 0.159696 5.82958e-07 0.379452 0.925212 -14.5283 -0.034899 -0.924648 0.37922 -4.57302 0 0 0 1 
-0.999391 0.0344429 -0.00562306 0.049575 8.9696e-07 0.16115 0.98693 -8.8245 -0.0348989 -0.986329 0.161051 -1.41946 0 0 0 1 
-0.999391 0.0347604 -0.00310494 0.0242113 9.99539e-07 0.0889982 0.996032 -6.86538 -0.0348988 -0.995425 0.088944 -0.693057 0 0 0 1 
-0.999391 0.0348342 -0.0021205 0.0157034 1.03819e-06 0.0607911 0.998151 -6.09005 -0.0348987 -0.997542 0.0607541 -0.449324 0 0 0 1 
-0.999391 0.0348257 -0.00226127 0.0168651 1.03639e-06 0.0648242 0.997897 -6.20123 -0.034899 -0.997289 0.0647847 -0.482797 0 0 0 1 
-0.999391 0.0347607 -0.00310496 0.024204 1.00326e-06 0.0889982 0.996032 -6.86538 -0.0348991 -0.995425 0.088944 -0.693057 0 0 0 1 
-0.999391 0.0346419 -0.00422691 0.0348712 9.59219e-07 0.121146 0.992635 -7.7426 -0.0348988 -0.99203 0.121073 -0.99831 0 0 0 1 
-0.999391 0.0345086 -0.00520509 0.0450027 9.05918e-07 0.149173 0.988811 -8.50173 -0.0348989 -0.988209 0.149082 -1.28853 0 0 0 1 
-0.999391 0.0344429 -0.00562306 0.049575 8.9696e-07 0.16115 0.98693 -8.8245 -0.0348989 -0.986329 0.161051 -1.41946 0 0 0 1 
-0.999391 0.0344429 -0.00562306 0.0495751 8.9696e-07 0.16115 0.98693 -8.8245 -0.0348989 -0.986329 0.161051 -1.41947 0 0 0 1 
-0.999391 0.0344429 -0.00562306 0.049575 8.9696e-07 0.16115 0.98693 -8.8245 -0.0348989 -0.986329 0.161051 -1.41946 0 0 0 1 
-0.999391 0.0347248 -0.00348229 0.0276782 9.77275e-07 0.09981 0.995007 -7.16117 -0.0348989 -0.9944 0.0997493 -0.792439 0 0 0 1 
-0.999391 0.0344429 -0.00562306 0.0495751 8.9696e-07 0.16115 0.98693 -8.8245 -0.0348989 -0.986329 0.161051 -1.41947 0 0 0 1 
-0.999391 0.0289019 -0.0195613 0.295824 3.64672e-07 0.560515 0.828144 -18.9589 -0.0348993 -0.82764 0.560174 -8.47142 0 0 0 1 
-0.999391 0.0141948 -0.0318825 0.787941 -1.48875e-07 0.913545 0.406737 -26.0783 -0.0348997 -0.406489 0.912989 -22.5636 0 0 0 1 
-0.999391 0.0141937 -0.0318843 0.787941 -1.94671e-06 0.913546 0.406737 -26.0783 -0.0349009 -0.406489 0.912989 -22.5636 0 0 0 1 
-0.999391 0.0250399 -0.0243105 0.434912 -2.00749e-06 0.696538 0.71752 -22.0407 -0.0348998 -0.717083 0.696113 -12.4543 0 0 0 1 
-0.999391 0.032288 -0.0132438 0.159695 -1.56608e-06 0.379452 0.925212 -14.5283 -0.0348986 -0.924648 0.37922 -4.57301 0 0 0 1 
-0.999391 0.0344418 -0.00562491 0.0495749 -1.11713e-06 0.16115 0.98693 -8.82449 -0.0348981 -0.986329 0.161051 -1.41946 0 0 0 1 
-0.999391 0.0347593 -0.00310679 0.0242112 -9.48996e-07 0.0889982 0.996032 -6.86537 -0.0348979 -0.995425 0.088944 -0.693055 0 0 0 1 
-0.999391 0.0348331 -0.00212235 0.0157033 -8.82054e-07 0.0607912 0.998151 -6.09005 -0.0348977 -0.997543 0.0607541 -0.44932 0 0 0 1 
-0.999391 0.0348245 -0.00226312 0.0168649 -8.87991e-07 0.0648243 0.997897 -6.20124 -0.034898 -0.997289 0.0647848 -0.482795 0 0 0 1 
-0.999391 0.0347596 -0.00310681 0.024204 -9.45271e-07 0.0889982 0.996032 -6.86537 -0.0348981 -0.995425 0.088944 -0.693054 0 0 0 1 
-0.999391 0.0346407 -0.00422876 0.0348711 -1.01974e-06 0.121146 0.992635 -7.7426 -0.0348979 -0.99203 0.121073 -0.998309 0 0 0 1 
-0.999391 0.0345074 -0.00520694 0.0450026 -1.09797e-06 0.149173 0.988811 -8.50173 -0.0348981 -0.988209 0.149082 -1.28853 0 0 0 1 
-0.999391 0.0344418 -0.00562491 0.0495749 -1.11713e-06 0.16115 0.98693 -8.82449 -0.0348981 -0.986329 0.161051 -1.41946 0 0 0 1 
-0.999391 0.0344418 -0.00562492 0.0495749 -1.11713e-06 0.16115 0.98693 -8.82449 -0.0348981 -0.986329 0.161051 -1.41946 0 0 0 1 
-0.999391 0.0344418 -0.00562491 0.0495749 -1.11713e-06 0.16115 0.98693 -8.82449 -0.0348981 -0.986329 0.161051 -1.41946 0 0 0 1 
-0.999391 0.0347236 -0.00348415 0.0276783 -9.81711e-07 0.0998101 0.995007 -7.16116 -0.034898 -0.994401 0.0997493 -0.792437 0 0 0 1 
-0.999391 0.0344418 -0.00562492 0.0495749 -1.11713e-06 0.16115 0.98693 -8.82449 -0.0348981 -0.986329 0.161051 -1.41946 0 0 0 1 
-0.999391 0.0289007 -0.0195632 0.295824 -1.81124e-06 0.560516 0.828144 -18.9589 -0.0348994 -0.82764 0.560174 -8.47142 0 0 0 1 
-0.999391 0.0141937 -0.0318843 0.787941 -1.94671e-06 0.913546 0.406737 -26.0783 -0.0349009 -0.406489 0.912989 -22.5636 0 0 0 1 
-0.999391 0.0141935 -0.031884 0.787941 -1.99402e-06 0.913545 0.406737 -26.0783 -0.0349005 -0.406489 0.912989 -22.5636 0 0 0 1 
-0.999391 0.0250397 -0.0243101 0.434912 -1.90028e-06 0.696537 0.71752 -22.0407 -0.0348994 -0.717083 0.696113 -12.4543 0 0 0 1 
-0.999391 0.0322878 -0.0132434 0.159695 -1.31976e-06 0.379452 0.925212 -14.5283 -0.0348983 -0.924648 0.37922 -4.57301 0 0 0 1 
-0.999391 0.0344416 -0.00562456 0.0495746 -8.03612e-07 0.16115 0.98693 -8.8245 -0.0348978 -0.986329 0.161051 -1.41946 0 0 0 1 
-0.999391 0.0347591 -0.00310644 0.0242111 -6.17246e-07 0.0889981 0.996032 -6.86539 -0.0348976 -0.995425 0.0889439 -0.693053 0 0 0 1 
-0.999391 0.0348329 -0.002122 0.015703 -5.43682e-07 0.060791 0.998151 -6.09005 -0.0348975 -0.997543 0.060754 -0.449313 0 0 0 1 
-0.999391 0.0348243 -0.00226277 0.016865 -5.50547e-07 0.0648242 0.997897 -6.20123 -0.0348977 -0.997289 0.0647847 -0.482794 0 0 0 1 
-0.999391 0.0347594 -0.00310646 0.0242039 -6.13521e-07 0.0889981 0.996032 -6.86539 -0.0348979 -0.995425 0.0889439 -0.693052 0 0 0 1 
-0.999391 0.0346405 -0.00422841 0.0348709 -6.95888e-07 0.121146 0.992635 -7.74261 -0.0348976 -0.99203 0.121072 -0.998304 0 0 0 1 
-0.999391 0.0345072 -0.00520659 0.0450025 -7.81302e-07 0.149173 0.988811 -8.50173 -0.0348978 -0.988209 0.149082 -1.28853 0 0 0 1 
-0.999391 0.0344416 -0.00562456 0.0495747 -8.03612e-07 0.16115 0.98693 -8.8245 -0.0348978 -0.986329 0.161051 -1.41946 0 0 0 1 
-0.999391 0.0344416 -0.00562456 0.0495747 -8.03612e-07 0.16115 0.98693 -8.8245 -0.0348978 -0.986329 0.161051 -1.41946 0 0 0 1 
-0.999391 0.0344416 -0.00562456 0.0495747 -8.03612e-07 0.16115 0.98693 -8.8245 -0.0348978 -0.986329 0.161051 -1.41946 0 0 0 1 
-0.999391 0.0347234 -0.0034838 0.0276779 -6.52575e-07 0.09981 0.995007 -7.16118 -0.0348978 -0.994401 0.0997492 -0.792429 0 0 0 1 
-0.999391 0.0344416 -0.00562456 0.0495748 -8.03612e-07 0.16115 0.98693 -8.8245 -0.0348978 -0.986329 0.161051 -1.41946 0 0 0 1 
-0.999391 0.0289005 -0.0195628 0.295824 -1.63678e-06 0.560515 0.828144 -18.9589 -0.034899 -0.82764 0.560174 -8.47142 0 0 0 1 
-0.999391 0.0141935 -0.031884 0.787941 -1.99402e-06 0.913545 0.406737 -26.0783 -0.0349005 -0.406489 0.912989 -22.5636 0 0 0 1 
-0.999391 0.0141937 -0.0318843 0.78794 -1.94671e-06 0.913546 0.406737 -26.0783 -0.0349009 -0.406489 0.912989 -22.5636 0 0 0 1 
-0.999391 0.0250399 -0.0243105 0.434912 -2.00749e-06 0.696538 0.71752 -22.0406 -0.0348998 -0.717083 0.696113 -12.4543 0 0 0 1 
-0.999391 0.032288 -0.0132438 0.159696 -1.56608e-06 0.379452 0.925212 -14.5284 -0.0348986 -0.924649 0.379221 -4.57302 0 0 0 1 
-0.999391 0.0344418 -0.00562491 0.0495746 -1.11713e-06 0.16115 0.98693 -8.8245 -0.0348981 -0.986329 0.161051 -1.41946 0 0 0 1 
-0.999391 0.0347593 -0.00310679 0.0242112 -9.48996e-07 0.0889982 0.996032 -6.86538 -0.0348979 -0.995425 0.088944 -0.693057 0 0 0 1 
-0.999391 0.0348331 -0.00212235 0.0157032 -8.82054e-07 0.0607911 0.998151 -6.09005 -0.0348977 -0.997543 0.0607541 -0.449318 0 0 0 1 
-0.999391 0.0348245 -0.00226312 0.0168649 -8.87991e-07 0.0648243 0.997897 -6.20123 -0.034898 -0.997289 0.0647847 -0.482796 0 0 0 1 
-0.999391 0.0347596 -0.00310681 0.0242039 -9.45271e-07 0.0889982 0.996032 -6.86538 -0.0348981 -0.995425 0.088944 -0.693055 0 0 0 1 
-0.999391 0.0346407 -0.00422876 0.034871 -1.01974e-06 0.121146 0.992635 -7.74259 -0.0348979 -0.99203 0.121072 -0.99831 0 0 0 1 
-0.999391 0.0345074 -0.00520694 0.0450024 -1.09797e-06 0.149173 0.988811 -8.50172 -0.0348981 -0.988209 0.149082 -1.28852 0 0 0 1 
-0.999391 0.0344418 -0.00562491 0.0495746 -1.11713e-06 0.16115 0.98693 -8.82449 -0.0348981 -0.986329 0.161051 -1.41946 0 0 0 1 
-0.999391 0.0344418 -0.00562491 0.0495747 -1.11713e-06 0.16115 0.98693 -8.82449 -0.0348981 -0.986329 0.161051 -1.41946 0 0 0 1 
-0.999391 0.0344418 -0.00562491 0.0495747 -1.11713e-06 0.16115 0.98693 -8.8245 -0.0348981 -0.986329 0.161051 -1.41946 0 0 0 1 
-0.999391 0.0347237 -0.00348415 0.027678 -9.81711e-07 0.0998101 0.995007 -7.16116 -0.034898 -0.994401 0.0997493 -0.792432 0 0 0 1 
-0.999391 0.0344418 -0.00562492 0.0495748 -1.11713e-06 0.16115 0.98693 -8.8245 -0.0348981 -0.986329 0.161052 -1.41946 0 0 0 1 
-0.999391 0.0289007 -0.0195632 0.295824 -1.81124e-06 0.560516 0.828144 -18.9589 -0.0348994 -0.82764 0.560174 -8.47142 0 0 0 1 
-0.999391 0.0141937 -0.0318843 0.78794 -1.94671e-06 0.913546 0.406737 -26.0783 -0.0349009 -0.406489 0.912989 -22.5636 0 0 0 1 
-0.999391 0.0335467 -0.00961641 -1.09602 2.78399e-06 0.275636 0.961262 -56.0843 -0.0348978 -0.960677 0.275468 31.3795 0 0 0 1 
-0.999391 0.0332249 -0.0106766 -0.663169 2.92153e-06 0.306017 0.952026 -32.9063 -0.0348982 -0.951446 0.30583 18.9847 0 0 0 1 
-0.999391 0.0328695 -0.0117262 0.0425775 2.97564e-06 0.336089 0.941831 -15.0614 -0.0348985 -0.941257 0.335884 -1.22425 0 0 0 1 
-0.999391 0.0327561 -0.01204 0.53377 2.94782e-06 0.345079 0.938574 -8.14559 -0.0348987 -0.938002 0.344869 -15.2895 0 0 0 1 
-0.999391 0.0343424 -0.00620776 0.252331 3.2219e-06 0.177969 0.984036 -7.35157 -0.0348989 -0.983437 0.177861 -7.23034 0 0 0 1 
-0.999391 0.0346211 0.00439718 -0.446995 3.64005e-06 -0.125893 0.992044 -2.83405 -0.0348992 -0.99144 -0.125816 12.7955 0 0 0 1 
-0.999391 0.0336589 0.00922318 -0.786481 3.79768e-06 -0.264172 0.964476 1.15662 -0.0348997 -0.963888 -0.264011 22.5167 0 0 0 1 
-0.999391 0.0348103 -0.00249149 -0.0203982 3.3896e-06 0.0714877 0.997442 -6.7017 -0.0348993 -0.996834 0.0714442 0.579191 0 0 0 1 
-0.999391 0.0317437 -0.0145 0.813015 2.80936e-06 0.415563 0.909565 -6.25081 -0.0348986 -0.90901 0.41531 -23.2857 0 0 0 1 
-0.999391 0.0339417 -0.00811755 0.261762 3.13716e-06 0.232689 0.972551 -8.60071 -0.0348989 -0.971959 0.232548 -7.50048 0 0 0 1 
-0.999391 0.0348989 -0.000110155 -0.351403 3.49892e-06 0.0032567 0.999995 -7.37379 -0.0348991 -0.999386 0.00325472 10.0578 0 0 0 1 
-0.999391 0.0339313 -0.00816071 0.238706 3.14543e-06 0.233927 0.972254 -8.87452 -0.0348988 -0.971662 0.233784 -6.84028 0 0 0 1 
-0.999391 0.031132 -0.0157707 0.824983 2.73877e-06 0.45197 0.892033 -6.43299 -0.0348986 -0.89149 0.451694 -23.6284 0 0 0 1 
-0.999391 0.0338322 -0.00856254 0.40432 3.10561e-06 0.245438 0.969413 -7.53095 -0.034899 -0.968822 0.245289 -11.5827 0 0 0 1 
-0.999391 0.0348989 -0.000110159 -0.351403 3.49892e-06 0.00325666 0.999995 -7.37381 -0.0348991 -0.999386 0.00325483 10.0578 0 0 0 1 
-0.999391 0.034742 -0.00330347 -0.954572 3.38447e-06 0.0947552 0.995501 -23.8882 -0.0348987 -0.994894 0.0946976 27.3292 0 0 0 1 
-0.999391 0.0335467 -0.00961641 -1.09602 2.78399e-06 0.275636 0.961262 -56.0843 -0.0348978 -0.960677 0.275468 31.3795 0 0 0 1 
-0.999391 0.0335465 -0.00961793 -1.09591 1.44269e-06 0.275637 0.961262 -56.0843 -0.034898 -0.960676 0.275469 31.3793 0 0 0 1 
-0.999391 0.0332247 -0.0106782 -0.663059 1.55215e-06 0.306018 0.952026 -32.9063 -0.0348984 -0.951446 0.305832 18.9846 0 0 0 1 
-0.999391 0.0328692 -0.0117278 0.0426941 1.48937e-06 0.33609 0.94183 -15.0614 -0.0348988 -0.941257 0.335885 -1.22434 0 0 0 1 
-0.999391 0.0327559 -0.0120416 0.533875 1.61598e-06 0.34508 0.938574 -8.1456 -0.034899 -0.938002 0.34487 -15.2896 0 0 0 1 
-0.999391 0.0343421 -0.00620935 0.252443 1.81735e-06 0.17797 0.984036 -7.35156 -0.034899 -0.983437 0.177862 -7.23043 0 0 0 1 
-0.999391 0.0346209 0.00439562 -0.446882 2.29579e-06 -0.125892 0.992044 -2.83411 -0.0348989 -0.99144 -0.125815 12.7954 0 0 0 1 
-0.999391 0.0336587 0.00922161 -0.786366 2.55958e-06 -0.26417 0.964476 1.15659 -0.0348992 -0.963889 -0.264009 22.5166 0 0 0 1 
-0.999391 0.0348101 -0.00249306 -0.0202904 1.9553e-06 0.071489 0.997442 -6.70169 -0.0348992 -0.996834 0.0714456 0.579097 0 0 0 1 
-0.999391 0.0317435 -0.0145016 0.813124 1.32585e-06 0.415564 0.909564 -6.25077 -0.0348991 -0.90901 0.415311 -23.2858 0 0 0 1 
-0.999391 0.0339414 -0.00811917 0.261877 1.69457e-06 0.232691 0.972551 -8.60072 -0.034899 -0.971959 0.232549 -7.50058 0 0 0 1 
-0.999391 0.0348987 -0.00011167 -0.351303 2.18811e-06 0.00325811 0.999995 -7.37379 -0.0348989 -0.999386 0.00325607 10.0578 0 0 0 1 
-0.999391 0.033931 -0.00816228 0.238819 1.6596e-06 0.233928 0.972254 -8.87453 -0.034899 -0.971662 0.233785 -6.84038 0 0 0 1 
-0.999391 0.0311318 -0.0157723 0.825096 1.41811e-06 0.451971 0.892033 -6.43297 -0.0348991 -0.89149 0.451696 -23.6285 0 0 0 1 
-0.999391 0.033832 -0.00856405 0.404425 1.56369e-06 0.24544 0.969412 -7.53093 -0.0348991 -0.968822 0.24529 -11.5828 0 0 0 1 
-0.999391 0.0348987 -0.00011167 -0.351303 2.21789e-06 0.00325806 0.999995 -7.37384 -0.0348989 -0.999386 0.00325617 10.0577 0 0 0 1 
-0.999391 0.0347418 -0.00330502 -0.954464 1.89997e-06 0.0947566 0.995501 -23.8882 -0.0348987 -0.994894 0.0946989 27.3291 0 0 0 1 
-0.999391 0.0335465 -0.00961793 -1.09591 1.44269e-06 0.275637 0.961262 -56.0843 -0.034898 -0.960676 0.275469 31.3793 0 0 0 1 
-0.999391 0.0335465 -0.00961781 -1.09591 1.52364e-06 0.275637 0.961262 -56.0844 -0.0348979 -0.960676 0.275469 31.3793 0 0 0 1 
-0.999391 0.0332246 -0.0106781 -0.663059 1.49128e-06 0.306018 0.952026 -32.9063 -0.0348984 -0.951446 0.305832 18.9846 0 0 0 1 
-0.999391 0.0328692 -0.0117278 0.0426941 1.48732e-06 0.33609 0.94183 -15.0614 -0.0348988 -0.941257 0.335885 -1.22433 0 0 0 1 
-0.999391 0.0327558 -0.0120416 0.533878 1.60886e-06 0.34508 0.938574 -8.14561 -0.034899 -0.938002 0.34487 -15.2896 0 0 0 1 
-0.999391 0.0343421 -0.00620924 0.252449 1.88884e-06 0.17797 0.984036 -7.35155 -0.0348989 -0.983437 0.177862 -7.23043 0 0 0 1 
-0.999391 0.0346209 0.00439568 -0.446882 2.3474e-06 -0.125892 0.992044 -2.83411 -0.0348988 -0.99144 -0.125815 12.7954 0 0 0 1 
-0.999391 0.0336587 0.00922169 -0.786367 2.62912e-06 -0.26417 0.964476 1.15657 -0.0348992 -0.963889 -0.264009 22.5166 0 0 0 1 
-0.999391 0.03481 -0.00249298 -0.0202866 1.92964e-06 0.071489 0.997442 -6.70169 -0.0348992 -0.996834 0.0714455 0.5791 0 0 0 1 
-0.999391 0.0317435 -0.0145015 0.813126 1.39233e-06 0.415564 0.909564 -6.25079 -0.0348991 -0.90901 0.415311 -23.2858 0 0 0 1 
-0.999391 0.0339414 -0.0081191 0.261879 1.72341e-06 0.232691 0.972551 -8.60071 -0.034899 -0.971959 0.232549 -7.50058 0 0 0 1 
-0.999391 0.0348987 -0.000111593 -0.351301 2.1786e-06 0.00325809 0.999995 -7.37379 -0.0348989 -0.999386 0.00325605 10.0578 0 0 0 1 
-0.999391 0.033931 -0.00816221 0.238811 1.6815e-06 0.233928 0.972254 -8.87451 -0.034899 -0.971662 0.233785 -6.84037 0 0 0 1 
-0.999391 0.0311317 -0.0157722 0.825096 1.41049e-06 0.451971 0.892033 -6.43295 -0.034899 -0.89149 0.451696 -23.6285 0 0 0 1 
-0.999391 0.033832 -0.00856403 0.404442 1.64378e-06 0.24544 0.969413 -7.53096 -0.0348991 -0.968822 0.24529 -11.5828 0 0 0 1 
-0.999391 0.0348987 -0.000111594 -0.351301 2.17743e-06 0.00325803 0.999995 -7.37383 -0.0348989 -0.999386 0.00325614 10.0578 0 0 0 1 
-0.999391 0.0347418 -0.00330498 -0.954441 1.81331e-06 0.0947566 0.995501 -23.8882 -0.0348986 -0.994894 0.0946989 27.3291 0 0 0 1 
-0.999391 0.0335465 -0.00961781 -1.09591 1.52364e-06 0.275637 0.961262 -56.0844 -0.0348979 -0.960676 0.275469 31.3793 0 0 0 1 
-0.999391 0.0335466 -0.00961771 -1.09592 1.4563e-06 0.275637 0.961262 -56.0843 -0.0348981 -0.960676 0.275469 31.3794 0 0 0 1 
-0.999391 0.0332249 -0.0106779 -0.663074 1.78576e-06 0.306018 0.952026 -32.9063 -0.0348985 -0.951446 0.305832 18.9846 0 0 0 1 
-0.999391 0.0328694 -0.0117275 0.0426693 1.84002e-06 0.33609 0.94183 -15.0614 -0.0348989 -0.941257 0.335885 -1.22433 0 0 0 1 
-0.999391 0.032756 -0.0120413 0.533859 1.58865e-06 0.34508 0.938574 -8.14558 -0.0348992 -0.938002 0.34487 -15.2896 0 0 0 1 
-0.999391 0.0343423 -0.00620901 0.252426 1.95545e-06 0.17797 0.984036 -7.35155 -0.0348991 -0.983437 0.177862 -7.23042 0 0 0 1 
-0.999391 0.0346211 0.00439598 -0.446907 2.39509e-06 -0.125892 0.992044 -2.83409 -0.0348991 -0.99144 -0.125815 12.7954 0 0 0 1 
-0.999391 0.0336589 0.00922188 -0.786377 2.53311e-06 -0.26417 0.964476 1.15659 -0.0348993 -0.963889 -0.264009 22.5166 0 0 0 1 
-0.999391 0.0348102 -0.00249278 -0.0203018 2.13592e-06 0.071489 0.997442 -6.70169 -0.0348994 -0.996834 0.0714456 0.579102 0 0 0 1 
-0.999391 0.0317437 -0.0145013 0.813108 1.74247e-06 0.415564 0.909564 -6.25078 -0.0348991 -0.90901 0.415311 -23.2858 0 0 0 1 
-0.999391 0.0339416 -0.00811877 0.26185 1.98427e-06 0.232691 0.972551 -8.60069 -0.0348991 -0.971959 0.232549 -7.50058 0 0 0 1 
-0.999391 0.0348989 -0.000111367 -0.351313 2.20435e-06 0.00325814 0.999995 -7.37381 -0.0348991 -0.999386 0.00325608 10.0578 0 0 0 1 
-0.999391 0.0339312 -0.00816194 0.2388 1.96291e-06 0.233928 0.972254 -8.87448 -0.0348991 -0.971662 0.233785 -6.84036 0 0 0 1 
-0.999391 0.0311319 -0.015772 0.82509 1.51169e-06 0.451971 0.892033 -6.43296 -0.0348992 -0.89149 0.451696 -23.6285 0 0 0 1 
-0.999391 0.0338322 -0.00856386 0.404425 1.94035e-06 0.24544 0.969412 -7.5309 -0.0348992 -0.968822 0.24529 -11.5828 0 0 0 1 
-0.999391 0.0348989 -0.000111396 -0.351309 2.14477e-06 0.00325809 0.999995 -7.37383 -0.0348991 -0.999386 0.00325619 10.0578 0 0 0 1 
-0.999391 0.034742 -0.00330472 -0.954479 2.04292e-06 0.0947566 0.995501 -23.8882 -0.0348988 -0.994894 0.0946989 27.3291 0 0 0 1 
-0.999391 0.0335466 -0.00961771 -1.09592 1.4563e-06 0.275637 0.961262 -56.0843 -0.0348981 -0.960676 0.275469 31.3794 0 0 0 1 
-0.999391 0.0335466 -0.0096177 -1.09591 1.34064e-06 0.275637 0.961262 -56.0843 -0.0348981 -0.960676 0.275469 31.3794 0 0 0 1 
-0.999391 0.0332248 -0.0106779 -0.663073 1.5127e-06 0.306018 0.952026 -32.9063 -0.0348985 -0.951446 0.305832 18.9846 0 0 0 1 
-0.999391 0.0328694 -0.0117275 0.0426712 1.71456e-06 0.33609 0.941831 -15.0614 -0.0348989 -0.941257 0.335885 -1.22434 0 0 0 1 
-0.999391 0.032756 -0.0120413 0.533863 1.58604e-06 0.34508 0.938574 -8.14558 -0.0348991 -0.938002 0.34487 -15.2896 0 0 0 1 
-0.999391 0.0343423 -0.00620907 0.252422 1.97324e-06 0.17797 0.984036 -7.35155 -0.0348991 -0.983437 0.177862 -7.23043 0 0 0 1 
-0.999391 0.0346211 0.00439599 -0.446911 2.38558e-06 -0.125892 0.992044 -2.83411 -0.034899 -0.99144 -0.125815 12.7954 0 0 0 1 
-0.999391 0.0336589 0.00922184 -0.786377 2.45031e-06 -0.26417 0.964476 1.1566 -0.0348993 -0.963889 -0.264009 22.5166 0 0 0 1 
-0.999391 0.0348102 -0.00249285 -0.0202904 2.07749e-06 0.071489 0.997442 -6.70172 -0.0348993 -0.996834 0.0714455 0.579106 0 0 0 1 
-0.999391 0.0317436 -0.0145013 0.81311 1.66334e-06 0.415564 0.909564 -6.25081 -0.0348991 -0.90901 0.415311 -23.2858 0 0 0 1 
-0.999391 0.0339416 -0.0081187 0.261843 1.89384e-06 0.232691 0.972551 -8.60072 -0.0348991 -0.971959 0.232549 -7.50058 0 0 0 1 
-0.999391 0.0348989 -0.00011143 -0.351322 2.1325e-06 0.00325809 0.999995 -7.37381 -0.034899 -0.999386 0.00325605 10.0578 0 0 0 1 
-0.999391 0.0339312 -0.00816201 0.238796 1.90898e-06 0.233928 0.972254 -8.87453 -0.0348991 -0.971662 0.233785 -6.84036 0 0 0 1 
-0.999391 0.0311319 -0.015772 0.825083 1.44448e-06 0.451971 0.892033 -6.43295 -0.0348992 -0.89149 0.451696 -23.6285 0 0 0 1 
-0.999391 0.0338322 -0.0085639 0.404423 1.76765e-06 0.24544 0.969412 -7.53093 -0.0348992 -0.968822 0.24529 -11.5828 0 0 0 1 
-0.999391 0.0348989 -0.000111459 -0.351326 2.07382e-06 0.00325806 0.999995 -7.37386 -0.034899 -0.999386 0.00325614 10.0578 0 0 0 1 
-0.999391 0.034742 -0.00330476 -0.954483 2.04428e-06 0.0947566 0.995501 -23.8882 -0.0348988 -0.994894 0.0946989 27.3291 0 0 0 1 
-0.999391 0.0335466 -0.0096177 -1.09591 1.34064e-06 0.275637 0.961262 -56.0843 -0.0348981 -0.960676 0.275469 31.3794 0 0 0 1 
-0.999391 0.0141948 -0.0318825 0.78794 -1.48875e-07 0.913545 0.406737 -26.0783 -0.0348997 -0.406489 0.912989 -22.5636 0 0 0 1 
-0.999391 0.0250411 -0.0243086 0.434912 1.18692e-07 0.696537 0.717521 -22.0407 -0.0348993 -0.717084 0.696113 -12.4543 0 0 0 1 
-0.999391 0.0322892 -0.0132419 0.159695 5.82959e-07 0.379452 0.925212 -14.5283 -0.034899 -0.924648 0.37922 -4.573 0 0 0 1 
-0.999391 0.0344429 -0.00562306 0.0495746 8.9696e-07 0.16115 0.98693 -8.82449 -0.0348989 -0.986329 0.161051 -1.41945 0 0 0 1 
-0.999391 0.0347604 -0.00310494 0.024211 9.99539e-07 0.0889981 0.996032 -6.86539 -0.0348988 -0.995425 0.0889439 -0.693052 0 0 0 1 
-0.999391 0.0348343 -0.00212049 0.015703 1.03819e-06 0.060791 0.998151 -6.09004 -0.0348987 -0.997543 0.060754 -0.449314 0 0 0 1 
-0.999391 0.0348257 -0.00226126 0.0168649 1.03639e-06 0.0648242 0.997897 -6.20123 -0.034899 -0.997289 0.0647847 -0.482796 0 0 0 1 
-0.999391 0.0347607 -0.00310496 0.0242038 1.00326e-06 0.0889981 0.996032 -6.86539 -0.0348991 -0.995425 0.088944 -0.693052 0 0 0 1 
-0.999391 0.0346419 -0.00422691 0.0348711 9.5922e-07 0.121146 0.992635 -7.7426 -0.0348988 -0.99203 0.121072 -0.998304 0 0 0 1 
-0.999391 0.0345086 -0.00520509 0.0450026 9.05918e-07 0.149173 0.988811 -8.50173 -0.0348989 -0.988209 0.149082 -1.28853 0 0 0 1 
-0.999391 0.0344429 -0.00562306 0.0495746 8.9696e-07 0.16115 0.98693 -8.8245 -0.0348989 -0.986329 0.161051 -1.41945 0 0 0 1 
-0.999391 0.0344429 -0.00562306 0.0495747 8.96961e-07 0.16115 0.98693 -8.8245 -0.0348989 -0.986329 0.161051 -1.41946 0 0 0 1 
-0.999391 0.0344429 -0.00562306 0.0495746 8.96959e-07 0.16115 0.98693 -8.82451 -0.0348989 -0.986329 0.161052 -1.41945 0 0 0 1 
-0.999391 0.0347248 -0.00348229 0.0276779 9.77275e-07 0.09981 0.995007 -7.16117 -0.0348989 -0.994401 0.0997493 -0.792431 0 0 0 1 
-0.999391 0.0344429 -0.00562306 0.0495747 8.96961e-07 0.16115 0.98693 -8.82451 -0.0348989 -0.986329 0.161052 -1.41946 0 0 0 1 
-0.999391 0.0289019 -0.0195613 0.295824 3.64674e-07 0.560515 0.828144 -18.9589 -0.0348993 -0.82764 0.560174 -8.47142 0 0 0 1 
-0.999391 0.0141948 -0.0318825 0.78794 -1.48875e-07 0.913545 0.406737 -26.0783 -0.0348997 -0.406489 0.912989 -22.5636 0 0 0 1 
-0.932542 -0.344405 -0.108397 16.5888 -0.354501 0.8164 0.455874 -25.6434 0.0685099 -0.463548 0.883419 -19.0919 0 0 0 1 
-0.995113 -0.0986231 -0.00488016 3.36201 -0.0630225 0.596301 0.800284 -23.3569 0.0760164 -0.79668 0.599602 -4.56942 0 0 0 1 
-0.982766 0.143707 0.116278 -10.5706 0.143646 0.197759 0.969669 -11.1036 -0.116354 -0.96966 0.214994 5.92161 0 0 0 1 
-0.941071 0.278188 0.192348 -18.7251 0.178095 -0.0758798 0.981084 -0.842456 -0.287521 -0.957525 -0.0218642 7.71837 0 0 0 1 
-0.922681 0.318846 0.216787 -21.2608 0.172235 -0.162194 0.971612 2.59677 -0.344956 -0.933826 -0.0947375 7.42708 0 0 0 1 
-0.9149 0.334303 0.226273 -22.2345 0.167691 -0.195138 0.966334 3.93233 -0.367203 -0.922043 -0.122472 7.19653 0 0 0 1 
-0.916033 0.332108 0.224919 -22.0958 0.168418 -0.190458 0.967141 3.74182 -0.364032 -0.923813 -0.118533 7.23347 0 0 0 1 
-0.922681 0.318846 0.216787 -21.2608 0.172235 -0.162195 0.971612 2.59679 -0.344956 -0.933826 -0.0947376 7.42708 0 0 0 1 
-0.931145 0.300934 0.205931 -20.1393 0.175874 -0.124079 0.976562 1.06722 -0.319432 -0.945539 -0.0626088 7.61006 0 0 0 1 
-0.93817 0.285052 0.196423 -19.1507 0.1777 -0.0903937 0.979925 -0.270345 -0.297085 -0.95424 -0.0341509 7.69988 0 0 0 1 
-0.941071 0.278188 0.192348 -18.7251 0.178095 -0.0758797 0.981084 -0.842459 -0.287521 -0.957525 -0.0218642 7.71837 0 0 0 1 
-0.941071 0.278188 0.192348 -18.7251 0.178095 -0.0758797 0.981084 -0.842462 -0.287521 -0.957525 -0.0218642 7.71837 0 0 0 1 
-0.941071 0.278188 0.192348 -18.7251 0.178095 -0.0758794 0.981084 -0.842482 -0.287521 -0.957525 -0.0218639 7.71836 0 0 0 1 
-0.925576 0.312857 0.213141 -20.8851 0.173642 -0.149441 0.973405 2.08313 -0.336389 -0.93797 -0.0839936 7.49812 0 0 0 1 
-0.941071 0.278188 0.192348 -18.7251 0.178095 -0.0758797 0.981084 -0.842471 -0.287521 -0.957525 -0.0218641 7.71837 0 0 0 1 
-0.998674 0.0146349 0.0493574 -3.03675 0.0508602 0.428958 0.901892 -18.7668 0.00797313 -0.903206 0.429134 1.18385 0 0 0 1 
-0.932542 -0.344405 -0.108397 16.5888 -0.354501 0.8164 0.455873 -25.6434 0.0685098 -0.463548 0.883419 -19.0919 0 0 0 1 
-0.626307 -0.742889 -0.236338 46.2728 -0.711742 0.421212 0.562142 -32.0409 0.318061 -0.520285 0.792553 -3.69904 0 0 0 1 
-0.912277 -0.399256 0.0913556 9.18826 -0.102104 0.437702 0.893304 -25.5643 0.396643 -0.805612 0.440072 15.9009 0 0 0 1 
-0.9073 0.0470691 0.417841 -23.5349 0.420482 0.10489 0.901218 4.89868 0.00140771 -0.99337 0.114958 16.566 0 0 0 1 
-0.754838 0.33452 0.564195 -36.8832 0.538423 -0.17523 0.824255 23.4591 -0.374594 -0.925954 0.0478431 -0.311588 0 0 0 1 
-0.71037 0.433202 0.554717 -38.232 0.519987 -0.208128 0.828431 24.0658 -0.474329 -0.876938 0.0774116 -8.96678 0 0 0 1 
-0.746918 0.450758 0.488805 -36.142 0.47633 -0.150179 0.866347 18.7874 -0.463921 -0.879923 0.102539 -10.8975 0 0 0 1 
-0.788135 0.440782 0.429598 -33.5719 0.444945 -0.0742519 0.892475 13.8835 -0.425285 -0.894538 0.137603 -11.2056 0 0 0 1 
-0.80092 0.429003 0.417713 -32.7543 0.447263 -0.0351817 0.893711 12.5638 -0.3981 -0.902618 0.163699 -10.9434 0 0 0 1 
-0.809726 0.408854 0.42093 -32.4322 0.45798 -0.00816107 0.888925 12.1883 -0.366875 -0.912564 0.180638 -9.70348 0 0 0 1 
-0.820034 0.392549 0.416473 -31.8454 0.462301 0.025366 0.88636 11.2973 -0.337375 -0.919382 0.202277 -9.02096 0 0 0 1 
-0.82435 0.385494 0.414539 -31.5906 0.463702 0.0398089 0.885097 10.9074 -0.324697 -0.921852 0.211571 -8.74283 0 0 0 1 
-0.82435 0.385494 0.414539 -31.5906 0.463702 0.0398089 0.885097 10.9074 -0.324697 -0.921852 0.211571 -8.74283 0 0 0 1 
-0.82435 0.385494 0.414539 -31.5906 0.463703 0.0398091 0.885097 10.9074 -0.324697 -0.921852 0.211571 -8.74284 0 0 0 1 
-0.777983 0.460677 0.427223 -33.4524 0.468788 -0.0270986 0.882895 13.6149 -0.418306 -0.887154 0.194878 -13.6413 0 0 0 1 
-0.82435 0.385494 0.414539 -31.5906 0.463702 0.0398089 0.885097 10.9074 -0.324697 -0.921852 0.211571 -8.74282 0 0 0 1 
-0.961121 -0.180665 0.208821 -5.67385 0.109532 0.444765 0.888925 -16.526 0.253474 -0.877237 0.407684 9.7636 0 0 0 1 
-0.626307 -0.742889 -0.236338 46.2728 -0.711742 0.421212 0.562142 -32.0409 0.318061 -0.520285 0.792553 -3.69906 0 0 0 1 
-0.433158 -0.773294 -0.463024 77.4054 -0.775124 0.0574414 0.629193 -39.1768 0.459955 -0.631441 0.62428 19.9039 0 0 0 1 
-0.866358 -0.482183 0.130091 9.76765 -0.0279552 0.306893 0.951333 -24.2919 0.498641 -0.820559 0.279359 35.5781 0 0 0 1 
-0.7823 0.140648 0.606816 -30.702 0.619337 0.0715406 0.78186 27.9435 -0.0665555 -0.987472 0.143075 9.72958 0 0 0 1 
-0.480821 0.55724 0.676975 -28.8602 0.712071 -0.202356 0.672315 47.3442 -0.511631 -0.805317 0.299498 -30.248 0 0 0 1 
-0.439594 0.685773 0.580062 -23.7093 0.666247 -0.184163 0.722634 42.1159 -0.602388 -0.704131 0.375937 -42.3563 0 0 0 1 
-0.566688 0.686767 0.45521 -22.937 0.585036 -0.0536391 0.809232 29.9739 -0.580171 -0.724896 0.371386 -41.0257 0 0 0 1 
-0.674496 0.65081 0.348571 -20.9206 0.512579 0.0730161 0.855531 20.3717 -0.531337 -0.755722 0.382841 -38.6712 0 0 0 1 
-0.695917 0.637545 0.33051 -20.1855 0.511968 0.117727 0.850899 19.2814 -0.503576 -0.761366 0.408331 -38.3387 0 0 0 1 
-0.701065 0.621587 0.349482 -20.8918 0.534339 0.133368 0.834682 20.6704 -0.472218 -0.771909 0.425638 -37.1149 0 0 0 1 
-0.713928 0.606542 0.349878 -20.8693 0.543048 0.164164 0.823499 20.7748 -0.442049 -0.777919 0.446583 -36.3379 0 0 0 1 
-0.719352 0.600007 0.350035 -20.858 0.54633 0.177466 0.818554 20.8104 -0.429019 -0.780062 0.455462 -36.0055 0 0 0 1 
-0.719352 0.600007 0.350035 -20.858 0.54633 0.177466 0.818554 20.8104 -0.429019 -0.780062 0.455462 -36.0055 0 0 0 1 
-0.719352 0.600007 0.350035 -20.858 0.54633 0.177466 0.818554 20.8104 -0.429019 -0.780062 0.455462 -36.0055 0 0 0 1 
-0.643807 0.694992 0.320154 -17.5216 0.54845 0.127356 0.826429 22.4087 -0.533588 -0.707648 0.463161 -43.8233 0 0 0 1 
-0.719352 0.600007 0.350035 -20.858 0.54633 0.177466 0.818554 20.8104 -0.429019 -0.780062 0.455462 -36.0055 0 0 0 1 
-0.947011 -0.200485 0.250951 -7.92511 0.135373 0.459387 0.87786 -14.0098 0.291281 -0.865315 0.407905 12.21 0 0 0 1 
-0.433158 -0.773294 -0.463024 77.4054 -0.775124 0.0574416 0.629193 -39.1768 0.459954 -0.63144 0.62428 19.9039 0 0 0 1 
-0.596914 -0.461422 -0.65634 91.8364 -0.801491 0.379802 0.461912 -14.2798 -0.036143 -0.801773 0.596535 -28.8745 0 0 0 1 
-0.988495 0.146234 -0.0386428 35.4185 -0.0291671 0.0663979 0.997367 -36.6695 -0.148415 -0.987019 0.0613689 -7.50041 0 0 0 1 
-0.524671 0.446621 0.724742 -9.2923 0.332187 -0.676434 0.657336 -9.33014 -0.78382 -0.585634 -0.206544 -8.56164 0 0 0 1 
0.076351 0.339228 0.9376 -10.5812 0.141955 -0.934465 0.326534 7.02301 -0.986925 -0.108165 0.119503 -34.2719 0 0 0 1 
0.290681 0.404011 0.86734 5.99147 0.133968 -0.914739 0.381191 4.92768 -0.947395 -0.00539091 0.320022 -46.9965 0 0 0 1 
0.268373 0.618155 0.738824 23.5792 0.262212 -0.784877 0.561439 2.64095 -0.926942 -0.0430534 0.372727 -52.2802 0 0 0 1 
0.190928 0.765954 0.61389 36.0564 0.387099 -0.633465 0.669984 5.80395 -0.902054 -0.109717 0.417446 -56.721 0 0 0 1 
0.171255 0.785517 0.594672 38.0987 0.431903 -0.602357 0.671287 7.91718 -0.885512 -0.141879 0.442424 -58.2106 0 0 0 1 
0.152012 0.77083 0.618638 35.5991 0.448298 -0.611598 0.651902 8.29944 -0.880864 -0.178237 0.438532 -58.0941 0 0 0 1 
0.132421 0.772726 0.620774 35.3417 0.478184 -0.598391 0.64286 9.61144 -0.86822 -0.211716 0.448745 -58.7007 0 0 0 1 
0.124001 0.773426 0.62164 35.2255 0.490823 -0.592276 0.638986 10.186 -0.86239 -0.22588 0.453058 -58.9435 0 0 0 1 
0.124001 0.773426 0.62164 35.2255 0.490823 -0.592276 0.638986 10.186 -0.86239 -0.22588 0.453058 -58.9435 0 0 0 1 
0.124001 0.773426 0.62164 35.2255 0.490823 -0.592276 0.638986 10.186 -0.86239 -0.22588 0.453058 -58.9435 0 0 0 1 
0.279329 0.755456 0.592673 42.3949 0.447812 -0.648499 0.61556 10.6162 -0.849376 -0.0934627 0.519447 -59.9781 0 0 0 1 
0.124001 0.773426 0.62164 35.2255 0.490823 -0.592276 0.638986 10.186 -0.86239 -0.22588 0.453058 -58.9435 0 0 0 1 
-0.842306 0.456544 0.286509 18.6737 0.35632 0.0728083 0.931523 -10.985 -0.404421 -0.886716 0.224003 -34.4124 0 0 0 1 
-0.596914 -0.461422 -0.65634 91.8364 -0.801491 0.379802 0.461912 -14.2798 -0.0361431 -0.801773 0.596535 -28.8745 0 0 0 1 
-0.410327 -0.848621 -0.333877 99.3135 -0.900307 0.435257 0.000154674 18.1557 -0.145191 -0.300655 0.942617 -100.103 0 0 0 1 
-0.930622 0.0204243 -0.365412 82.6477 -0.320194 0.438133 0.83995 -75.3052 -0.177254 -0.898678 0.401197 -50.583 0 0 0 1 
-0.727234 0.557889 0.399863 -7.79585 0.0326877 -0.55375 0.832042 -74.0421 -0.685611 -0.61816 -0.38447 24.9832 0 0 0 1 
-0.276243 0.357159 0.89226 -55.4698 -0.0818363 -0.933755 0.348432 -26.3504 -0.957598 -0.0232327 -0.287171 9.00867 0 0 0 1 
0.00257027 0.368165 0.929757 -39.0999 -0.146445 -0.919598 0.364547 -32.0464 -0.989216 0.137095 -0.0515522 -19.5444 0 0 0 1 
0.157148 0.604022 0.78132 4.25687 -0.0823795 -0.780376 0.619861 -51.4687 -0.984133 0.161775 0.0728755 -36.9412 0 0 0 1 
0.226529 0.76681 0.600572 42.3568 0.048389 -0.6247 0.779365 -52.9938 -0.972802 0.147488 0.178618 -51.7283 0 0 0 1 
0.22877 0.787135 0.572784 48.3068 0.0992482 -0.604181 0.790643 -50.665 -0.968408 0.124028 0.216341 -56.5828 0 0 0 1 
0.190071 0.780956 0.594963 42.9574 0.115586 -0.619596 0.776364 -50.5806 -0.974943 0.078795 0.208035 -57.204 0 0 0 1 
0.171637 0.787507 0.591923 43.2179 0.149081 -0.614683 0.774558 -49.1966 -0.973815 0.0446985 0.222905 -59.8718 0 0 0 1 
0.163698 0.790206 0.590573 43.3213 0.163391 -0.612098 0.773718 -48.568 -0.972886 0.0301619 0.229312 -60.999 0 0 0 1 
0.163698 0.790206 0.590573 43.3213 0.163391 -0.612098 0.773718 -48.568 -0.972886 0.0301618 0.229312 -60.999 0 0 0 1 
0.163698 0.790206 0.590573 43.3213 0.163391 -0.612098 0.773718 -48.568 -0.972886 0.0301617 0.229312 -60.999 0 0 0 1 
0.319949 0.706073 0.631738 45.8987 0.0980131 -0.687878 0.719179 -47.2088 -0.942352 0.168182 0.28929 -59.1534 0 0 0 1 
0.163698 0.790206 0.590573 43.3213 0.163391 -0.612098 0.773718 -48.568 -0.972886 0.0301617 0.229312 -60.999 0 0 0 1 
-0.819536 0.566807 -0.0842028 56.2752 0.15318 0.358294 0.920957 -49.382 -0.552174 -0.741859 0.380459 -77.0366 0 0 0 1 
-0.410327 -0.848621 -0.333877 99.3135 -0.900307 0.435257 0.000154555 18.1557 -0.145191 -0.300655 0.942617 -100.103 0 0 0 1 
-0.527026 -0.468838 -0.708827 96.3253 -0.846245 0.212774 0.488464 -30.2453 0.0781905 -0.857274 0.508889 -8.14589 0 0 0 1 
-0.959512 -0.14583 -0.24098 40.626 -0.251984 0.0621149 0.965736 -50.0973 0.125865 -0.987358 0.0963468 15.4678 0 0 0 1 
-0.902031 0.250451 0.351589 -16.6031 0.235589 -0.396868 0.887127 -24.3878 -0.361716 -0.883047 -0.298984 24.7217 0 0 0 1 
-0.588583 0.464464 0.661697 -38.8381 0.250839 -0.673174 0.695642 -4.64566 -0.768538 -0.575422 -0.279713 2.7615 0 0 0 1 
-0.425916 0.600004 0.677193 -32.7187 0.192314 -0.671336 0.715769 -8.57515 -0.884088 -0.435091 -0.170543 -13.8861 0 0 0 1 
-0.38887 0.722311 0.57188 -16.753 0.164494 -0.556327 0.81452 -17.239 -0.906489 -0.410813 -0.0975236 -22.8472 0 0 0 1 
-0.38598 0.795807 0.466595 -2.94817 0.177882 -0.432094 0.884112 -21.2033 -0.905195 -0.424249 -0.0252202 -30.0099 0 0 0 1 
-0.393543 0.803975 0.445813 -0.34359 0.20478 -0.396095 0.895084 -21.3586 -0.896209 -0.443547 0.00875813 -32.3812 0 0 0 1 
-0.421428 0.786148 0.452072 -1.99432 0.229763 -0.389676 0.891831 -21.0627 -0.877273 -0.479712 0.0164073 -31.8486 0 0 0 1 
-0.438974 0.78076 0.444652 -1.52466 0.254421 -0.366616 0.89491 -20.9338 -0.861726 -0.505971 0.0377074 -32.7761 0 0 0 1 
-0.446455 0.778337 0.44144 -1.32496 0.264711 -0.356371 0.896063 -20.8664 -0.854755 -0.516906 0.0469309 -33.1746 0 0 0 1 
-0.446455 0.778337 0.44144 -1.32496 0.264711 -0.356371 0.896063 -20.8664 -0.854755 -0.516905 0.0469309 -33.1746 0 0 0 1 
-0.446455 0.778337 0.44144 -1.32497 0.264711 -0.356371 0.896063 -20.8664 -0.854755 -0.516906 0.0469311 -33.1746 0 0 0 1 
-0.323823 0.822214 0.468084 0.29652 0.234092 -0.409731 0.881659 -20.2782 -0.916701 -0.395076 0.0597933 -36.7489 0 0 0 1 
-0.446455 0.778337 0.44144 -1.32497 0.264711 -0.356371 0.896063 -20.8664 -0.854755 -0.516906 0.046931 -33.1746 0 0 0 1 
-0.978807 0.204173 0.0158213 17.3722 0.0439891 0.13417 0.989982 -37.997 -0.200005 -0.969697 0.140309 -9.93232 0 0 0 1 
-0.527026 -0.468838 -0.708827 96.3253 -0.846245 0.212774 0.488464 -30.2453 0.0781904 -0.857274 0.508889 -8.1459 0 0 0 1 
-0.714977 -0.538376 -0.446048 51.391 -0.686876 0.421892 0.591784 -32.4669 0.130418 -0.729492 0.671441 -4.03351 0 0 0 1 
-0.95059 -0.256774 -0.17449 22.5442 -0.25169 0.308378 0.917363 -34.79 0.181746 -0.915953 0.357769 9.40089 0 0 0 1 
-0.989425 0.114247 0.089367 -7.43303 0.08658 -0.0291387 0.995819 -21.1809 -0.116374 -0.993025 -0.0189392 18.074 0 0 0 1 
-0.89541 0.381586 0.229419 -23.8284 0.132283 -0.264006 0.955407 -10.6522 -0.425138 -0.885829 -0.185917 11.7974 0 0 0 1 
-0.814271 0.523174 0.2515 -25.6906 0.11444 -0.280075 0.953133 -9.85239 -0.569093 -0.80489 -0.168185 0.510887 0 0 0 1 
-0.759412 0.607906 0.231826 -21.9589 0.117758 -0.222006 0.967909 -10.4609 -0.639864 -0.762341 -0.0970083 -10.6967 0 0 0 1 
-0.730549 0.651323 0.205127 -17.9601 0.142879 -0.147947 0.978621 -10.5688 -0.667746 -0.744238 -0.015022 -19.1603 0 0 0 1 
-0.734658 0.649996 0.194377 -16.8328 0.161198 -0.111064 0.980653 -10.8575 -0.659009 -0.751779 0.0231843 -20.9505 0 0 0 1 
-0.756525 0.625827 0.189765 -16.7572 0.173396 -0.0878314 0.980928 -11.4195 -0.630558 -0.775001 0.0420694 -19.7974 0 0 0 1 
-0.769118 0.612617 0.182093 -16.1519 0.186974 -0.0567684 0.980724 -11.8243 -0.611145 -0.788339 0.0708821 -20.1576 0 0 0 1 
-0.774432 0.606863 0.178808 -15.8918 0.192443 -0.0432733 0.980354 -11.993 -0.602678 -0.793628 0.0832741 -20.3203 0 0 0 1 
-0.774432 0.606863 0.178808 -15.8918 0.192443 -0.0432733 0.980354 -11.993 -0.602678 -0.793628 0.0832742 -20.3203 0 0 0 1 
-0.774432 0.606863 0.178807 -15.8918 0.192443 -0.043273 0.980354 -11.9931 -0.602678 -0.793628 0.0832742 -20.3203 0 0 0 1 
-0.712366 0.675874 0.18902 -16.4486 0.169573 -0.0955891 0.980871 -11.5559 -0.681013 -0.730792 0.0465157 -23.3206 0 0 0 1 
-0.774432 0.606863 0.178807 -15.8918 0.192443 -0.0432732 0.980354 -11.9931 -0.602678 -0.793628 0.0832741 -20.3203 0 0 0 1 
-0.999146 0.0412723 0.00171738 2.28155 0.0157478 0.342139 0.939517 -24.3858 -0.0381886 -0.938742 0.342497 -3.78685 0 0 0 1 
-0.714977 -0.538376 -0.446048 51.391 -0.686876 0.421892 0.591784 -32.4669 0.130418 -0.729491 0.671441 -4.03352 0 0 0 1 
-0.925492 0.375901 0.0465084 -15.2167 0.354501 0.8164 0.455873 -25.6435 -0.133394 -0.438394 0.888829 -20.2025 0 0 0 1 
-0.987386 0.153956 -0.0369572 -3.03509 0.0630229 0.596301 0.800283 -23.357 -0.145246 -0.78786 0.598482 -4.79276 0 0 0 1 
-0.988488 -0.0757181 -0.13099 10.1317 -0.143645 0.197759 0.969669 -11.1036 0.0475171 -0.977322 0.206359 6.64451 0 0 0 1 
-0.958835 -0.210718 -0.190352 18.1411 -0.178093 -0.0758797 0.981084 -0.842411 0.221176 -0.974598 -0.0352286 9.00567 0 0 0 1 
-0.944497 -0.25293 -0.209648 20.6909 -0.172232 -0.162194 0.971612 2.5968 0.279754 -0.953793 -0.109629 8.89193 0 0 0 1 
-0.938286 -0.269172 -0.217177 21.6783 -0.167688 -0.195138 0.966335 3.93235 0.302489 -0.943116 -0.137958 8.72985 0 0 0 1 
-0.939195 -0.266858 -0.2161 21.5374 -0.168415 -0.190457 0.967142 3.74186 0.299247 -0.944729 -0.133934 8.75707 0 0 0 1 
-0.944497 -0.25293 -0.209648 20.6909 -0.172232 -0.162194 0.971612 2.59682 0.279753 -0.953793 -0.109629 8.89195 0 0 0 1 
-0.95116 -0.234245 -0.201059 19.5594 -0.175872 -0.124078 0.976562 1.06727 0.253702 -0.964227 -0.0768214 8.99625 0 0 0 1 
-0.956609 -0.217795 -0.19356 18.5669 -0.177698 -0.0903936 0.979925 -0.270302 0.230919 -0.9718 -0.0477696 9.01691 0 0 0 1 
-0.958835 -0.210718 -0.190352 18.1411 -0.178093 -0.0758796 0.981084 -0.84241 0.221176 -0.974598 -0.0352287 9.00567 0 0 0 1 
-0.958835 -0.210718 -0.190352 18.1411 -0.178093 -0.0758796 0.981084 -0.842413 0.221176 -0.974598 -0.0352286 9.00567 0 0 0 1 
-0.958835 -0.210718 -0.190352 18.1411 -0.178093 -0.0758796 0.981084 -0.842427 0.221176 -0.974598 -0.0352286 9.00567 0 0 0 1 
-0.946787 -0.246667 -0.206761 20.3111 -0.17364 -0.149441 0.973405 2.08317 0.271006 -0.957509 -0.0986573 8.93661 0 0 0 1 
-0.958835 -0.210718 -0.190352 18.1411 -0.178093 -0.0758796 0.981084 -0.842422 0.221176 -0.974598 -0.0352286 9.00567 0 0 0 1 
