a
29
13
20
0
1
5 1
0.773529 -0.633271 -0.0249037 0.00966488 -0.0170241 0.0185184 -0.999684 -0.0662781 -0.633532 -0.773709 -0.00354362 0.0539017 0 0 0 1 
0.773529 -0.633271 -0.0249037 0.00966488 -0.0170241 0.0185184 -0.999684 -0.0674156 -0.633532 -0.773709 -0.00354364 0.0380741 0 0 0 1 
0.773529 -0.633271 -0.0249037 0.00966488 -0.0170241 0.0185184 -0.999684 -0.0685531 -0.633532 -0.773709 -0.0035436 0.0222464 0 0 0 1 
0.773529 -0.633271 -0.0249037 0.00966488 -0.0170241 0.0185184 -0.999684 -0.0695109 -0.633532 -0.773709 -0.00354364 0.00891788 0 0 0 1 
0.773529 -0.633271 -0.0249037 0.00966488 -0.0170241 0.0185184 -0.999684 -0.0695109 -0.633532 -0.773709 -0.00354364 0.00891788 0 0 0 1 
0.773529 -0.633271 -0.0249037 0.00966488 -0.0170241 0.0185184 -0.999684 -0.0695109 -0.633532 -0.773709 -0.00354364 0.00891788 0 0 0 1 
0.773529 -0.633271 -0.0249037 0.00966488 -0.0170241 0.0185184 -0.999684 -0.0613239 -0.633532 -0.773709 -0.00354362 0.0430894 0 0 0 1 
0.773529 -0.633271 -0.0249037 0.00966488 -0.0170241 0.0185184 -0.999684 -0.0531368 -0.633532 -0.773709 -0.00354362 0.0772609 0 0 0 1 
0.773529 -0.633271 -0.0249037 0.00966488 -0.0170241 0.0185184 -0.999684 -0.0531368 -0.633532 -0.773709 -0.00354362 0.0772609 0 0 0 1 
0.773529 -0.633271 -0.0249037 0.00966488 -0.0170241 0.0185184 -0.999684 -0.0531368 -0.633532 -0.773709 -0.00354362 0.0772609 0 0 0 1 
0.773529 -0.633271 -0.0249037 0.00966488 -0.0170241 0.0185184 -0.999684 -0.0531368 -0.633532 -0.773709 -0.00354362 0.0772609 0 0 0 1 
0.773529 -0.633271 -0.0249037 0.00966488 -0.0170241 0.0185184 -0.999684 -0.0604161 -0.633532 -0.773709 -0.00354362 0.064024 0 0 0 1 
0.773529 -0.633271 -0.0249037 0.00966488 -0.0170241 0.0185184 -0.999684 -0.0662781 -0.633532 -0.773709 -0.00354362 0.0539017 0 0 0 1 
0.832445 -0.526943 0.171365 -0.0249249 0.0910319 -0.175007 -0.98035 -0.0675341 -0.546578 -0.831687 0.0977152 0.0372461 0 0 0 1 
0.869014 -0.487598 0.0840426 -0.0104059 0.0205271 -0.134181 -0.990744 -0.0673476 -0.494361 -0.862696 0.106596 0.0202439 0 0 0 1 
0.896408 -0.44321 -0.00421797 0.00421731 -0.052552 -0.0968291 -0.993913 -0.0683601 -0.440104 -0.891173 0.11009 0.00413632 0 0 0 1 
0.912145 -0.402262 -0.0785887 0.0164996 -0.115525 -0.068359 -0.990949 -0.0701441 -0.393249 -0.912969 0.108825 -0.00873164 0 0 0 1 
0.912145 -0.402262 -0.0785887 0.0164996 -0.115525 -0.068359 -0.990949 -0.0701441 -0.393249 -0.912969 0.108825 -0.00873164 0 0 0 1 
0.912145 -0.402262 -0.0785887 0.0164996 -0.115525 -0.068359 -0.990949 -0.0701441 -0.393249 -0.912969 0.108825 -0.00873164 0 0 0 1 
0.94041 -0.327661 -0.0909227 0.0178457 -0.0724619 0.0681433 -0.99504 -0.0626525 -0.332231 -0.942335 -0.0403396 0.0512392 0 0 0 1 
0.963833 -0.25041 -0.0912148 0.0171063 -0.0389376 0.206274 -0.977719 -0.0588379 -0.263646 -0.94591 -0.189064 0.110871 0 0 0 1 
0.963833 -0.25041 -0.0912148 0.0171063 -0.0389376 0.206274 -0.977719 -0.0588379 -0.263646 -0.94591 -0.189064 0.110871 0 0 0 1 
0.963833 -0.25041 -0.0912148 0.0171063 -0.0389376 0.206274 -0.977719 -0.0588379 -0.263646 -0.94591 -0.189064 0.110871 0 0 0 1 
0.963833 -0.25041 -0.0912148 0.0171063 -0.0389376 0.206274 -0.977719 -0.0588379 -0.263646 -0.94591 -0.189064 0.110871 0 0 0 1 
0.904191 -0.424494 0.0473724 -0.00478247 0.0497847 -0.00541377 -0.998745 -0.0603015 -0.424218 -0.905415 -0.0162382 0.0676391 0 0 0 1 
0.832445 -0.526943 0.171365 -0.0249249 0.0910319 -0.175007 -0.98035 -0.0675341 -0.546579 -0.831687 0.0977152 0.0372461 0 0 0 1 
0.787208 -0.612614 -0.0707706 0.0145125 -0.0525229 0.0477393 -0.997478 -0.0658925 -0.614447 -0.788939 -0.00540448 0.0537693 0 0 0 1 
0.951103 -0.302666 -0.061607 0.0201919 -0.0350706 0.0923458 -0.995109 -0.0663161 -0.306875 -0.948612 -0.0772158 0.0416255 0 0 0 1 
0.998667 0.0432191 -0.0282186 0.0242479 -0.0340191 0.139971 -0.989571 -0.0669877 0.0388187 -0.989212 -0.141255 0.0312446 0 0 0 1 
0.943664 0.330533 0.0156914 0.0260235 -0.0460123 0.178028 -0.982949 -0.0677898 0.327691 -0.926852 -0.183207 0.0233734 0 0 0 1 
0.943664 0.330533 0.0156914 0.0260235 -0.0460123 0.178028 -0.982949 -0.0677898 0.327691 -0.926852 -0.183207 0.0233734 0 0 0 1 
0.943664 0.330533 0.0156914 0.0260235 -0.0460123 0.178028 -0.982949 -0.0677898 0.327691 -0.926852 -0.183207 0.0233734 0 0 0 1 
0.998491 0.0404199 0.0371785 0.0179023 0.021162 0.341518 -0.939637 -0.060314 0.0506772 -0.939005 -0.340147 0.0722647 0 0 0 1 
0.967485 -0.252729 0.0100611 0.014355 0.131776 0.469707 -0.872932 -0.0558088 -0.215889 -0.845874 -0.487738 0.122467 0 0 0 1 
0.967485 -0.252729 0.0100611 0.014355 0.131776 0.469707 -0.872932 -0.0558088 -0.215889 -0.845874 -0.487738 0.122467 0 0 0 1 
0.967485 -0.252729 0.0100611 0.014355 0.131776 0.469707 -0.872932 -0.0558088 -0.215889 -0.845874 -0.487738 0.122467 0 0 0 1 
0.967485 -0.252729 0.0100611 0.014355 0.131776 0.469707 -0.872932 -0.0558088 -0.215889 -0.845874 -0.487738 0.122467 0 0 0 1 
0.884802 -0.461975 -0.0608713 0.0167566 0.0517857 0.227315 -0.972443 -0.0586324 -0.463081 -0.857267 -0.225053 0.0836376 0 0 0 1 
0.787208 -0.612614 -0.0707706 0.0145125 -0.0525229 0.0477392 -0.997478 -0.0658925 -0.614447 -0.788939 -0.00540446 0.0537693 0 0 0 1 
0.835247 -0.548303 0.0415464 0.0187075 0.0899458 0.0616967 -0.994034 -0.0654055 -0.542468 -0.834001 -0.10085 0.0504913 0 0 0 1 
0.975368 -0.208847 0.07099 0.0255803 0.104612 0.154629 -0.982418 -0.0644062 -0.194199 -0.965646 -0.172668 0.0390675 0 0 0 1 
0.978379 0.152303 0.139921 0.0308117 0.0992151 0.247979 -0.963671 -0.0636315 0.181467 -0.956718 -0.227507 0.0301519 0 0 0 1 
0.873674 0.43327 0.221292 0.0332618 0.0795979 0.321426 -0.943583 -0.0632412 0.479956 -0.841998 -0.246335 0.0241263 0 0 0 1 
0.873674 0.43327 0.221292 0.0332618 0.0795979 0.321426 -0.943583 -0.0632412 0.479956 -0.841998 -0.246335 0.0241263 0 0 0 1 
0.873674 0.43327 0.221292 0.0332618 0.0795979 0.321426 -0.943583 -0.0632412 0.479956 -0.841998 -0.246335 0.0241263 0 0 0 1 
0.988107 0.0721405 0.135796 0.0209429 0.0866461 0.468355 -0.879281 -0.0557271 0.127033 -0.88059 -0.456535 0.0711085 0 0 0 1 
0.955411 -0.295203 -0.00670083 0.0129017 0.170399 0.569738 -0.803967 -0.0517095 -0.241151 -0.766977 -0.594636 0.122 0 0 0 1 
0.955411 -0.295203 -0.00670083 0.0129017 0.170399 0.569738 -0.803967 -0.0517095 -0.241151 -0.766977 -0.594636 0.122 0 0 0 1 
0.955411 -0.295203 -0.00670083 0.0129017 0.170399 0.569738 -0.803967 -0.0517095 -0.241151 -0.766977 -0.594636 0.122 0 0 0 1 
0.955411 -0.295203 -0.00670083 0.0129017 0.170399 0.569738 -0.803967 -0.0517095 -0.241151 -0.766977 -0.594636 0.122 0 0 0 1 
0.898977 -0.437945 -0.00673724 0.0185999 0.133293 0.2882 -0.948248 -0.056519 -0.417222 -0.851555 -0.31746 0.0816928 0 0 0 1 
0.835247 -0.548303 0.0415464 0.0187075 0.0899458 0.0616967 -0.994034 -0.0654055 -0.542468 -0.834001 -0.10085 0.0504913 0 0 0 1 
0.835247 -0.548136 0.0436902 0.0190304 0.0899466 0.0578101 -0.994267 -0.0654052 -0.542468 -0.834389 -0.0975888 0.0509885 0 0 0 1 
0.979544 -0.189483 0.0677497 0.0249141 0.0975689 0.152761 -0.983435 -0.0645459 -0.175994 -0.969928 -0.168124 0.039802 0 0 0 1 
0.972788 0.190951 0.131226 0.0291393 0.0815977 0.247741 -0.965384 -0.0638958 0.216851 -0.949822 -0.225418 0.0304193 0 0 0 1 
0.850778 0.481993 0.209424 0.0310099 0.0507088 0.321352 -0.945601 -0.0635577 0.523072 -0.815117 -0.248958 0.0235006 0 0 0 1 
0.850778 0.481993 0.209424 0.0310099 0.0507088 0.321352 -0.945601 -0.0635577 0.523072 -0.815117 -0.248958 0.0235006 0 0 0 1 
0.850778 0.481993 0.209424 0.0310099 0.0507088 0.321352 -0.945601 -0.0635578 0.523072 -0.815117 -0.248958 0.0235006 0 0 0 1 
0.988757 0.140009 0.0525058 0.00771363 0.00279811 0.333753 -0.942656 -0.0641227 0.149504 -0.932205 -0.329608 0.0908037 0 0 0 1 
0.966682 -0.251929 -0.0453544 0.00665883 0.037137 0.313332 -0.948917 -0.0713589 -0.253271 -0.915617 -0.312248 0.166103 0 0 0 1 
0.966682 -0.251929 -0.0453544 0.00665883 0.037137 0.313332 -0.948917 -0.0713589 -0.253271 -0.915617 -0.312248 0.166103 0 0 0 1 
0.966682 -0.251929 -0.0453544 0.00665883 0.037137 0.313332 -0.948917 -0.0713589 -0.253271 -0.915617 -0.312248 0.166103 0 0 0 1 
0.966682 -0.251929 -0.0453544 0.00665883 0.037137 0.313332 -0.948917 -0.0713589 -0.253271 -0.915617 -0.312248 0.166103 0 0 0 1 
0.908586 -0.417698 0.000505559 0.0195148 0.0760631 0.164264 -0.98348 -0.0607412 -0.410714 -0.893614 -0.181019 0.102734 0 0 0 1 
0.835247 -0.548136 0.0436902 0.0190304 0.0899466 0.0578101 -0.994267 -0.0654052 -0.542469 -0.834389 -0.0975888 0.0509885 0 0 0 1 
0.453218 -0.878932 -0.14857 -0.0354131 -0.284275 0.0154541 -0.958618 -0.0807417 -0.844856 -0.476697 0.242855 0.0916612 0 0 0 1 
0.878626 -0.417561 -0.231646 -0.0281306 -0.19644 0.126087 -0.972375 -0.0793461 -0.435233 -0.899858 -0.0287574 0.0488326 0 0 0 1 
0.970553 0.203051 -0.129605 -0.00889553 -0.179408 0.25027 -0.951408 -0.0765339 0.160749 -0.946644 -0.279329 0.0215041 0 0 0 1 
0.750265 0.658729 0.0563831 0.00594643 -0.222189 0.331546 -0.916902 -0.0750923 0.622683 -0.675391 -0.39511 0.0123306 0 0 0 1 
0.750265 0.658729 0.0563831 0.00594643 -0.222189 0.331546 -0.916902 -0.0750923 0.622683 -0.675391 -0.39511 0.0123306 0 0 0 1 
0.750265 0.658729 0.0563832 0.00594644 -0.222189 0.331546 -0.916902 -0.0750923 0.622683 -0.675391 -0.39511 0.0123306 0 0 0 1 
0.936184 0.343651 -0.073921 -0.00848402 -0.24106 0.474606 -0.846545 -0.0681152 0.255833 -0.810341 -0.527159 0.068596 0 0 0 1 
0.973304 -0.0182208 -0.228797 -0.0145768 -0.173309 0.59521 -0.784659 -0.0666227 -0.150479 -0.803364 -0.576162 0.128946 0 0 0 1 
0.973304 -0.0182208 -0.228797 -0.0145768 -0.173309 0.59521 -0.784659 -0.0666227 -0.150479 -0.803364 -0.576162 0.128946 0 0 0 1 
0.973304 -0.0182208 -0.228797 -0.0145768 -0.173309 0.59521 -0.784659 -0.0666227 -0.150479 -0.803364 -0.576162 0.128946 0 0 0 1 
0.973304 -0.0182208 -0.228797 -0.0145768 -0.173309 0.59521 -0.784659 -0.0666227 -0.150479 -0.803364 -0.576162 0.128946 0 0 0 1 
0.774946 -0.574683 -0.263054 -0.028449 -0.130955 0.261175 -0.956367 -0.0721881 -0.618311 -0.775582 -0.127139 0.100659 0 0 0 1 
0.453217 -0.878932 -0.14857 -0.0354131 -0.284275 0.015454 -0.958618 -0.0807417 -0.844856 -0.476697 0.242855 0.0916612 0 0 0 1 
-0.182953 -0.926363 0.329211 -0.0597633 -0.522567 -0.192008 -0.830697 -0.0999904 -0.832738 0.324013 0.448958 0.134826 0 0 0 1 
0.488093 -0.870389 0.0647165 -0.0503146 -0.202858 -0.185251 -0.961525 -0.0844031 -0.848889 -0.456186 0.266985 0.0395921 0 0 0 1 
0.948877 -0.315545 0.00797454 -0.003103 0.030629 0.0669013 -0.997289 -0.0573809 -0.314156 -0.946549 -0.0731459 -0.0158105 0 0 0 1 
0.947314 0.281415 0.152977 0.0385662 0.0460179 0.353068 -0.934465 -0.0406342 0.316984 -0.892272 -0.321516 -0.0233707 0 0 0 1 
0.947314 0.281415 0.152977 0.0385662 0.0460179 0.353068 -0.934465 -0.0406342 0.316984 -0.892272 -0.321516 -0.0233707 0 0 0 1 
0.947314 0.281415 0.152977 0.0385662 0.046018 0.353068 -0.934465 -0.0406342 0.316984 -0.892272 -0.321516 -0.0233708 0 0 0 1 
0.913571 0.350531 0.206192 0.0253866 0.00488098 0.497527 -0.867434 -0.037089 0.406649 -0.79347 -0.452816 0.0991267 0 0 0 1 
0.873059 0.406622 0.26912 0.0449236 -0.0507621 0.624705 -0.779209 -0.048753 0.484965 -0.666634 -0.566046 0.218929 0 0 0 1 
0.873059 0.406622 0.26912 0.0449236 -0.0507621 0.624705 -0.779209 -0.048753 0.484965 -0.666634 -0.566046 0.218929 0 0 0 1 
0.873059 0.406622 0.26912 0.0449236 -0.0507621 0.624705 -0.779209 -0.048753 0.484965 -0.666634 -0.566046 0.218929 0 0 0 1 
0.873059 0.406622 0.26912 0.0449236 -0.0507621 0.624705 -0.779209 -0.048753 0.484965 -0.666634 -0.566046 0.218929 0 0 0 1 
0.673893 -0.738092 -0.0329889 -0.0148651 -0.0537939 -0.00448523 -0.998542 -0.0720541 -0.736868 -0.674685 0.0427275 0.108722 0 0 0 1 
-0.182953 -0.926363 0.329211 -0.0597633 -0.522567 -0.192008 -0.830697 -0.0999904 -0.832738 0.324013 0.448958 0.134826 0 0 0 1 
-0.534103 0.620871 0.573807 -0.172926 -0.845003 -0.370747 -0.385378 -0.193249 0.0265325 0.6907 -0.722655 0.384085 0 0 0 1 
-0.283212 -0.0499924 0.957753 -0.28171 -0.702696 -0.668816 -0.242701 -0.227597 -0.652694 0.741745 -0.154287 0.089086 0 0 0 1 
0.360006 -0.481464 0.799117 -0.174492 -0.363336 -0.861277 -0.355231 -0.166602 -0.859291 0.162463 0.484999 -0.182878 0 0 0 1 
0.849688 -0.374788 0.370896 0.0143387 -0.0912727 -0.797331 -0.5966 -0.0731901 -0.519325 -0.473072 0.711691 -0.271137 0 0 0 1 
0.849688 -0.374788 0.370896 0.0143387 -0.0912727 -0.797331 -0.5966 -0.0731901 -0.519325 -0.473072 0.711691 -0.271137 0 0 0 1 
0.849688 -0.374788 0.370896 0.0143387 -0.0912727 -0.797331 -0.5966 -0.07319 -0.519326 -0.473071 0.711691 -0.271137 0 0 0 1 
0.913926 -0.281 0.292881 0.0296954 0.0380597 -0.659081 -0.751108 -0.0196691 -0.404093 -0.697604 0.591656 -0.138997 0 0 0 1 
0.957254 -0.164287 0.238064 0.0733876 0.136328 -0.469641 -0.872269 0.0133366 -0.255107 -0.867437 0.427168 0.00348191 0 0 0 1 
0.957254 -0.164287 0.238064 0.0733876 0.136328 -0.469641 -0.872269 0.0133366 -0.255107 -0.867437 0.427168 0.00348191 0 0 0 1 
0.957254 -0.164287 0.238064 0.0733876 0.136328 -0.469641 -0.872269 0.0133366 -0.255107 -0.867437 0.427168 0.00348191 0 0 0 1 
0.957254 -0.164287 0.238064 0.0733876 0.136328 -0.469641 -0.872269 0.0133366 -0.255107 -0.867437 0.427168 0.00348191 0 0 0 1 
-0.10991 -0.338705 0.934451 -0.247118 -0.465807 -0.81296 -0.349457 -0.187359 -0.878034 0.473683 0.0684191 0.0597249 0 0 0 1 
-0.534103 0.620871 0.573807 -0.172926 -0.845003 -0.370747 -0.385378 -0.193249 0.0265326 0.690699 -0.722655 0.384085 0 0 0 1 
-0.161012 0.518186 0.839975 -0.082453 -0.925546 -0.374793 0.0537975 -0.288064 -0.342694 0.768774 -0.539951 0.226924 0 0 0 1 
0.0851057 -0.196114 0.976881 -0.156039 -0.736437 -0.67278 -0.0709059 -0.265499 -0.671131 0.713377 0.201683 0.0285212 0 0 0 1 
0.530471 -0.576804 0.621207 -0.0883935 -0.403975 -0.81626 -0.412945 -0.17178 -0.745254 0.0318965 0.666017 -0.17127 0 0 0 1 
0.8897 -0.383449 0.247791 0.0469732 -0.0949001 -0.686225 -0.721172 -0.0545425 -0.446573 -0.618112 0.646924 -0.23712 0 0 0 1 
0.8897 -0.383449 0.247791 0.0469732 -0.0949001 -0.686225 -0.721172 -0.0545425 -0.446573 -0.618112 0.646924 -0.23712 0 0 0 1 
0.8897 -0.383449 0.247791 0.0469731 -0.0948999 -0.686225 -0.721172 -0.0545425 -0.446573 -0.618111 0.646924 -0.23712 0 0 0 1 
0.953791 -0.269389 0.133088 0.0680227 -0.0243045 -0.510649 -0.859446 -0.0238358 -0.299486 -0.816497 0.4936 -0.0884449 0 0 0 1 
0.989603 -0.136782 0.0444489 0.11433 0.0028365 -0.290431 -0.956892 -0.0192137 -0.143795 -0.94707 0.287024 0.063151 0 0 0 1 
0.989603 -0.136782 0.0444489 0.11433 0.0028365 -0.290431 -0.956892 -0.0192137 -0.143795 -0.94707 0.287024 0.063151 0 0 0 1 
0.989603 -0.136782 0.0444489 0.11433 0.0028365 -0.290431 -0.956892 -0.0192137 -0.143795 -0.94707 0.287024 0.063151 0 0 0 1 
0.989603 -0.136782 0.0444489 0.11433 0.0028365 -0.290431 -0.956892 -0.0192137 -0.143795 -0.94707 0.287024 0.063151 0 0 0 1 
0.247499 -0.47608 0.843856 -0.108636 -0.553705 -0.784214 -0.280033 -0.228588 -0.795082 0.397939 0.4577 0.0294464 0 0 0 1 
-0.161012 0.518186 0.839975 -0.082453 -0.925546 -0.374793 0.0537974 -0.288064 -0.342694 0.768774 -0.539952 0.226924 0 0 0 1 
-0.36633 0.513762 0.77579 -0.146481 -0.855308 -0.514235 -0.0633298 -0.236891 -0.366402 0.686739 -0.627805 0.236459 0 0 0 1 
-0.0803405 -0.156575 0.984393 -0.220352 -0.649356 -0.741041 -0.170865 -0.210696 -0.756229 0.652949 0.0421378 0.0311035 0 0 0 1 
0.398248 -0.540815 0.74089 -0.165379 -0.287668 -0.840594 -0.458964 -0.117324 -0.871002 0.0303489 0.49034 -0.179695 0 0 0 1 
0.792718 -0.396326 0.463168 -0.0388763 0.0582017 -0.707124 -0.704689 -8.02279e-05 -0.606804 -0.585577 0.537483 -0.273154 0 0 0 1 
0.792718 -0.396326 0.463168 -0.0388763 0.0582017 -0.707124 -0.704689 -8.02279e-05 -0.606804 -0.585577 0.537483 -0.273154 0 0 0 1 
0.792717 -0.396326 0.463168 -0.0388763 0.0582018 -0.707125 -0.704689 -8.01831e-05 -0.606804 -0.585577 0.537483 -0.273154 0 0 0 1 
0.885799 -0.287676 0.364147 -0.0103704 0.165127 -0.537942 -0.826651 0.0407299 -0.433697 -0.792377 0.429005 -0.124784 0 0 0 1 
0.945801 -0.158958 0.283182 0.0433887 0.221539 -0.321767 -0.920536 0.0556715 -0.237445 -0.93338 0.269112 0.0316176 0 0 0 1 
0.945801 -0.158958 0.283182 0.0433887 0.221539 -0.321767 -0.920536 0.0556715 -0.237445 -0.93338 0.269112 0.0316176 0 0 0 1 
0.945801 -0.158958 0.283182 0.0433887 0.221539 -0.321767 -0.920536 0.0556715 -0.237445 -0.93338 0.269112 0.0316176 0 0 0 1 
0.945801 -0.158958 0.283182 0.0433887 0.221539 -0.321767 -0.920536 0.0556715 -0.237445 -0.93338 0.269112 0.0316176 0 0 0 1 
0.114937 -0.428378 0.89626 -0.170393 -0.431725 -0.834117 -0.343312 -0.168453 -0.894653 0.347478 0.280813 0.0305621 0 0 0 1 
-0.36633 0.513762 0.77579 -0.146481 -0.855308 -0.514235 -0.0633298 -0.236891 -0.366402 0.686739 -0.627805 0.236459 0 0 0 1 
-0.36633 0.513762 0.77579 -0.146481 -0.855308 -0.514235 -0.0633298 -0.236891 -0.366402 0.686739 -0.627805 0.236459 0 0 0 1 
-0.18892 -0.14164 0.971724 -0.258573 -0.636749 -0.735648 -0.231025 -0.189395 -0.747569 0.66239 -0.0487892 0.0593082 0 0 0 1 
0.213669 -0.527338 0.822351 -0.258534 -0.205188 -0.847239 -0.489984 -0.077169 -0.955114 0.0640419 0.289232 -0.15696 0 0 0 1 
0.597401 -0.398983 0.695648 -0.177476 0.240521 -0.738375 -0.630041 0.0494921 -0.765024 -0.543704 0.345142 -0.281271 0 0 0 1 
0.597401 -0.398983 0.695648 -0.177476 0.240521 -0.738375 -0.630041 0.0494921 -0.765024 -0.543704 0.345142 -0.281271 0 0 0 1 
0.5974 -0.398983 0.695648 -0.177476 0.240521 -0.738375 -0.630041 0.0494921 -0.765024 -0.543704 0.345142 -0.281271 0 0 0 1 
0.720565 -0.297499 0.626323 -0.145547 0.386325 -0.577841 -0.718925 0.0961782 -0.575795 -0.759996 0.30144 -0.144435 0 0 0 1 
0.807581 -0.174222 0.563435 -0.0863621 0.47745 -0.367682 -0.79803 0.120403 -0.3462 -0.913486 0.213751 0.00501155 0 0 0 1 
0.807581 -0.174222 0.563435 -0.0863621 0.47745 -0.367682 -0.79803 0.120403 -0.3462 -0.913486 0.213751 0.00501155 0 0 0 1 
0.807581 -0.174222 0.563435 -0.0863621 0.47745 -0.367682 -0.79803 0.120403 -0.3462 -0.913486 0.213751 0.00501155 0 0 0 1 
0.807581 -0.174222 0.563435 -0.0863621 0.47745 -0.367682 -0.79803 0.120403 -0.3462 -0.913486 0.213751 0.00501155 0 0 0 1 
-0.0127162 -0.414145 0.910122 -0.223196 -0.395829 -0.833757 -0.384927 -0.143285 -0.918236 0.365147 0.153329 0.0563904 0 0 0 1 
-0.36633 0.513762 0.77579 -0.146481 -0.855308 -0.514235 -0.0633298 -0.236891 -0.366402 0.686739 -0.627805 0.236459 0 0 0 1 
0.657372 -0.738439 -0.150235 -0.00376993 -0.182826 0.0371225 -0.982444 -0.0498573 -0.731052 -0.673298 0.110603 0.0945279 0 0 0 1 
0.963425 -0.0929694 -0.251334 -0.0198585 -0.234363 0.162483 -0.958474 -0.0430182 -0.129946 -0.982322 -0.134752 0.0410819 0 0 0 1 
0.791971 0.590848 -0.153886 0.00414626 -0.372635 0.268093 -0.888408 -0.0274597 0.483658 -0.760937 -0.432492 -0.0128603 0 0 0 1 
0.370254 0.923996 0.0956164 0.0490591 -0.530838 0.294928 -0.794499 -0.00962492 0.762314 -0.24341 -0.599691 -0.0331823 0 0 0 1 
0.370254 0.923996 0.0956164 0.0490591 -0.530838 0.294928 -0.794499 -0.00962492 0.762314 -0.24341 -0.599691 -0.0331823 0 0 0 1 
0.370254 0.923996 0.0956163 0.0490591 -0.530838 0.294928 -0.794499 -0.009625 0.762314 -0.24341 -0.599691 -0.0331822 0 0 0 1 
0.466954 0.860064 0.205534 0.0717651 -0.264284 0.357542 -0.895721 -0.0417243 0.843865 -0.363941 -0.394257 0.0516571 0 0 0 1 
0.519107 0.772296 0.366179 0.109145 0.0490686 0.400791 -0.914855 -0.0647328 0.8533 -0.492875 -0.170158 0.132716 0 0 0 1 
0.519107 0.772296 0.366179 0.109145 0.0490686 0.400791 -0.914855 -0.0647328 0.8533 -0.492875 -0.170158 0.132716 0 0 0 1 
0.519107 0.772296 0.366179 0.109145 0.0490686 0.400791 -0.914855 -0.0647328 0.8533 -0.492875 -0.170158 0.132716 0 0 0 1 
0.519107 0.772296 0.366179 0.109145 0.0490686 0.400791 -0.914855 -0.0647328 0.8533 -0.492875 -0.170158 0.132716 0 0 0 1 
0.993477 -0.0830488 0.0781502 0.0322748 0.100925 0.321269 -0.941595 -0.0532833 -0.0530911 -0.94334 -0.327555 0.0596449 0 0 0 1 
0.657372 -0.738439 -0.150235 -0.00376993 -0.182826 0.0371225 -0.982444 -0.0498573 -0.731052 -0.673297 0.110603 0.0945279 0 0 0 1 
0.980949 -0.103697 -0.164277 -0.0377972 -0.139667 0.211321 -0.967387 -0.0505569 -0.135031 -0.971901 -0.192812 -0.0310865 0 0 0 1 
0.761722 0.628724 -0.156477 0.0328117 -0.270242 0.088809 -0.958688 -0.0395371 0.588854 -0.77254 -0.237556 -0.0655556 0 0 0 1 
0.0883986 0.988973 -0.118817 0.110788 -0.27537 -0.090372 -0.957081 -0.0560604 0.957265 -0.117323 -0.264345 -0.0430104 0 0 0 1 
-0.541152 0.837105 -0.0800603 0.14728 -0.177753 -0.206922 -0.962075 -0.0882984 0.821923 0.506398 -0.260774 0.0168402 0 0 0 1 
-0.541152 0.837105 -0.0800603 0.14728 -0.177753 -0.206922 -0.962075 -0.0882984 0.821923 0.506398 -0.260774 0.0168402 0 0 0 1 
-0.541152 0.837105 -0.0800604 0.14728 -0.177753 -0.206922 -0.962074 -0.0882984 0.821923 0.506398 -0.260774 0.0168402 0 0 0 1 
0.0354966 0.946398 -0.321047 0.0622848 0.334264 -0.313991 -0.888638 -0.133595 0.941811 0.075771 0.327493 0.141234 0 0 0 1 
0.621722 0.76727 -0.15735 0.0264157 0.601656 -0.596473 -0.531254 -0.106796 0.50147 -0.235621 0.832473 0.316557 0 0 0 1 
0.621722 0.76727 -0.15735 0.0264157 0.601656 -0.596473 -0.531254 -0.106796 0.50147 -0.235621 0.832473 0.316557 0 0 0 1 
0.621722 0.76727 -0.15735 0.0264157 0.601656 -0.596473 -0.531254 -0.106796 0.50147 -0.235621 0.832473 0.316557 0 0 0 1 
0.621722 0.76727 -0.15735 0.0264157 0.601656 -0.596473 -0.531254 -0.106796 0.50147 -0.235621 0.832473 0.316557 0 0 0 1 
0.949112 0.314841 -0.00792459 0.0341167 0.0915472 -0.299877 -0.949575 -0.0642655 0.301342 -0.900527 0.313439 0.0968745 0 0 0 1 
0.980949 -0.103697 -0.164277 -0.0377972 -0.139667 0.211321 -0.967387 -0.0505569 -0.135031 -0.971901 -0.192812 -0.0310866 0 0 0 1 
0.95539 0.177085 -0.236369 -0.0322008 -0.166012 -0.339932 -0.925682 -0.0391914 0.244273 -0.923627 0.295369 -0.142206 0 0 0 1 
0.371933 0.645288 -0.667284 0.146562 -0.176328 -0.656654 -0.73329 -0.0620071 0.911358 -0.390396 0.130449 -0.162306 0 0 0 1 
-0.478224 0.407777 -0.77783 0.280172 0.0136047 -0.882125 -0.470818 -0.135201 0.878132 0.235739 -0.416306 -0.0222457 0 0 0 1 
-0.900593 -0.12553 -0.416143 0.258684 0.262161 -0.92052 -0.28968 -0.21205 0.346704 0.369981 -0.861923 0.156564 0 0 0 1 
-0.900593 -0.12553 -0.416143 0.258684 0.262161 -0.92052 -0.28968 -0.21205 0.346704 0.369981 -0.861923 0.156564 0 0 0 1 
-0.900593 -0.12553 -0.416143 0.258684 0.262161 -0.92052 -0.28968 -0.21205 0.346704 0.369981 -0.861922 0.156564 0 0 0 1 
-0.368034 0.497467 -0.785543 0.183148 0.511932 -0.596849 -0.617816 -0.18361 0.776194 0.629521 0.0350084 0.185926 0 0 0 1 
0.481349 0.805456 -0.345752 0.0671655 0.692037 -0.591307 -0.414055 -0.133231 0.537948 0.0399684 0.84203 0.304067 0 0 0 1 
0.481349 0.805456 -0.345752 0.0671655 0.692037 -0.591307 -0.414055 -0.133231 0.537948 0.0399684 0.84203 0.304067 0 0 0 1 
0.481349 0.805456 -0.345752 0.0671655 0.692037 -0.591307 -0.414055 -0.133231 0.537948 0.0399684 0.84203 0.304067 0 0 0 1 
0.481349 0.805456 -0.345752 0.0671655 0.692037 -0.591307 -0.414055 -0.133231 0.537948 0.0399685 0.84203 0.304067 0 0 0 1 
0.819296 0.534472 -0.207593 0.0705746 0.188007 -0.592459 -0.783355 -0.0904944 0.541672 -0.602771 0.585884 0.02469 0 0 0 1 
0.95539 0.177085 -0.236369 -0.0322008 -0.166012 -0.339932 -0.925682 -0.0391913 0.244273 -0.923627 0.295369 -0.142206 0 0 0 1 
0.974807 0.121157 0.18728 -0.103594 0.202249 -0.126023 -0.971192 -0.159879 0.0940646 -0.984601 0.147351 -0.0675522 0 0 0 1 
0.523949 0.728718 -0.440961 0.0596674 -0.0462041 -0.492633 -0.869009 -0.0856954 0.850495 -0.475691 0.224445 -0.155921 0 0 0 1 
-0.448251 0.55513 -0.700644 0.259428 -0.0248622 -0.791238 -0.611002 -0.0995684 0.893562 0.256463 -0.368475 -0.0346979 0 0 0 1 
-0.958948 -0.0334136 -0.281606 0.259834 0.163161 -0.877214 -0.451525 -0.152301 0.231941 0.478936 -0.846654 0.195765 0 0 0 1 
-0.958948 -0.0334136 -0.281606 0.259834 0.163161 -0.877214 -0.451525 -0.152301 0.231941 0.478936 -0.846654 0.195765 0 0 0 1 
-0.958948 -0.0334137 -0.281606 0.259834 0.163161 -0.877214 -0.451525 -0.152301 0.231941 0.478936 -0.846654 0.195765 0 0 0 1 
-0.30318 0.471715 -0.827989 0.166461 0.321737 -0.767193 -0.554888 -0.127832 0.896977 0.434625 -0.0808296 0.158937 0 0 0 1 
0.747505 0.363611 -0.555899 0.000755101 0.386099 -0.918822 -0.0818194 -0.0789413 0.540522 0.153472 0.827214 0.306533 0 0 0 1 
0.747505 0.363611 -0.555899 0.000755101 0.386099 -0.918822 -0.0818194 -0.0789413 0.540522 0.153472 0.827214 0.306533 0 0 0 1 
0.747505 0.363611 -0.555899 0.000755101 0.386099 -0.918822 -0.0818194 -0.0789413 0.540522 0.153472 0.827214 0.306533 0 0 0 1 
0.747505 0.363612 -0.555899 0.000755124 0.386099 -0.918822 -0.0818195 -0.0789413 0.540522 0.153472 0.827214 0.306533 0 0 0 1 
0.940851 0.338739 -0.0074985 -0.00441897 0.236491 -0.672381 -0.701411 -0.120747 0.242637 -0.658149 0.712718 0.110296 0 0 0 1 
0.974807 0.121157 0.18728 -0.103594 0.202249 -0.126023 -0.971192 -0.159879 0.0940645 -0.984601 0.147351 -0.0675522 0 0 0 1 
0.987099 0.150621 -0.0543017 -0.0533234 -0.0309839 -0.153043 -0.987734 -0.0676312 0.157083 -0.976674 0.146402 -0.0912449 0 0 0 1 
0.380914 0.726169 -0.572348 0.143811 -0.236411 -0.521948 -0.819561 -0.024777 0.893876 -0.447492 0.0271425 -0.127514 0 0 0 1 
-0.619261 0.520839 -0.587573 0.298596 -0.144956 -0.811297 -0.566379 -0.0641533 0.771688 0.265565 -0.577903 0.0591628 0 0 0 1 
-0.996899 -0.0656757 -0.0433509 0.220054 0.0782175 -0.887437 -0.454245 -0.119456 0.00863817 0.456227 -0.889822 0.2903 0 0 0 1 
-0.996899 -0.0656757 -0.0433509 0.220054 0.0782175 -0.887437 -0.454245 -0.119456 0.00863817 0.456227 -0.889822 0.2903 0 0 0 1 
-0.996898 -0.0656758 -0.0433509 0.220054 0.0782175 -0.887436 -0.454245 -0.119456 0.00863828 0.456227 -0.889821 0.2903 0 0 0 1 
-0.223305 0.483736 -0.846247 0.140309 0.362485 -0.764696 -0.532771 -0.148321 0.904842 0.425722 0.00458633 0.13653 0 0 0 1 
0.92204 0.341953 -0.181413 -0.150619 0.35218 -0.935557 0.0265019 -0.0907047 0.16066 0.0883261 0.98305 0.415212 0 0 0 1 
0.92204 0.341953 -0.181413 -0.150619 0.35218 -0.935557 0.0265019 -0.0907047 0.16066 0.0883261 0.98305 0.415212 0 0 0 1 
0.92204 0.341953 -0.181413 -0.150619 0.35218 -0.935557 0.0265019 -0.0907047 0.16066 0.0883261 0.98305 0.415212 0 0 0 1 
0.92204 0.341953 -0.181413 -0.150619 0.35218 -0.935557 0.0265019 -0.0907047 0.16066 0.0883261 0.98305 0.415212 0 0 0 1 
0.941942 0.33379 0.036466 -0.0148304 0.264219 -0.669805 -0.693938 -0.132967 0.207204 -0.663284 0.719111 0.122285 0 0 0 1 
0.987099 0.150621 -0.0543017 -0.0533234 -0.0309839 -0.153043 -0.987734 -0.0676312 0.157083 -0.976674 0.146402 -0.091245 0 0 0 1 
0.916807 0.177018 -0.357952 0.0566927 -0.32345 -0.196508 -0.925617 0.0274199 0.234191 -0.964391 0.122903 -0.114356 0 0 0 1 
0.158692 0.711568 -0.684461 0.259624 -0.452676 -0.563652 -0.690927 0.0228799 0.87744 -0.419484 -0.232662 -0.0501283 0 0 0 1 
-0.789444 0.476521 -0.386918 0.308892 -0.276763 -0.838961 -0.468558 -0.040422 0.547887 0.262816 -0.794196 0.204088 0 0 0 1 
-0.959313 -0.0967053 0.265266 0.121209 -0.0271301 -0.903595 -0.427528 -0.086406 -0.281038 0.41733 -0.864207 0.394271 0 0 0 1 
-0.959313 -0.0967053 0.265266 0.121209 -0.0271301 -0.903595 -0.427528 -0.086406 -0.281038 0.41733 -0.864207 0.394271 0 0 0 1 
-0.959313 -0.0967053 0.265266 0.121209 -0.0271301 -0.903595 -0.427528 -0.086406 -0.281037 0.41733 -0.864207 0.394271 0 0 0 1 
-0.159871 0.492664 -0.855408 0.118513 0.392866 -0.763215 -0.512991 -0.165373 0.905593 0.418073 0.0715345 0.117924 0 0 0 1 
0.92123 0.291015 0.258159 -0.270586 0.269757 -0.956027 0.115085 -0.0833657 -0.280299 0.0363796 0.959223 0.59067 0 0 0 1 
0.92123 0.291015 0.258159 -0.270586 0.269757 -0.956027 0.115085 -0.0833657 -0.280299 0.0363796 0.959223 0.59067 0 0 0 1 
0.92123 0.291015 0.258159 -0.270586 0.269757 -0.956027 0.115085 -0.0833657 -0.280299 0.0363796 0.959223 0.59067 0 0 0 1 
0.921229 0.291016 0.258159 -0.270586 0.269757 -0.956027 0.115085 -0.0833657 -0.280298 0.0363797 0.959223 0.590669 0 0 0 1 
0.941812 0.331673 0.0546344 -0.0197518 0.275581 -0.668795 -0.690485 -0.138264 0.192476 -0.665363 0.721281 0.127334 0 0 0 1 
0.916807 0.177018 -0.357952 0.0566927 -0.32345 -0.196508 -0.925617 0.0274199 0.234191 -0.964391 0.122903 -0.114356 0 0 0 1 
0.968937 -0.242347 0.0492863 0.0179418 0.105976 0.226814 -0.968155 -0.0596631 -0.22345 -0.943304 -0.245452 0.0111768 0 0 0 1 
0.99439 -0.104043 0.0190483 0.010697 0.0465814 0.269078 -0.961991 -0.0596588 -0.0949632 -0.957482 -0.272415 0.0108775 0 0 0 1 
0.999278 0.0373322 -0.00701599 -0.00773704 -0.0179848 0.302293 -0.953045 -0.0610035 0.0334585 -0.952484 -0.302747 0.00897815 0 0 0 1 
0.987352 0.156512 -0.0253081 -0.0309991 -0.0753389 0.32271 -0.943495 -0.0630386 0.139501 -0.933468 -0.330419 0.00185265 0 0 0 1 
0.987352 0.156512 -0.0253081 -0.0309991 -0.0753389 0.32271 -0.943495 -0.0630386 0.139501 -0.933468 -0.330419 0.00185265 0 0 0 1 
0.987352 0.156512 -0.0253081 -0.0309991 -0.0753389 0.322709 -0.943495 -0.0630386 0.139501 -0.933468 -0.330419 0.00185269 0 0 0 1 
0.997971 0.0623786 -0.0127806 -0.00965823 -0.0301585 0.286279 -0.957671 -0.0678716 0.0560794 -0.956113 -0.28758 0.102602 0 0 0 1 
0.99949 -0.0316881 0.0039496 0.018372 0.0116046 0.2452 -0.969403 -0.0764363 -0.0297501 -0.968955 -0.245442 0.185142 0 0 0 1 
0.99949 -0.0316881 0.0039496 0.018372 0.0116046 0.2452 -0.969403 -0.0764363 -0.0297501 -0.968955 -0.245442 0.185142 0 0 0 1 
0.99949 -0.0316881 0.0039496 0.018372 0.0116046 0.2452 -0.969403 -0.0764363 -0.0297501 -0.968955 -0.245442 0.185142 0 0 0 1 
0.99949 -0.0316881 0.0039496 0.018372 0.0116046 0.2452 -0.969403 -0.0764363 -0.0297501 -0.968955 -0.245442 0.185142 0 0 0 1 
0.987508 -0.154583 0.0305365 0.0255383 0.0670983 0.237193 -0.969143 -0.0574209 -0.14257 -0.959085 -0.244602 0.0858323 0 0 0 1 
0.968937 -0.242347 0.0492863 0.0179418 0.105976 0.226814 -0.968155 -0.0596631 -0.223451 -0.943304 -0.245452 0.0111768 0 0 0 1 
0.947493 -0.200214 -0.249341 0.0556058 -0.316443 -0.474769 -0.821254 -0.134354 -0.0460472 -0.857035 0.513197 0.0190782 0 0 0 1 
0.959786 -0.167735 -0.225113 0.0486007 -0.280655 -0.554475 -0.783447 -0.129999 -0.00659171 -0.815121 0.579254 -0.00978018 0 0 0 1 
0.96971 -0.126451 -0.208978 0.0435969 -0.242291 -0.606317 -0.757413 -0.123383 0.0309311 -0.785105 0.61859 -0.0343688 0 0 0 1 
0.976099 -0.0857689 -0.199684 0.0406148 -0.208553 -0.628094 -0.749669 -0.115317 0.0611223 -0.773396 0.63097 -0.0516617 0 0 0 1 
0.976099 -0.0857686 -0.199684 0.0406148 -0.208552 -0.628094 -0.749669 -0.115317 0.0611224 -0.773396 0.63097 -0.0516616 0 0 0 1 
0.976099 -0.0857688 -0.199684 0.0406148 -0.208552 -0.628094 -0.749669 -0.115317 0.0611221 -0.773396 0.630969 -0.0516616 0 0 0 1 
0.96564 -0.205418 -0.159192 0.0308864 -0.245675 -0.521785 -0.816935 -0.105138 -0.0847494 -0.827975 0.554323 -0.02552 0 0 0 1 
0.941354 -0.317464 -0.114322 0.0193871 -0.238835 -0.387573 -0.890363 -0.0885872 -0.238349 -0.865451 0.440664 0.00516305 0 0 0 1 
0.941354 -0.317464 -0.114322 0.0193871 -0.238835 -0.387573 -0.890363 -0.0885872 -0.238349 -0.865451 0.440664 0.00516305 0 0 0 1 
0.941354 -0.317464 -0.114322 0.0193871 -0.238835 -0.387572 -0.890363 -0.0885872 -0.23835 -0.86545 0.440664 0.00516303 0 0 0 1 
0.941354 -0.317464 -0.114322 0.0193871 -0.238835 -0.387572 -0.890363 -0.0885872 -0.23835 -0.865451 0.440664 0.00516309 0 0 0 1 
0.952407 -0.248535 -0.176498 0.0366843 -0.274431 -0.447033 -0.851381 -0.114915 -0.132698 -0.859298 0.493963 0.0106284 0 0 0 1 
0.947493 -0.200213 -0.249343 0.0556061 -0.316444 -0.474764 -0.821256 -0.134354 -0.0460472 -0.857038 0.513192 0.0190791 0 0 0 1 
0.947493 0.197476 -0.251515 0.0623801 -0.316443 0.692276 -0.648551 -0.171817 -0.0460451 -0.694088 -0.718416 0.415934 0 0 0 1 
0.959786 0.152848 -0.235475 0.0568181 -0.280655 0.542111 -0.792053 -0.110484 -0.00658977 -0.826288 -0.563208 0.355868 0 0 0 1 
0.969711 0.116731 -0.214559 0.0491005 -0.242291 0.348455 -0.905469 -0.0613831 0.0309329 -0.930028 -0.366183 0.278743 0 0 0 1 
0.976099 0.0943999 -0.195752 0.0421092 -0.208552 0.15354 -0.965884 -0.0341382 0.0611237 -0.983623 -0.169557 0.201456 0 0 0 1 
0.976099 0.0944 -0.195751 0.0421092 -0.208552 0.15354 -0.965884 -0.0341381 0.0611239 -0.983623 -0.169557 0.201456 0 0 0 1 
0.976099 0.0943998 -0.195751 0.0421092 -0.208552 0.15354 -0.965884 -0.0341383 0.0611235 -0.983623 -0.169558 0.201456 0 0 0 1 
0.965641 0.017736 -0.259276 0.066344 -0.245675 0.38764 -0.88847 -0.0683338 -0.0847478 -0.92164 -0.378679 0.271798 0 0 0 1 
0.941354 -0.066639 -0.330774 0.0925288 -0.238835 0.560876 -0.792702 -0.105363 -0.238348 -0.825214 -0.512068 0.310845 0 0 0 1 
0.941354 -0.066639 -0.330774 0.0925288 -0.238835 0.560876 -0.792702 -0.105363 -0.238348 -0.825214 -0.512068 0.310845 0 0 0 1 
0.941354 -0.0666394 -0.330774 0.0925288 -0.238835 0.560876 -0.792702 -0.105363 -0.238348 -0.825213 -0.512068 0.310845 0 0 0 1 
0.941354 -0.0666391 -0.330774 0.0925288 -0.238835 0.560876 -0.792702 -0.105363 -0.238348 -0.825214 -0.512068 0.310845 0 0 0 1 
0.952407 0.0854743 -0.2926 0.0789653 -0.274432 0.658273 -0.700974 -0.146183 -0.132696 -0.747911 -0.650401 0.378758 0 0 0 1 
0.947493 0.197475 -0.251517 0.0623802 -0.316444 0.692272 -0.648554 -0.171817 -0.0460452 -0.694091 -0.718413 0.415932 0 0 0 1 
0.991573 -0.127134 -0.0249034 -0.0275783 -0.0242503 0.0066831 -0.999684 -0.00228459 -0.12726 -0.991863 -0.00354378 0.113732 0 0 0 1 
0.991562 -0.127234 -0.0248328 -0.0276256 -0.0242017 0.00650363 -0.999686 -0.00229773 -0.127355 -0.991852 -0.00336946 0.113644 0 0 0 1 
0.99157 -0.127159 -0.0249067 -0.0275834 -0.0242354 0.00682364 -0.999683 -0.00226113 -0.127289 -0.991859 -0.00368436 0.113798 0 0 0 1 
0.991637 -0.126525 -0.025425 -0.0272024 -0.0245369 0.00857341 -0.999662 -0.001982 -0.1267 -0.991926 -0.00539712 0.114698 0 0 0 1 
0.991637 -0.126525 -0.0254251 -0.0272024 -0.0245369 0.0085733 -0.999662 -0.00198203 -0.1267 -0.991926 -0.00539713 0.114698 0 0 0 1 
0.991637 -0.126525 -0.0254252 -0.0272023 -0.0245371 0.00857333 -0.999662 -0.00198218 -0.1267 -0.991926 -0.00539703 0.114698 0 0 0 1 
0.991598 -0.126905 -0.0250946 -0.027442 -0.0243583 0.00735134 -0.999676 -0.00218436 -0.127048 -0.991888 -0.00419826 0.114071 0 0 0 1 
0.991638 -0.126525 -0.0254251 -0.0272023 -0.0245369 0.00857308 -0.999662 -0.00198179 -0.1267 -0.991927 -0.00539712 0.114698 0 0 0 1 
0.991638 -0.126525 -0.0254251 -0.0272023 -0.0245369 0.00857308 -0.999662 -0.00198179 -0.1267 -0.991927 -0.00539712 0.114698 0 0 0 1 
0.991638 -0.126525 -0.0254251 -0.0272023 -0.024537 0.00857314 -0.999662 -0.00198179 -0.1267 -0.991926 -0.00539696 0.114698 0 0 0 1 
0.991638 -0.126525 -0.0254252 -0.0272023 -0.0245371 0.00857305 -0.999662 -0.00198185 -0.1267 -0.991926 -0.00539686 0.114698 0 0 0 1 
0.991591 -0.126965 -0.025046 -0.0274914 -0.0243301 0.0071867 -0.999678 -0.00224108 -0.127104 -0.991881 -0.00403719 0.113973 0 0 0 1 
0.991573 -0.127134 -0.0249036 -0.0275786 -0.0242505 0.00668307 -0.999684 -0.00228539 -0.12726 -0.991863 -0.00354361 0.113732 0 0 0 1 
0.998176 -0.0581416 0.0162358 -0.0347481 0.0171867 0.0158938 -0.999726 0.00375019 -0.0578678 -0.998182 -0.0168641 0.126457 0 0 0 1 
0.998176 -0.0581414 0.0162354 -0.0347411 0.0171864 0.0158939 -0.999726 0.00376325 -0.0578674 -0.998182 -0.0168641 0.126462 0 0 0 1 
0.998176 -0.0581419 0.0162356 -0.0347498 0.0171865 0.0158938 -0.999726 0.00374704 -0.0578677 -0.998182 -0.0168641 0.126455 0 0 0 1 
0.998176 -0.058142 0.0162355 -0.034747 0.0171865 0.0158941 -0.999726 0.00375153 -0.057868 -0.998182 -0.0168643 0.126459 0 0 0 1 
0.998176 -0.0581421 0.0162356 -0.034747 0.0171867 0.015894 -0.999726 0.00375161 -0.0578681 -0.998182 -0.0168643 0.126459 0 0 0 1 
0.998176 -0.0581419 0.0162353 -0.0347469 0.0171864 0.015894 -0.999726 0.00375138 -0.057868 -0.998182 -0.0168642 0.126458 0 0 0 1 
0.998176 -0.0581419 0.0162358 -0.0347505 0.0171867 0.0158934 -0.999726 0.00374439 -0.0578679 -0.998182 -0.0168636 0.126454 0 0 0 1 
0.998177 -0.0581416 0.0162353 -0.0347469 0.0171864 0.0158938 -0.999726 0.00375182 -0.0578675 -0.998182 -0.0168643 0.126459 0 0 0 1 
0.998177 -0.0581416 0.0162353 -0.0347469 0.0171864 0.0158938 -0.999726 0.00375182 -0.0578675 -0.998182 -0.0168643 0.126459 0 0 0 1 
0.998176 -0.0581418 0.0162353 -0.0347469 0.0171863 0.0158938 -0.999726 0.00375179 -0.0578677 -0.998182 -0.0168641 0.126458 0 0 0 1 
0.998176 -0.0581416 0.0162353 -0.0347469 0.0171862 0.0158937 -0.999726 0.0037517 -0.0578675 -0.998182 -0.016864 0.126458 0 0 0 1 
0.998177 -0.058142 0.0162353 -0.034764 0.0171863 0.0158937 -0.999726 0.00371361 -0.0578681 -0.998182 -0.0168639 0.12644 0 0 0 1 
0.998176 -0.0581416 0.0162355 -0.0347484 0.0171865 0.0158938 -0.999726 0.00374938 -0.0578678 -0.998182 -0.0168639 0.126456 0 0 0 1 
0.473268 -0.811341 0.343136 -0.0139226 0.497849 -0.0750099 -0.864014 -0.130785 -0.726749 -0.57974 -0.368425 0.132994 0 0 0 1 
0.476746 -0.789063 0.387419 -0.0182546 0.475485 -0.139205 -0.86864 -0.135509 -0.739342 -0.598333 -0.308822 0.113949 0 0 0 1 
0.481297 -0.76658 0.425097 -0.0225318 0.45289 -0.197746 -0.86936 -0.141204 -0.750495 -0.610943 -0.252002 0.0953814 0 0 0 1 
0.485971 -0.747431 0.452966 -0.0263304 0.433642 -0.243773 -0.867484 -0.146583 -0.758806 -0.617997 -0.205651 0.0799731 0 0 0 1 
0.485971 -0.747431 0.452966 -0.0263304 0.433642 -0.243773 -0.867484 -0.146583 -0.758806 -0.617997 -0.205651 0.0799731 0 0 0 1 
0.485971 -0.747431 0.452966 -0.0263304 0.433642 -0.243773 -0.867484 -0.146583 -0.758806 -0.617997 -0.205651 0.0799731 0 0 0 1 
0.465212 -0.829618 0.308725 0.00426482 0.53659 -0.0130852 -0.843742 -0.151053 -0.704023 -0.558178 -0.439077 0.154059 0 0 0 1 
0.47065 -0.881483 0.0384194 0.0528396 0.604616 0.290498 -0.741654 -0.167016 -0.642594 -0.372288 -0.669682 0.226459 0 0 0 1 
0.47065 -0.881483 0.0384201 0.0528395 0.604616 0.290497 -0.741654 -0.167016 -0.642595 -0.372289 -0.669682 0.226459 0 0 0 1 
0.47065 -0.881483 0.0384214 0.0528392 0.604616 0.290496 -0.741655 -0.167016 -0.642594 -0.37229 -0.669681 0.226459 0 0 0 1 
0.47065 -0.881483 0.0384225 0.052839 0.604616 0.290495 -0.741655 -0.167015 -0.642595 -0.372291 -0.66968 0.226458 0 0 0 1 
0.23194 -0.938139 0.257099 0.0347019 0.569518 -0.0833005 -0.817747 -0.144509 -0.788576 -0.336091 -0.514966 0.184844 0 0 0 1 
0.0782814 -0.872922 0.481539 0.0042012 0.465493 -0.395129 -0.791953 -0.136411 -0.881583 -0.286148 -0.375408 0.147269 0 0 0 1 
0.47327 -0.815097 -0.334115 0.202877 0.497848 0.560385 -0.661903 -0.18579 -0.726748 -0.14692 -0.671008 0.236496 0 0 0 1 
0.476748 -0.75342 -0.452846 0.251345 0.475484 0.654316 -0.588034 -0.213232 -0.739342 -0.0650229 -0.670183 0.237809 0 0 0 1 
0.481299 -0.682596 -0.549923 0.290955 0.45289 0.730789 -0.510723 -0.241849 -0.750495 0.00324368 -0.660868 0.235688 0 0 0 1 
0.485973 -0.619437 -0.616545 0.318085 0.433641 0.783389 -0.44526 -0.266082 -0.758805 0.050975 -0.649319 0.232261 0 0 0 1 
0.485973 -0.619437 -0.616545 0.318085 0.433641 0.783389 -0.44526 -0.266082 -0.758806 0.0509747 -0.649319 0.232261 0 0 0 1 
0.485973 -0.619438 -0.616545 0.318085 0.433641 0.783389 -0.44526 -0.266082 -0.758805 0.0509748 -0.64932 0.232261 0 0 0 1 
0.465214 -0.782332 -0.414165 0.236458 0.536589 0.621349 -0.570962 -0.228701 -0.704023 -0.0433827 -0.708851 0.248309 0 0 0 1 
0.47065 -0.88221 0.0139401 0.0606668 0.604616 0.31097 -0.733306 -0.169376 -0.642594 -0.353559 -0.679757 0.229971 0 0 0 1 
0.47065 -0.882209 0.0139417 0.0606664 0.604616 0.310968 -0.733306 -0.169376 -0.642594 -0.35356 -0.679756 0.229971 0 0 0 1 
0.47065 -0.88221 0.013943 0.0606662 0.604616 0.310967 -0.733307 -0.169376 -0.642594 -0.353561 -0.679755 0.229971 0 0 0 1 
0.470651 -0.88221 0.013944 0.060666 0.604616 0.310967 -0.733308 -0.169375 -0.642595 -0.353562 -0.679755 0.229971 0 0 0 1 
0.231942 -0.925906 -0.298163 0.212685 0.569518 0.377753 -0.730036 -0.165548 -0.788576 0.00048342 -0.614937 0.221999 0 0 0 1 
0.0782833 -0.781029 -0.619569 0.358183 0.465493 0.578206 -0.67007 -0.160562 -0.881582 0.23595 -0.408827 0.165949 0 0 0 1 
0.51029 -0.859641 -0.0249028 0.0725386 -0.00966257 0.0232239 -0.999683 0.00142923 -0.859948 -0.510369 -0.0035446 -0.0243929 0 0 0 1 
0.510859 -0.85933 -0.0239921 0.0720836 -0.0100126 0.021959 -0.999709 0.00123844 -0.859606 -0.51095 -0.00261373 -0.0250035 0 0 0 1 
0.510654 -0.859444 -0.0242804 0.0722294 -0.00988638 0.0223689 -0.999701 0.00131404 -0.85973 -0.510741 -0.00292597 -0.0247831 0 0 0 1 
