a
29
2
0
1
0
0.880348 -0.178877 0.439307 -0.0742575 -0.185805 -0.982199 -0.027588 -0.300121 -0.436421 0.0573383 0.897914 -0.174116 0 0 0 1 
0.880348 -0.178877 0.439307 -0.0742575 -0.185805 -0.982199 -0.027588 -0.300121 -0.436421 0.0573383 0.897914 -0.174116 0 0 0 1 
0.878619 0.376379 0.293886 -0.0551687 0.26302 -0.895103 0.360016 -0.367025 -0.39856 0.239019 0.885449 -0.173851 0 0 0 1 
0.878619 0.376379 0.293886 -0.0551687 0.26302 -0.895103 0.360016 -0.367025 -0.39856 0.239019 0.885449 -0.173851 0 0 0 1 
0.929311 0.281215 0.239373 -0.0453781 0.209964 -0.935565 0.28396 -0.328933 -0.303802 0.213628 0.928476 -0.173726 0 0 0 1 
0.929311 0.281215 0.239373 -0.0453781 0.209964 -0.935565 0.28396 -0.328933 -0.303802 0.213628 0.928476 -0.173726 0 0 0 1 
0.938157 0.278267 0.205982 -0.0462098 0.147214 -0.859129 0.490128 -0.322339 -0.313351 0.429494 0.846963 -0.170169 0 0 0 1 
0.938157 0.278267 0.205982 -0.0462098 0.147214 -0.859129 0.490128 -0.322339 -0.313351 0.429494 0.846963 -0.170169 0 0 0 1 
0.9431 0.204541 0.262156 -0.0370296 0.184209 -0.977767 0.100191 -0.380266 -0.276821 0.046198 0.95981 -0.149563 0 0 0 1 
0.9431 0.204541 0.262156 -0.0370296 0.184209 -0.977767 0.100191 -0.380266 -0.276821 0.046198 0.95981 -0.149563 0 0 0 1 
0.97908 -0.167534 0.11548 -0.0650112 -0.203107 -0.83892 0.504937 -0.338362 -0.0122847 0.517828 0.855397 -0.151472 0 0 0 1 
0.97908 -0.167534 0.11548 -0.0650112 -0.203107 -0.83892 0.504937 -0.338362 -0.0122847 0.517828 0.855397 -0.151472 0 0 0 1 
0.907521 -0.291936 0.301959 -0.0524519 -0.124624 -0.873729 -0.470178 -0.456498 -0.401092 -0.389065 0.829309 -0.223985 0 0 0 1 
0.907521 -0.291936 0.301959 -0.0524519 -0.124624 -0.873729 -0.470178 -0.456498 -0.401092 -0.389065 0.829309 -0.223985 0 0 0 1 
0.772564 -0.400168 0.492961 -0.0912633 -0.411283 -0.906891 -0.0916245 -0.540246 -0.483727 0.13196 0.865214 -0.25166 0 0 0 1 
0.772564 -0.400168 0.492961 -0.0912633 -0.411283 -0.906891 -0.0916245 -0.540246 -0.483727 0.13196 0.865214 -0.25166 0 0 0 1 
0.777789 -0.570106 0.264619 -0.0566235 -0.516281 -0.819624 -0.248336 -0.552767 -0.358466 -0.0565355 0.931829 -0.219388 0 0 0 1 
0.777789 -0.570106 0.264619 -0.0566235 -0.516281 -0.819624 -0.248336 -0.552767 -0.358466 -0.0565355 0.931829 -0.219388 0 0 0 1 
0.804063 -0.431085 0.40945 -0.0771803 -0.341552 -0.898617 -0.275373 -0.481093 -0.486648 -0.081569 0.869782 -0.254736 0 0 0 1 
0.804063 -0.431085 0.40945 -0.0771803 -0.341552 -0.898617 -0.275373 -0.481093 -0.486648 -0.081569 0.869782 -0.254736 0 0 0 1 
0.804063 -0.431085 0.40945 -0.0771803 -0.341552 -0.898617 -0.275373 -0.481093 -0.486648 -0.081569 0.869782 -0.254736 0 0 0 1 
0.804063 -0.431085 0.40945 -0.0771803 -0.341552 -0.898617 -0.275373 -0.481093 -0.486648 -0.081569 0.869782 -0.254736 0 0 0 1 
0.700694 0.607061 0.374841 -0.00314268 0.335843 -0.744179 0.577414 -0.317251 -0.629474 0.278703 0.725319 -0.174324 0 0 0 1 
0.700694 0.607061 0.374841 -0.00314268 0.335843 -0.744179 0.577414 -0.317251 -0.629474 0.278703 0.725319 -0.174324 0 0 0 1 
-0.127149 0.826383 0.548567 0.135252 0.965671 -0.023173 0.258735 -0.431048 -0.226525 -0.562633 0.795067 -0.23465 0 0 0 1 
-0.127149 0.826383 0.548567 0.135252 0.965671 -0.023173 0.258735 -0.431048 -0.226525 -0.562633 0.795067 -0.23465 0 0 0 1 
-0.716372 0.668915 -0.198407 0.308417 0.697643 0.690934 -0.189486 -0.357509 -0.0103361 0.27416 0.961629 -0.303372 0 0 0 1 
-0.716372 0.668915 -0.198407 0.308417 0.697643 0.690934 -0.189486 -0.357509 -0.0103361 0.27416 0.961629 -0.303372 0 0 0 1 
-0.0562736 0.746902 -0.662549 0.146825 0.993794 0.105679 0.0347261 -0.501532 -0.0959547 0.656483 0.748214 -0.237158 0 0 0 1 
-0.0562736 0.746902 -0.662549 0.146825 0.993794 0.105679 0.0347261 -0.501532 -0.0959547 0.656483 0.748214 -0.237158 0 0 0 1 
-0.235659 0.723115 -0.649285 0.211866 0.96969 0.130589 -0.206513 -0.43753 0.0645437 0.678271 0.731972 -0.294356 0 0 0 1 
-0.235659 0.723115 -0.649285 0.211866 0.96969 0.130589 -0.206513 -0.43753 0.0645437 0.678271 0.731972 -0.294356 0 0 0 1 
-0.451417 0.687101 -0.569312 0.272644 0.854791 0.149913 -0.496848 -0.314068 0.256037 0.710928 0.655001 -0.346659 0 0 0 1 
-0.451417 0.687101 -0.569312 0.272644 0.854791 0.149913 -0.496848 -0.314068 0.256037 0.710928 0.655001 -0.346659 0 0 0 1 
0.845767 0.00976859 0.533464 0.0396912 0.355576 -0.755762 -0.549899 -0.561971 -0.3978 -0.654773 0.642672 -0.231168 0 0 0 1 
0.845767 0.00976859 0.533464 0.0396912 0.355576 -0.755762 -0.549899 -0.561971 -0.3978 -0.654773 0.642672 -0.231168 0 0 0 1 
0.879311 0.475297 -0.030072 -0.000800729 0.463133 -0.868107 -0.178599 -0.254336 0.110993 -0.143117 0.983462 -0.133173 0 0 0 1 
0.879311 0.475297 -0.030072 -0.000800729 0.463133 -0.868107 -0.178599 -0.254336 0.110993 -0.143117 0.983462 -0.133173 0 0 0 1 
0.879311 0.446099 0.166758 -0.0642722 0.463134 -0.719359 -0.517715 -0.143477 0.110994 -0.532464 0.839144 -0.0929122 0 0 0 1 
0.879311 0.446099 0.166758 -0.0642722 0.463134 -0.719359 -0.517715 -0.143477 0.110994 -0.532464 0.839144 -0.0929122 0 0 0 1 
0.841311 0.121802 0.526651 -0.217236 0.363426 -0.848674 -0.384284 -0.20923 -0.400148 -0.514701 0.758264 -0.113418 0 0 0 1 
0.841311 0.121802 0.526651 -0.217236 0.363426 -0.848674 -0.384284 -0.20923 -0.400148 -0.514701 0.758264 -0.113418 0 0 0 1 
0.812231 -0.0893152 0.576459 -0.283103 0.39818 -0.637296 -0.659777 -0.0311288 -0.426303 -0.765426 0.482068 -0.0249455 0 0 0 1 
0.812231 -0.0893152 0.576459 -0.283103 0.39818 -0.637296 -0.659777 -0.0311288 -0.426303 -0.765426 0.482068 -0.0249455 0 0 0 1 
0.840878 -0.240366 0.484922 -0.0774824 -0.0506287 -0.926975 -0.37169 -0.209099 -0.538852 -0.287995 0.791642 -0.137778 0 0 0 1 
0.840878 -0.240366 0.484922 -0.0774824 -0.0506287 -0.926975 -0.37169 -0.209099 -0.538852 -0.287995 0.791642 -0.137778 0 0 0 1 
0.840878 -0.386781 0.378584 -0.0456703 -0.050628 -0.752639 -0.656484 -0.115243 -0.538852 -0.532856 0.652459 -0.0969537 0 0 0 1 
0.840878 -0.386781 0.378584 -0.0456703 -0.050628 -0.752639 -0.656484 -0.115243 -0.538852 -0.532856 0.652459 -0.0969537 0 0 0 1 
0.964845 -0.239596 0.108021 0.052798 -0.0697829 -0.629797 -0.773619 -0.0646495 -0.253388 -0.738884 0.624376 -0.116542 0 0 0 1 
0.964845 -0.239596 0.108021 0.052798 -0.0697829 -0.629797 -0.773619 -0.0646495 -0.253388 -0.738884 0.624376 -0.116542 0 0 0 1 
0.963947 -0.26574 0.0137074 0.0947965 -0.0706644 -0.305312 -0.949627 0.0811646 -0.256539 -0.914421 0.313083 0.00595689 0 0 0 1 
0.963947 -0.26574 0.0137074 0.0947965 -0.0706644 -0.305312 -0.949627 0.0811646 -0.256539 -0.914421 0.313083 0.00595689 0 0 0 1 
0.674185 -0.709612 -0.204758 0.0708568 -0.477626 -0.20744 -0.853722 -0.39071 -0.563337 -0.673364 0.478782 -0.00642418 0 0 0 1 
0.674185 -0.709612 -0.204758 0.0708568 -0.477626 -0.20744 -0.853722 -0.39071 -0.563337 -0.673364 0.478782 -0.00642418 0 0 0 1 
0.514881 -0.839477 0.173713 0.143349 -0.475291 -0.448183 -0.75712 -0.29332 -0.713439 -0.307263 0.629757 -0.13631 0 0 0 1 
0.514881 -0.839477 0.173713 0.143349 -0.475291 -0.448183 -0.75712 -0.29332 -0.713439 -0.307263 0.629757 -0.13631 0 0 0 1 
0.590303 -0.799141 0.11365 0.103585 -0.433315 -0.432524 -0.790672 -0.312647 -0.681014 -0.41749 0.601599 -0.100735 0 0 0 1 
0.590303 -0.799141 0.11365 0.103585 -0.433315 -0.432524 -0.790672 -0.312647 -0.681014 -0.41749 0.601599 -0.100735 0 0 0 1 
