a
29
11
25
0
0
0.773529 -0.633271 -0.0249037 0.00966488 -0.0170241 0.0185184 -0.999684 0.00951655 -0.633532 -0.773709 -0.00354362 0.0539017 0 0 0 1 
0.773529 -0.633271 -0.0249037 -0.0283419 -0.0170241 0.0185184 -0.999684 0.0318793 -0.633532 -0.773709 -0.00354364 0.109497 0 0 0 1 
0.773529 -0.633271 -0.0249037 -0.0663488 -0.0170241 0.0185184 -0.999684 0.0542421 -0.633532 -0.773709 -0.00354363 0.165092 0 0 0 1 
0.773529 -0.633271 -0.0249037 -0.0983545 -0.0170241 0.0185184 -0.999684 0.0730739 -0.633532 -0.773709 -0.00354363 0.211908 0 0 0 1 
0.773529 -0.633271 -0.0249037 -0.0983545 -0.0170241 0.0185184 -0.999684 0.0730739 -0.633532 -0.773709 -0.00354363 0.211908 0 0 0 1 
0.773529 -0.633271 -0.0249037 -0.0983545 -0.0170241 0.0185184 -0.999684 0.0730739 -0.633532 -0.773709 -0.00354363 0.211908 0 0 0 1 
0.773529 -0.633271 -0.0249037 -0.0983545 -0.0170241 0.0185184 -0.999684 0.0730739 -0.633532 -0.773709 -0.00354363 0.211908 0 0 0 1 
0.773529 -0.633271 -0.0249037 -0.0699718 -0.0170241 0.0185184 -0.999684 0.0560465 -0.633532 -0.773709 -0.00354363 0.170473 0 0 0 1 
0.773529 -0.633271 -0.0249037 -0.0352696 -0.0170241 0.0185184 -0.999684 0.0350824 -0.633532 -0.773709 -0.00354363 0.119847 0 0 0 1 
0.773529 -0.633271 -0.0249037 -0.005105 -0.0170241 0.0185184 -0.999684 0.0172247 -0.633532 -0.773709 -0.00354362 0.0757509 0 0 0 1 
0.773529 -0.633271 -0.0249037 0.00966488 -0.0170241 0.0185184 -0.999684 0.00951655 -0.633532 -0.773709 -0.00354362 0.0539017 0 0 0 1 
0.832445 -0.526943 0.171365 -0.0249249 0.0910319 -0.175007 -0.98035 0.00826052 -0.546578 -0.831687 0.0977152 0.0372461 0 0 0 1 
0.926083 -0.343855 0.155352 -0.0620525 0.110891 -0.145514 -0.983122 0.0307997 -0.360657 -0.927679 0.0966273 0.0940953 0 0 0 1 
0.979456 -0.145212 0.139924 -0.0994573 0.124156 -0.112522 -0.985862 0.0532947 -0.158904 -0.982981 0.0921813 0.151104 0 0 0 1 
0.991401 0.0277499 0.127883 -0.131191 0.129777 -0.0830849 -0.988056 0.072199 0.0167933 -0.996156 0.0859717 0.199189 0 0 0 1 
0.991401 0.0277499 0.127883 -0.131191 0.129777 -0.0830849 -0.988056 0.072199 0.0167933 -0.996156 0.0859717 0.199189 0 0 0 1 
0.991401 0.0277499 0.127883 -0.131191 0.129777 -0.0830849 -0.988056 0.072199 0.0167933 -0.996156 0.0859717 0.199189 0 0 0 1 
0.991401 0.0277499 0.127883 -0.131191 0.129777 -0.0830849 -0.988056 0.072199 0.0167933 -0.996156 0.0859717 0.199189 0 0 0 1 
0.981855 -0.129255 0.138761 -0.103046 0.124898 -0.109833 -0.986072 0.0551074 -0.142695 -0.98551 0.0916963 0.1566 0 0 0 1 
0.935836 -0.317402 0.15319 -0.0688806 0.113112 -0.141175 -0.983502 0.0340237 -0.333792 -0.937724 0.0962144 0.104631 0 0 0 1 
0.86833 -0.467405 0.165938 -0.0393692 0.0984231 -0.165528 -0.981281 0.0160328 -0.486123 -0.868408 0.0977295 0.0594972 0 0 0 1 
0.832445 -0.526943 0.171365 -0.0249249 0.0910319 -0.175007 -0.98035 0.00826052 -0.546578 -0.831687 0.0977152 0.0372461 0 0 0 1 
0.787208 -0.612614 -0.0707706 0.0145125 -0.0525229 0.0477393 -0.997478 0.0099022 -0.614447 -0.788939 -0.0054045 0.0537693 0 0 0 1 
0.919695 -0.392412 -0.0131342 -0.0243678 0.0150228 0.0685966 -0.997531 0.0327346 -0.392345 -0.917228 -0.0689832 0.112879 0 0 0 1 
0.987211 -0.148202 0.058747 -0.0641411 0.0748795 0.105733 -0.991571 0.0553268 -0.140742 -0.983289 -0.115478 0.171663 0 0 0 1 
0.989949 0.0631551 0.126541 -0.0982351 0.116127 0.147695 -0.982192 0.0741529 0.08072 -0.987014 -0.138877 0.220741 0 0 0 1 
0.989949 0.0631551 0.126541 -0.0982351 0.116127 0.147695 -0.982192 0.0741529 0.08072 -0.987014 -0.138877 0.220741 0 0 0 1 
0.989949 0.0631551 0.126541 -0.0982351 0.116127 0.147695 -0.982192 0.0741529 0.08072 -0.987014 -0.138877 0.220741 0 0 0 1 
0.989949 0.063155 0.126541 -0.0982351 0.116127 0.147695 -0.982192 0.0741529 0.0807199 -0.987014 -0.138877 0.220741 0 0 0 1 
0.989578 -0.128578 0.0648298 -0.0679369 0.0791097 0.109257 -0.990861 0.0571385 -0.12032 -0.985662 -0.11829 0.177273 0 0 0 1 
0.932932 -0.36003 -0.00403232 -0.0314867 0.0237717 0.0727656 -0.997066 0.0359838 -0.359267 -0.930099 -0.0764438 0.123691 0 0 0 1 
0.838685 -0.542012 -0.0531932 -0.000447045 -0.0291605 0.0528396 -0.998177 0.0177939 -0.543835 -0.838708 -0.0285105 0.076826 0 0 0 1 
0.787208 -0.612614 -0.0707706 0.0145125 -0.0525229 0.0477393 -0.997478 0.0099022 -0.614447 -0.788939 -0.0054045 0.0537693 0 0 0 1 
0.835247 -0.548303 0.0415464 0.0187075 0.0899458 0.0616967 -0.994034 0.0103892 -0.542468 -0.834001 -0.10085 0.0504913 0 0 0 1 
0.953405 -0.293485 0.0698913 -0.0199776 0.0623868 -0.0348659 -0.997443 0.0301586 -0.295172 -0.955327 0.0149317 0.113876 0 0 0 1 
0.999519 -0.0133177 0.0280266 -0.0614505 0.0263171 -0.114697 -0.993052 0.0497397 -0.0164397 -0.993311 0.114291 0.176701 0 0 0 1 
0.974392 0.218807 -0.0518115 -0.0984006 -0.0139039 -0.171349 -0.985113 0.0660241 0.224427 -0.960606 0.163919 0.228367 0 0 0 1 
0.974392 0.218807 -0.0518115 -0.0984006 -0.0139039 -0.171349 -0.985113 0.0660241 0.224427 -0.960606 0.163919 0.228367 0 0 0 1 
0.974392 0.218807 -0.0518115 -0.0984006 -0.0139039 -0.171349 -0.985113 0.0660241 0.224427 -0.960606 0.163919 0.228367 0 0 0 1 
0.974392 0.218807 -0.0518114 -0.0984006 -0.0139038 -0.171349 -0.985113 0.0660241 0.224427 -0.960606 0.163919 0.228367 0 0 0 1 
0.999718 0.00874012 0.0221091 -0.0654596 0.0230007 -0.120326 -0.992468 0.0513156 0.006014 -0.992696 0.120493 0.182592 0 0 0 1 
0.964295 -0.255916 0.0681313 -0.0272149 0.0580574 -0.0467238 -0.997219 0.0329947 -0.258388 -0.965569 0.0301978 0.125273 0 0 0 1 
0.882197 -0.467134 0.0592806 0.00401489 0.0813082 0.0271171 -0.99632 0.0172356 -0.463808 -0.88377 -0.0619045 0.074966 0 0 0 1 
0.835247 -0.548303 0.0415464 0.0187075 0.0899458 0.0616967 -0.994034 0.0103892 -0.542468 -0.834001 -0.10085 0.0504913 0 0 0 1 
0.835247 -0.548136 0.0436902 0.0190304 0.0899465 0.0578101 -0.994267 0.0103895 -0.542468 -0.834389 -0.0975887 0.0509885 0 0 0 1 
0.953405 -0.290394 0.0817916 -0.0182046 0.0623875 -0.0754766 -0.995194 0.0308706 -0.295172 -0.953926 0.0538428 0.119753 0 0 0 1 
0.999519 -0.0111052 0.0289753 -0.0613272 0.0263176 -0.191336 -0.981172 0.0522395 -0.01644 -0.981462 0.190952 0.188197 0 0 0 1 
0.974392 0.2119 -0.0752277 -0.101882 -0.0139035 -0.27714 -0.960729 0.0706836 0.224427 -0.937172 0.267097 0.243771 0 0 0 1 
0.974392 0.2119 -0.0752277 -0.101882 -0.0139035 -0.27714 -0.960729 0.0706836 0.224427 -0.937172 0.267097 0.243771 0 0 0 1 
0.974392 0.2119 -0.0752277 -0.101882 -0.0139035 -0.27714 -0.960729 0.0706836 0.224427 -0.937172 0.267097 0.243771 0 0 0 1 
0.974392 0.2119 -0.0752276 -0.101882 -0.0139034 -0.27714 -0.960729 0.0706836 0.224427 -0.937172 0.267097 0.243771 0 0 0 1 
0.999718 0.0105938 0.0212836 -0.0656017 0.0230012 -0.204536 -0.978589 0.0541874 0.00601368 -0.978801 0.204722 0.195215 0 0 0 1 
0.964295 -0.251463 0.0830753 -0.0249936 0.058058 -0.105332 -0.992741 0.0342091 -0.258388 -0.962118 0.0869721 0.133836 0 0 0 1 
0.882196 -0.465068 0.0737646 0.0061884 0.0813089 -0.00384772 -0.996681 0.0174643 -0.463808 -0.885267 -0.0344197 0.0791403 0 0 0 1 
0.835247 -0.548136 0.0436902 0.0190304 0.0899465 0.0578101 -0.994267 0.0103895 -0.542468 -0.834389 -0.0975887 0.0509885 0 0 0 1 
0.411709 -0.870452 -0.269831 -0.0555321 -0.537147 0.00740152 -0.843456 -0.00133182 -0.736185 -0.492197 0.464514 0.130176 0 0 0 1 
0.50627 -0.841479 -0.188687 -0.0913981 -0.429837 -0.0565453 -0.901134 0.0180504 -0.747616 -0.537322 0.390326 0.152832 0 0 0 1 
0.566996 -0.81074 -0.14566 -0.123643 -0.331766 -0.0629118 -0.941262 0.0393448 -0.753955 -0.582017 0.304646 0.172875 0 0 0 1 
0.608777 -0.781755 -0.13509 -0.146994 -0.243711 -0.0222366 -0.969593 0.0586608 -0.75498 -0.623189 0.204059 0.188105 0 0 0 1 
0.608777 -0.781755 -0.13509 -0.146994 -0.243711 -0.0222366 -0.969593 0.0586608 -0.75498 -0.623189 0.204059 0.188105 0 0 0 1 
0.608777 -0.781755 -0.13509 -0.146994 -0.243711 -0.0222366 -0.969593 0.0586608 -0.75498 -0.623189 0.204059 0.188105 0 0 0 1 
0.608778 -0.781755 -0.13509 -0.146994 -0.243711 -0.0222366 -0.969593 0.058661 -0.75498 -0.623189 0.204059 0.188105 0 0 0 1 
0.571006 -0.808245 -0.143846 -0.126627 -0.324018 -0.0608875 -0.94409 0.0411275 -0.754298 -0.585689 0.296653 0.175371 0 0 0 1 
0.516051 -0.837326 -0.180489 -0.0977724 -0.416162 -0.0609235 -0.907247 0.0210227 -0.748666 -0.543299 0.379903 0.15847 0 0 0 1 
0.448857 -0.861159 -0.238604 -0.069942 -0.499284 -0.0202373 -0.866202 0.00504832 -0.741109 -0.507933 0.439046 0.141198 0 0 0 1 
0.411709 -0.870452 -0.269831 -0.0555321 -0.537147 0.00740152 -0.843456 -0.00133182 -0.736185 -0.492197 0.464514 0.130176 0 0 0 1 
-0.182953 -0.926363 0.32921 -0.0584684 -0.522567 -0.192008 -0.830696 -0.00127214 -0.832738 0.324013 0.448959 0.129749 0 0 0 1 
0.0955661 -0.902486 0.419984 -0.0682097 -0.481868 -0.411128 -0.773807 0.021335 -0.871017 0.128427 0.474168 0.159115 0 0 0 1 
0.359898 -0.794342 0.489382 -0.0679773 -0.37953 -0.603815 -0.700974 0.0546951 -0.852309 -0.066544 0.518789 0.19697 0 0 0 1 
0.553958 -0.644849 0.526593 -0.0650003 -0.252153 -0.732755 -0.632051 0.0890683 -0.793441 -0.217348 0.568516 0.238103 0 0 0 1 
0.553958 -0.644849 0.526593 -0.0650003 -0.252153 -0.732755 -0.632051 0.0890683 -0.793441 -0.217348 0.568516 0.238103 0 0 0 1 
0.553958 -0.644849 0.526593 -0.0650003 -0.252153 -0.732755 -0.632051 0.0890683 -0.793441 -0.217348 0.568516 0.238103 0 0 0 1 
0.553958 -0.644849 0.526593 -0.0650003 -0.252153 -0.732755 -0.632051 0.0890685 -0.793441 -0.217348 0.568516 0.238103 0 0 0 1 
0.379282 -0.782554 0.493715 -0.0683778 -0.369151 -0.617256 -0.694782 0.0577413 -0.848453 -0.0812632 0.522994 0.201441 0 0 0 1 
0.13313 -0.892523 0.430905 -0.0703529 -0.471353 -0.439476 -0.764649 0.0254536 -0.871839 0.101311 0.479201 0.166434 0 0 0 1 
-0.0889144 -0.92802 0.361763 -0.0651853 -0.516069 -0.267727 -0.813631 0.0052193 -0.85192 0.259038 0.455118 0.142107 0 0 0 1 
-0.182953 -0.926363 0.32921 -0.0584684 -0.522567 -0.192008 -0.830696 -0.00127214 -0.832738 0.324013 0.448959 0.129749 0 0 0 1 
-0.534103 0.620871 0.573806 -0.171631 -0.845003 -0.370747 -0.385378 -0.094531 0.0265325 0.690699 -0.722655 0.379008 0 0 0 1 
-0.368179 0.381756 0.847765 -0.212603 -0.903895 -0.360523 -0.23021 -0.102624 -0.217755 0.85105 -0.477804 0.34566 0 0 0 1 
-0.117385 0.124299 0.985277 -0.213901 -0.894954 -0.443268 -0.0507028 -0.0973536 -0.43044 0.887729 -0.163275 0.314192 0 0 0 1 
0.136575 -0.0518025 0.989275 -0.19121 -0.817483 -0.569939 0.0830141 -0.0776141 -0.559525 0.820053 0.120187 0.299715 0 0 0 1 
0.136575 -0.0518025 0.989275 -0.19121 -0.817483 -0.569939 0.0830141 -0.0776141 -0.559525 0.820053 0.120187 0.299715 0 0 0 1 
0.136575 -0.0518025 0.989275 -0.19121 -0.817483 -0.569939 0.0830141 -0.0776141 -0.559525 0.820053 0.120187 0.299715 0 0 0 1 
0.136575 -0.0518025 0.989274 -0.19121 -0.817483 -0.569939 0.083014 -0.0776138 -0.559525 0.820053 0.120187 0.299715 0 0 0 1 
-0.0949705 0.105604 0.989863 -0.213211 -0.890626 -0.45322 -0.0370978 -0.0961033 -0.444708 0.885121 -0.137096 0.313272 0 0 0 1 
-0.338376 0.345886 0.875137 -0.216714 -0.90732 -0.366548 -0.205947 -0.102737 -0.249545 0.863717 -0.43786 0.343642 0 0 0 1 
-0.488675 0.546932 0.679751 -0.192105 -0.87059 -0.356739 -0.338836 -0.0980356 -0.0571741 0.757366 -0.650483 0.371588 0 0 0 1 
-0.534103 0.620871 0.573806 -0.171631 -0.845003 -0.370747 -0.385378 -0.094531 0.0265325 0.690699 -0.722655 0.379008 0 0 0 1 
-0.161012 0.518186 0.839975 -0.081158 -0.925546 -0.374793 0.0537975 -0.189346 -0.342694 0.768774 -0.539951 0.221847 0 0 0 1 
-0.262346 0.35186 0.898537 -0.183211 -0.738326 -0.672743 0.0478712 -0.0893022 -0.621329 0.650854 -0.436279 0.194919 0 0 0 1 
-0.278835 0.301308 0.911847 -0.258034 -0.412709 -0.894949 0.169522 0.0351047 -0.867135 0.329059 -0.373896 0.186266 0 0 0 1 
-0.304748 0.386596 0.870444 -0.324672 -0.090873 -0.921549 0.377479 0.130893 -0.948088 -0.0359359 -0.315971 0.219879 0 0 0 1 
-0.304748 0.386596 0.870444 -0.324672 -0.090873 -0.921549 0.377479 0.130893 -0.948088 -0.0359359 -0.315971 0.219879 0 0 0 1 
-0.304748 0.386596 0.870444 -0.324672 -0.090873 -0.921549 0.377479 0.130893 -0.948088 -0.0359359 -0.315971 0.219879 0 0 0 1 
-0.304748 0.386596 0.870444 -0.324672 -0.0908731 -0.921549 0.377479 0.130894 -0.948088 -0.0359359 -0.315972 0.219879 0 0 0 1 
-0.279376 0.30444 0.91064 -0.264354 -0.383118 -0.904981 0.185011 0.0449877 -0.880437 0.297195 -0.369467 0.188681 0 0 0 1 
-0.267928 0.335922 0.902979 -0.19615 -0.701196 -0.710739 0.0563499 -0.0730343 -0.660711 0.618067 -0.425974 0.194245 0 0 0 1 
-0.207883 0.455817 0.865456 -0.121945 -0.878715 -0.475712 0.0394791 -0.159241 -0.429703 0.752283 -0.499425 0.217211 0 0 0 1 
-0.161012 0.518186 0.839975 -0.081158 -0.925546 -0.374793 0.0537974 -0.189346 -0.342694 0.768774 -0.539951 0.221847 0 0 0 1 
-0.36633 0.513762 0.77579 -0.145186 -0.855308 -0.514235 -0.0633298 -0.138173 -0.366402 0.686739 -0.627805 0.231382 0 0 0 1 
-0.668848 0.390064 0.632844 -0.277993 -0.645641 -0.726771 -0.234417 0.00899941 -0.368496 0.565379 -0.737941 0.358309 0 0 0 1 
-0.830776 0.408427 0.378153 -0.346872 -0.473755 -0.875494 -0.0952229 0.0718152 -0.292179 0.258261 -0.920833 0.528298 0 0 0 1 
-0.833211 0.546903 0.0815818 -0.34616 -0.531377 -0.832748 0.155466 0.0140231 -0.152962 -0.0861847 -0.984467 0.673771 0 0 0 1 
-0.833211 0.546903 0.0815818 -0.34616 -0.531377 -0.832748 0.155466 0.0140231 -0.152962 -0.0861847 -0.984467 0.673771 0 0 0 1 
-0.833211 0.546903 0.0815818 -0.34616 -0.531377 -0.832748 0.155466 0.0140231 -0.152962 -0.0861847 -0.984467 0.673771 0 0 0 1 
-0.833212 0.546903 0.0815818 -0.34616 -0.531377 -0.832748 0.155465 0.0140234 -0.152962 -0.0861848 -0.984467 0.673771 0 0 0 1 
-0.837018 0.417087 0.354174 -0.350149 -0.46962 -0.87978 -0.0737925 0.0707181 -0.280817 0.228093 -0.932264 0.543741 0 0 0 1 
-0.699635 0.382756 0.603332 -0.292771 -0.61381 -0.754185 -0.233329 0.0250696 -0.365716 0.533577 -0.762593 0.381646 0 0 0 1 
-0.482218 0.460802 0.745068 -0.199519 -0.796378 -0.584955 -0.15365 -0.0858411 -0.365029 0.667449 -0.649049 0.274411 0 0 0 1 
-0.36633 0.513762 0.77579 -0.145186 -0.855308 -0.514235 -0.0633298 -0.138173 -0.366402 0.686739 -0.627805 0.231382 0 0 0 1 
-0.36633 0.513762 0.77579 -0.145186 -0.855308 -0.514235 -0.0633298 -0.138173 -0.366402 0.686739 -0.627805 0.231382 0 0 0 1 
-0.839461 0.451975 0.301701 -0.252839 -0.543179 -0.714426 -0.441081 0.104909 -0.016186 0.534148 -0.845236 0.522931 0 0 0 1 
-0.789048 0.493964 -0.365244 -0.127347 -0.368025 -0.856123 -0.362783 0.18565 0.491895 0.151835 -0.857313 0.811912 0 0 0 1 
-0.307164 0.582569 -0.752506 0.0841198 -0.506944 -0.769367 -0.388694 0.172367 0.805394 -0.262085 -0.531651 0.91772 0 0 0 1 
-0.307164 0.582569 -0.752506 0.0841198 -0.506944 -0.769367 -0.388694 0.172367 0.805394 -0.262085 -0.531651 0.91772 0 0 0 1 
-0.307164 0.582569 -0.752506 0.0841198 -0.506944 -0.769367 -0.388694 0.172367 0.805394 -0.262085 -0.531651 0.91772 0 0 0 1 
-0.307164 0.582569 -0.752506 0.0841198 -0.506943 -0.769367 -0.388694 0.172368 0.805394 -0.262085 -0.531651 0.91772 0 0 0 1 
-0.760458 0.501143 -0.412989 -0.110746 -0.373343 -0.85775 -0.353384 0.184217 0.531337 0.114547 -0.83938 0.830096 0 0 0 1 
-0.866697 0.451579 0.211928 -0.249758 -0.496753 -0.74254 -0.449301 0.12913 0.0455301 0.494684 -0.86788 0.568344 0 0 0 1 
-0.570749 0.481724 0.664971 -0.211578 -0.778379 -0.575291 -0.251329 -0.0521913 -0.261481 0.661046 -0.703311 0.329017 0 0 0 1 
-0.36633 0.513762 0.77579 -0.145186 -0.855308 -0.514235 -0.0633298 -0.138173 -0.366402 0.686739 -0.627805 0.231382 0 0 0 1 
0.659017 -0.751344 0.0343209 0.0234162 0.0951085 0.0379822 -0.994742 0.00961599 -0.74609 -0.658816 -0.0964902 0.0647104 0 0 0 1 
0.984979 -0.0995193 0.141111 -0.00775865 0.139745 -0.0206035 -0.989973 0.0274738 -0.101429 -0.994822 0.00638672 0.101829 0 0 0 1 
0.778953 0.607741 0.15454 -0.0206617 0.238548 -0.0592673 -0.96932 0.0431304 0.579937 -0.79192 0.191142 0.160409 0 0 0 1 
0.281353 0.958743 0.0406547 -0.0360294 0.343168 -0.0609611 -0.937294 0.0563673 0.896145 -0.277662 0.346162 0.231932 0 0 0 1 
0.281353 0.958743 0.0406547 -0.0360294 0.343168 -0.0609611 -0.937294 0.0563673 0.896145 -0.277662 0.346162 0.231932 0 0 0 1 
0.281353 0.958743 0.0406547 -0.0360294 0.343168 -0.0609611 -0.937294 0.0563673 0.896145 -0.277662 0.346162 0.231932 0 0 0 1 
0.281353 0.958743 0.0406548 -0.0360294 0.343168 -0.0609611 -0.937294 0.0563675 0.896145 -0.277662 0.346162 0.231932 0 0 0 1 
0.742186 0.653391 0.149131 -0.0222696 0.24774 -0.0607152 -0.966922 0.0443941 0.622724 -0.754582 0.206933 0.167284 0 0 0 1 
0.988583 0.00335778 0.150638 -0.0118372 0.150673 -0.0277769 -0.988193 0.0298243 -0.000865926 -0.999609 0.0279657 0.11093 0 0 0 1 
0.823304 -0.562676 0.0746079 0.0077657 0.102624 0.0182857 -0.994552 0.0162383 -0.558246 -0.826476 -0.0727986 0.0792345 0 0 0 1 
0.659017 -0.751344 0.0343209 0.0234162 0.0951085 0.0379822 -0.994742 0.00961599 -0.74609 -0.658816 -0.0964902 0.0647104 0 0 0 1 
0.980949 -0.103697 -0.164277 -0.0344116 -0.139667 0.211321 -0.967387 0.0479883 -0.135031 -0.9719 -0.192812 -0.0359755 0 0 0 1 
0.948054 0.265512 -0.175205 -0.0377715 -0.132516 -0.171072 -0.976306 0.0632636 0.289194 -0.948808 0.127001 0.0658465 0 0 0 1 
0.768639 0.565566 -0.29888 -0.0796219 0.0305097 -0.499112 -0.866001 0.0768276 0.638955 -0.656523 0.400892 0.182459 0 0 0 1 
0.540337 0.700985 -0.465464 -0.142109 0.25579 -0.663827 -0.702784 0.0880999 0.801628 -0.260679 0.537995 0.270192 0 0 0 1 
0.540337 0.700985 -0.465464 -0.142109 0.25579 -0.663827 -0.702784 0.0880999 0.801628 -0.260679 0.537995 0.270192 0 0 0 1 
0.540337 0.700985 -0.465464 -0.142109 0.25579 -0.663827 -0.702784 0.0880999 0.801628 -0.260679 0.537995 0.270192 0 0 0 1 
0.540337 0.700985 -0.465464 -0.142109 0.25579 -0.663827 -0.702784 0.0881001 0.801628 -0.260679 0.537995 0.270192 0 0 0 1 
0.748547 0.585885 -0.31051 -0.0847521 0.0451844 -0.512264 -0.857639 0.0779248 0.661541 -0.627953 0.409926 0.191012 0 0 0 1 
0.930397 0.31716 -0.18377 -0.0422848 -0.124372 -0.198458 -0.972186 0.0659325 0.34481 -0.927375 0.145199 0.0810359 0 0 0 1 
0.987514 0.0254737 -0.155456 -0.0340062 -0.157321 0.108802 -0.981536 0.0546263 0.00808988 -0.993737 -0.111451 -0.00521381 0 0 0 1 
0.980949 -0.103697 -0.164277 -0.0344116 -0.139667 0.211321 -0.967387 0.0479883 -0.135031 -0.9719 -0.192812 -0.0359755 0 0 0 1 
0.936817 0.22566 -0.267303 -0.0237133 -0.144962 -0.444999 -0.88372 0.0539045 0.31837 -0.866633 0.38417 -0.169118 0 0 0 1 
0.672606 0.479038 -0.564025 0.0412674 0.122473 -0.823745 -0.553574 -0.00687555 0.729796 -0.303259 0.612725 -0.0671544 0 0 0 1 
0.307456 0.375547 -0.87432 0.0563585 0.527222 -0.832132 -0.172028 -0.0660487 0.792154 0.40807 0.45384 0.130621 0 0 0 1 
0.062511 0.037863 -0.997326 0.00188287 0.829285 -0.557977 0.0307952 -0.0801271 0.555318 0.828993 0.0662788 0.334887 0 0 0 1 
0.062511 0.037863 -0.997326 0.00188287 0.829285 -0.557977 0.0307952 -0.0801271 0.555318 0.828993 0.0662788 0.334887 0 0 0 1 
0.062511 0.037863 -0.997326 0.00188287 0.829285 -0.557977 0.0307952 -0.0801271 0.555318 0.828993 0.0662788 0.334887 0 0 0 1 
0.062511 0.0378629 -0.997326 0.00188289 0.829285 -0.557976 0.0307953 -0.080127 0.555318 0.828993 0.0662788 0.334887 0 0 0 1 
0.276204 0.351745 -0.89442 0.0547817 0.554934 -0.818186 -0.150397 -0.0689404 0.784703 0.454804 0.421181 0.147827 0 0 0 1 
0.616943 0.489252 -0.616453 0.0481317 0.162747 -0.845667 -0.508292 -0.0136281 0.769997 -0.213262 0.601352 -0.0479189 0 0 0 1 
0.865004 0.349522 -0.360003 -0.000377491 -0.0907759 -0.596626 -0.797369 0.0398844 0.493485 -0.722407 0.484355 -0.148808 0 0 0 1 
0.936817 0.22566 -0.267303 -0.0237133 -0.144962 -0.444999 -0.88372 0.0539045 0.31837 -0.866633 0.38417 -0.169118 0 0 0 1 
0.970591 0.176656 0.163543 -0.101182 0.203486 -0.239022 -0.949453 -0.0568298 0.128636 -0.954809 0.267939 -0.0856177 0 0 0 1 
0.902325 0.216716 -0.372616 -0.071175 -0.00779705 -0.856081 -0.516782 0.0331245 0.430985 -0.469211 0.770774 0.0125527 0 0 0 1 
0.475992 -0.100289 -0.873713 -0.0078468 0.00323346 -0.99327 0.115774 0.073413 0.879444 0.0579325 0.472465 0.0935652 0 0 0 1 
-0.133273 -0.428626 -0.893599 0.0505063 0.247644 -0.887443 0.388739 0.0673619 0.959641 0.169486 -0.224419 0.229807 0 0 0 1 
-0.133273 -0.428626 -0.893599 0.0505063 0.247644 -0.887443 0.388739 0.0673619 0.959641 0.169486 -0.224419 0.229807 0 0 0 1 
-0.133273 -0.428626 -0.893599 0.0505063 0.247644 -0.887443 0.388739 0.0673619 0.959641 0.169486 -0.224419 0.229807 0 0 0 1 
-0.133273 -0.428626 -0.893599 0.0505064 0.247644 -0.887443 0.388739 0.067362 0.959641 0.169486 -0.224419 0.229807 0 0 0 1 
0.42315 -0.127243 -0.897081 -0.00135744 0.0214204 -0.988408 0.150301 0.0718374 0.905806 0.0828158 0.415519 0.102313 0 0 0 1 
0.860902 0.213807 -0.461665 -0.0639251 -0.0151221 -0.896258 -0.443276 0.0386899 0.508546 -0.388599 0.768357 0.0171835 0 0 0 1 
0.966184 0.257666 0.00976646 -0.0927882 0.135771 -0.476178 -0.868804 -0.0279103 0.219211 -0.840751 0.49506 -0.055009 0 0 0 1 
0.970591 0.176656 0.163543 -0.101182 0.203486 -0.239022 -0.949453 -0.0568298 0.128636 -0.954809 0.267939 -0.0856177 0 0 0 1 
0.975625 0.205191 -0.0777922 -0.0482129 -0.0210851 -0.265203 -0.963962 0.0316697 0.218427 -0.942106 0.254412 -0.116607 0 0 0 1 
0.459884 0.189786 -0.86746 0.208769 -0.262418 -0.904214 -0.336949 0.0888958 0.848318 -0.382595 0.36603 -0.053922 0 0 0 1 
-0.541847 -0.250066 -0.802414 0.36187 0.233637 -0.961899 0.141999 -0.0198762 0.807351 0.110532 -0.579627 0.359255 0 0 0 1 
-0.809368 -0.580689 0.0878853 0.0845055 0.569169 -0.812444 -0.126417 0.0621553 -0.144811 0.0522964 -0.988076 0.821451 0 0 0 1 
-0.809368 -0.580689 0.0878853 0.0845055 0.569169 -0.812444 -0.126417 0.0621553 -0.144811 0.0522964 -0.988076 0.821451 0 0 0 1 
-0.809368 -0.580689 0.0878853 0.0845055 0.569169 -0.812444 -0.126417 0.0621553 -0.144811 0.0522964 -0.988076 0.821451 0 0 0 1 
-0.809368 -0.580689 0.0878854 0.0845055 0.569169 -0.812444 -0.126417 0.0621555 -0.144811 0.0522964 -0.988077 0.821451 0 0 0 1 
-0.607667 -0.284002 -0.741677 0.354223 0.277906 -0.950873 0.136414 -0.0222515 0.743982 0.123222 -0.65674 0.406581 0 0 0 1 
0.318005 0.169821 -0.932756 0.248702 -0.232396 -0.939852 -0.250344 0.0773348 0.919166 -0.29638 0.259411 -0.0231334 0 0 0 1 
0.887089 0.280695 -0.366446 0.0226088 -0.179708 -0.521219 -0.834287 0.083902 0.425179 -0.805941 0.411925 -0.114252 0 0 0 1 
0.975625 0.205191 -0.0777922 -0.0482129 -0.0210851 -0.265203 -0.963962 0.0316697 0.218427 -0.942106 0.254412 -0.116607 0 0 0 1 
0.896501 0.230161 -0.378567 0.0644 -0.302188 -0.307195 -0.902393 0.122518 0.323989 -0.923395 0.205848 -0.143762 0 0 0 1 
-0.140765 0.128483 -0.981671 0.470137 -0.326104 -0.942228 -0.0765599 0.0420464 0.934795 -0.30935 -0.174531 0.0608579 0 0 0 1 
-0.921842 -0.386072 -0.0340055 0.297197 0.387393 -0.920501 -0.0510311 -0.0259648 0.0116003 0.060216 -0.998118 0.778628 0 0 0 1 
-0.116954 -0.578029 0.807592 -0.377697 0.246611 -0.804606 -0.540178 0.298947 -0.962032 -0.135985 -0.23665 0.928932 0 0 0 1 
-0.116954 -0.578029 0.807592 -0.377697 0.246611 -0.804606 -0.540178 0.298947 -0.962032 -0.135985 -0.23665 0.928932 0 0 0 1 
-0.116954 -0.578029 0.807592 -0.377697 0.246611 -0.804606 -0.540178 0.298947 -0.962032 -0.135985 -0.23665 0.928932 0 0 0 1 
-0.116954 -0.578029 0.807592 -0.377697 0.246611 -0.804606 -0.540178 0.298947 -0.962032 -0.135985 -0.23665 0.928932 0 0 0 1 
-0.905864 -0.415993 0.0797483 0.243706 0.408241 -0.90766 -0.0974288 -0.00819946 -0.112914 0.0557008 -0.992042 0.826617 0 0 0 1 
-0.332023 0.0899027 -0.938977 0.49944 -0.244646 -0.969592 -0.00632676 0.0152592 0.910994 -0.227617 -0.343922 0.145084 0 0 0 1 
0.648978 0.290117 -0.70332 0.20601 -0.468443 -0.576053 -0.669869 0.149532 0.59949 -0.764195 0.237942 -0.133428 0 0 0 1 
0.896501 0.230161 -0.378567 0.0644 -0.302188 -0.307195 -0.902393 0.122518 0.323989 -0.923395 0.205848 -0.143762 0 0 0 1 
0.968937 -0.242347 0.0492863 0.0179418 0.105976 0.226814 -0.968155 0.0161316 -0.22345 -0.943304 -0.245452 0.0111768 0 0 0 1 
0.987613 -0.15088 0.0430814 -0.030126 0.0863963 0.293699 -0.951986 0.0395834 -0.130982 -0.943915 -0.303097 0.0209992 0 0 0 1 
0.997422 -0.0578361 0.0424946 -0.0571772 0.0604274 0.357307 -0.93203 0.0610181 -0.0387213 -0.932195 -0.359881 0.0353885 0 0 0 1 
0.998707 0.020861 0.0463661 -0.0665569 0.0338462 0.407727 -0.912477 0.0780229 0.03794 -0.912866 -0.406493 0.057159 0 0 0 1 
0.998707 0.020861 0.0463661 -0.0665569 0.0338462 0.407727 -0.912477 0.0780229 0.03794 -0.912866 -0.406493 0.057159 0 0 0 1 
0.998707 0.020861 0.0463661 -0.0665569 0.0338462 0.407727 -0.912477 0.0780229 0.03794 -0.912866 -0.406493 0.057159 0 0 0 1 
0.998707 0.020861 0.0463661 -0.0665569 0.0338462 0.407727 -0.912477 0.0780231 0.03794 -0.912866 -0.406494 0.057159 0 0 0 1 
0.998346 -0.0380666 0.0430926 -0.0591414 0.054146 0.370263 -0.927348 0.0633153 -0.0193453 -0.928147 -0.371711 0.0353119 0 0 0 1 
0.993559 -0.105215 0.0420884 -0.0376061 0.0743963 0.325463 -0.942624 0.0442875 -0.0854798 -0.939683 -0.331194 0.0180404 0 0 0 1 
0.983555 -0.175121 0.0441701 -0.00450803 0.0921732 0.276403 -0.956611 0.0260862 -0.155313 -0.944952 -0.287999 0.00964884 0 0 0 1 
0.968937 -0.242347 0.0492863 0.0179418 0.105976 0.226814 -0.968155 0.0161316 -0.22345 -0.943304 -0.245452 0.0111768 0 0 0 1 
0.947493 -0.200214 -0.249341 0.0556058 -0.316443 -0.474769 -0.821254 -0.0585592 -0.046047 -0.857035 0.513197 0.0190782 0 0 0 1 
0.999027 -0.0422943 -0.0125348 -0.0288497 -0.0244482 -0.294338 -0.955388 0.013403 -0.0367182 -0.954765 0.295085 0.0944753 0 0 0 1 
0.982554 0.059407 0.176233 -0.107448 0.177002 -0.00789987 -0.984179 0.0574698 0.057075 -0.998203 0.0182772 0.186541 0 0 0 1 
0.952915 0.0214085 0.302482 -0.164977 0.263937 0.432572 -0.862102 0.059435 0.149302 -0.901346 -0.406553 0.296213 0 0 0 1 
0.952921 0.0212803 0.30247 -0.164973 0.263987 0.43252 -0.862112 0.0594425 0.14917 -0.901373 -0.40654 0.296197 0 0 0 1 
0.952927 0.0211675 0.30246 -0.164969 0.264031 0.432475 -0.862121 0.0594492 0.149055 -0.901398 -0.406528 0.296183 0 0 0 1 
0.952931 0.0210941 0.302452 -0.164967 0.26406 0.432444 -0.862128 0.0594537 0.14898 -0.901414 -0.406519 0.296174 0 0 0 1 
0.979399 0.0645366 0.191346 -0.114286 0.189931 0.0274373 -0.981414 0.0597157 0.0685872 -0.997538 -0.0146146 0.197046 0 0 0 1 
0.999582 -0.0161373 0.0239789 -0.0432438 0.0192837 -0.24564 -0.969169 0.022812 -0.0215299 -0.969227 0.245226 0.112275 0 0 0 1 
0.977803 -0.137098 -0.158445 0.024092 -0.201902 -0.414397 -0.887418 -0.028932 -0.0560041 -0.899711 0.432879 0.0477204 0 0 0 1 
0.947493 -0.200214 -0.249341 0.0556059 -0.316443 -0.474769 -0.821254 -0.0585592 -0.046047 -0.857035 0.513197 0.0190782 0 0 0 1 
0.947493 0.197476 -0.251515 0.06238 -0.316444 0.692276 -0.64855 -0.0960228 -0.046045 -0.694087 -0.718417 0.415934 0 0 0 1 
0.999027 -0.00280843 -0.0440219 -0.0181639 -0.0244487 0.795409 -0.605579 -0.0819518 -0.0367163 -0.606065 -0.794567 0.448713 0 0 0 1 
0.982554 -0.0865386 0.164615 -0.105959 0.177001 0.70679 -0.684923 -0.0274299 0.0570764 -0.70211 -0.709777 0.424191 0 0 0 1 
0.952915 0.0690813 0.295265 -0.161937 0.263937 0.290461 -0.919766 0.0757273 0.149302 -0.95439 -0.258551 0.248012 0 0 0 1 
0.952921 0.0689387 0.295277 -0.161941 0.263987 0.290452 -0.919755 0.0757285 0.149171 -0.954403 -0.258579 0.248009 0 0 0 1 
0.952927 0.068815 0.295287 -0.161944 0.264031 0.290439 -0.919746 0.07573 0.149055 -0.954416 -0.258598 0.248005 0 0 0 1 
0.952931 0.0687317 0.295294 -0.161946 0.26406 0.290438 -0.919738 0.0757302 0.14898 -0.954422 -0.258618 0.248006 0 0 0 1 
0.979399 -0.0839537 0.183657 -0.114094 0.189931 0.691882 -0.696581 -0.0213333 0.0685885 -0.717113 -0.693574 0.418736 0 0 0 1 
0.999583 -0.0283469 -0.00563545 -0.0339478 0.0192832 0.799362 -0.60054 -0.0792527 -0.021528 -0.60018 -0.799575 0.452463 0 0 0 1 
0.977803 0.123152 -0.169513 0.0316132 -0.201902 0.770048 -0.605195 -0.101198 -0.0560021 -0.625987 -0.77782 0.439572 0 0 0 1 
0.947493 0.197476 -0.251515 0.06238 -0.316444 0.692276 -0.64855 -0.0960229 -0.046045 -0.694087 -0.718417 0.415934 0 0 0 1 
0.991573 -0.127134 -0.0249036 -0.0275782 -0.0242504 0.00668313 -0.999684 0.0735102 -0.12726 -0.991863 -0.0035439 0.113732 0 0 0 1 
0.991572 -0.127095 -0.0251255 -0.0274613 -0.0242482 0.00844576 -0.99967 0.0738219 -0.127265 -0.991854 -0.00529287 0.114599 0 0 0 1 
0.991298 -0.129222 -0.0251006 -0.0278895 -0.0230362 0.0174462 -0.999583 0.0755477 -0.129606 -0.991462 -0.0143178 0.118901 0 0 0 1 
0.991509 -0.127648 -0.0248382 -0.0285177 -0.0239669 0.00835707 -0.999678 0.076311 -0.127814 -0.991785 -0.00522668 0.115307 0 0 0 1 
0.991508 -0.127654 -0.0248398 -0.0285159 -0.0239634 0.00839776 -0.999678 0.0763122 -0.127822 -0.991783 -0.00526748 0.115323 0 0 0 1 
0.991512 -0.12762 -0.0248463 -0.0285114 -0.0239815 0.00830944 -0.999678 0.0763103 -0.127786 -0.991788 -0.0051784 0.115291 0 0 0 1 
0.991511 -0.127629 -0.0248466 -0.0285108 -0.0239767 0.00834748 -0.999678 0.0763114 -0.127795 -0.991787 -0.00521652 0.115305 0 0 0 1 
0.991268 -0.12947 -0.0250293 -0.0279731 -0.0229014 0.0178979 -0.999578 0.0756407 -0.129863 -0.991422 -0.0147766 0.119108 0 0 0 1 
0.99156 -0.127182 -0.0251775 -0.0274527 -0.0241931 0.00927855 -0.999664 0.0739723 -0.127372 -0.991836 -0.00612316 0.115001 0 0 0 1 
0.991563 -0.127227 -0.0248047 -0.0276197 -0.0242085 0.00623089 -0.999687 0.0735118 -0.127342 -0.991854 -0.00309842 0.113541 0 0 0 1 
0.991573 -0.127134 -0.0249036 -0.0275782 -0.0242505 0.00668345 -0.999684 0.0735101 -0.12726 -0.991863 -0.0035441 0.113732 0 0 0 1 
0.998176 -0.0581422 0.0162357 -0.0347482 0.0171867 0.015894 -0.999726 0.0795449 -0.0578683 -0.998182 -0.0168644 0.126457 0 0 0 1 
0.998176 -0.0581423 0.0162356 -0.034748 0.0171865 0.0158936 -0.999726 0.0795441 -0.0578683 -0.998182 -0.016864 0.126457 0 0 0 1 
0.998177 -0.0581423 0.0162356 -0.0347504 0.0171866 0.0158937 -0.999726 0.0795581 -0.0578684 -0.998182 -0.0168641 0.126472 0 0 0 1 
0.998177 -0.0581422 0.0162355 -0.0355555 0.0171866 0.0158942 -0.999726 0.0820161 -0.0578681 -0.998182 -0.0168643 0.127243 0 0 0 1 
0.998176 -0.0581421 0.0162355 -0.0355533 0.0171864 0.0158938 -0.999726 0.0820096 -0.0578682 -0.998182 -0.0168641 0.127239 0 0 0 1 
0.998177 -0.0581421 0.0162355 -0.0355585 0.0171865 0.015894 -0.999726 0.0820255 -0.0578681 -0.998182 -0.0168643 0.127249 0 0 0 1 
0.998177 -0.0581421 0.0162354 -0.0355564 0.0171864 0.0158939 -0.999726 0.0820193 -0.057868 -0.998182 -0.0168642 0.127245 0 0 0 1 
0.998176 -0.0581418 0.0162359 -0.0347507 0.0171869 0.015894 -0.999726 0.0795579 -0.0578678 -0.998182 -0.0168643 0.126472 0 0 0 1 
0.998177 -0.058142 0.0162353 -0.0347478 0.0171864 0.0158942 -0.999726 0.0795413 -0.0578678 -0.998182 -0.0168643 0.126457 0 0 0 1 
0.998176 -0.0581417 0.0162358 -0.0347229 0.0171867 0.0158939 -0.999726 0.079622 -0.0578675 -0.998182 -0.0168643 0.126493 0 0 0 1 
0.998176 -0.058142 0.0162357 -0.0347482 0.0171866 0.0158943 -0.999726 0.0795449 -0.0578681 -0.998182 -0.0168646 0.126457 0 0 0 1 
0.473269 -0.811341 0.343136 -0.0139227 0.497849 -0.0750097 -0.864014 -0.0549901 -0.726748 -0.579741 -0.368425 0.132994 0 0 0 1 
0.699419 -0.301192 0.648149 -0.123045 0.310463 -0.688804 -0.655105 -0.0403695 -0.643759 -0.659419 0.388253 0.0709963 0 0 0 1 
0.939368 0.0471701 0.33965 -0.131378 0.144921 -0.952301 -0.268554 -0.0626677 -0.310781 -0.301494 0.901397 0.0216883 0 0 0 1 
0.963979 0.164328 -0.209143 -0.0721987 0.211971 -0.949611 0.230885 -0.135539 0.160664 0.2669 0.950238 0.0235703 0 0 0 1 
0.963979 0.164328 -0.209143 -0.0721987 0.211971 -0.949611 0.230885 -0.135539 0.160664 0.2669 0.950238 0.0235703 0 0 0 1 
0.963979 0.164328 -0.209143 -0.0721987 0.211971 -0.949611 0.230885 -0.135539 0.160664 0.2669 0.950238 0.0235703 0 0 0 1 
0.963979 0.164328 -0.209143 -0.0721987 0.211971 -0.949611 0.230885 -0.135539 0.160664 0.2669 0.950238 0.0235703 0 0 0 1 
0.945908 0.0741239 0.315854 -0.131646 0.149288 -0.963804 -0.220898 -0.069259 -0.288047 -0.256103 0.922735 0.0222838 0 0 0 1 
0.865222 -0.172227 0.470882 -0.117278 0.0532823 -0.902251 -0.427906 -0.0467488 -0.498551 -0.395323 0.771471 0.00086996 0 0 0 1 
0.572552 -0.705421 0.417811 -0.0491244 0.220444 -0.358384 -0.907174 -0.00732994 -0.789676 -0.611508 0.0496877 0.0966455 0 0 0 1 
0.473269 -0.811341 0.343136 -0.0139227 0.497849 -0.0750099 -0.864014 -0.0549901 -0.726749 -0.579741 -0.368425 0.132994 0 0 0 1 
0.47327 -0.815097 -0.334115 0.202877 0.497848 0.560385 -0.661903 -0.109996 -0.726748 -0.14692 -0.671008 0.236496 0 0 0 1 
0.699421 -0.463617 -0.543939 0.256182 0.310462 0.88259 -0.353054 -0.11307 -0.643757 -0.0780608 -0.761238 0.447951 0 0 0 1 
0.939369 -0.251743 0.232836 -0.101744 0.144923 -0.323927 -0.934917 0.160307 -0.31078 -0.911975 0.267803 0.215236 0 0 0 1 
0.963979 0.257682 0.0659206 -0.158848 0.211973 -0.594567 -0.775602 0.192166 0.160664 -0.761637 0.627771 0.111105 0 0 0 1 
0.963979 0.257682 0.0659206 -0.158848 0.211973 -0.594567 -0.775602 0.192166 0.160664 -0.761637 0.627771 0.111105 0 0 0 1 
0.963979 0.257682 0.0659206 -0.158848 0.211973 -0.594567 -0.775602 0.192166 0.160664 -0.761637 0.627771 0.111105 0 0 0 1 
0.963979 0.257682 0.0659207 -0.158848 0.211973 -0.594567 -0.775602 0.192166 0.160664 -0.761637 0.627771 0.111105 0 0 0 1 
0.945908 -0.218122 0.240168 -0.111878 0.149289 -0.364605 -0.919117 0.16347 -0.288046 -0.905254 0.31232 0.207819 0 0 0 1 
0.865223 -0.326329 -0.380656 0.153031 0.0532827 0.81475 -0.577359 0.0273479 -0.498548 -0.479262 -0.722328 0.477905 0 0 0 1 
0.572554 -0.317236 -0.756005 0.332667 0.220443 0.947717 -0.230732 -0.203966 -0.789675 0.0345493 -0.612552 0.31857 0 0 0 1 
0.47327 -0.815097 -0.334114 0.202877 0.497848 0.560384 -0.661904 -0.109995 -0.726748 -0.146921 -0.671008 0.236496 0 0 0 1 
0.51029 -0.859642 -0.0249028 0.0725386 -0.00966242 0.0232239 -0.999683 0.0772239 -0.859948 -0.510369 -0.00354458 -0.0243929 0 0 0 1 
0.754904 -0.600778 -0.263033 0.134875 0.238549 0.625125 -0.743177 0.051971 -0.610913 -0.498281 -0.615224 0.382225 0 0 0 1 
0.948526 -0.233839 -0.213582 0.0796121 0.203808 0.966904 -0.15349 -0.156401 -0.242406 -0.10206 -0.964792 0.716403 0 0 0 1 
0.999213 0.0215347 0.0333076 -0.150732 -0.0326148 0.923985 0.381036 -0.24461 0.0225702 0.381823 -0.92396 0.766168 0 0 0 1 
0.999213 0.0215347 0.0333076 -0.150732 -0.0326148 0.923985 0.381036 -0.24461 0.0225702 0.381823 -0.92396 0.766168 0 0 0 1 
0.999213 0.0215347 0.0333076 -0.150732 -0.0326148 0.923985 0.381036 -0.24461 0.0225702 0.381823 -0.92396 0.766168 0 0 0 1 
0.999213 0.0215348 0.0333075 -0.150732 -0.0326148 0.923985 0.381036 -0.24461 0.0225702 0.381823 -0.92396 0.766168 0 0 0 1 
0.95789 -0.209784 -0.196056 0.0649618 0.193115 0.975984 -0.100802 -0.166404 -0.212494 -0.0586958 -0.975398 0.730972 0 0 0 1 
0.798043 -0.537582 -0.272274 0.114426 0.262649 0.71696 -0.645743 0.0328291 -0.542349 -0.443818 -0.713361 0.479034 0 0 0 1 
0.586695 -0.799729 -0.127369 0.0715152 0.109879 0.234443 -0.9659 0.102974 -0.802319 -0.552694 -0.225419 0.158094 0 0 0 1 
0.51029 -0.859642 -0.0249024 0.0725386 -0.00966241 0.0232234 -0.999683 0.0772238 -0.859948 -0.510369 -0.00354443 -0.0243929 0 0 0 1 
0.510278 -0.859645 -0.0250123 0.0725929 -0.0104683 0.022873 -0.999683 0.0772442 -0.859946 -0.510379 -0.00267247 -0.0248258 0 0 0 1 
0.752313 -0.604544 -0.261823 0.133865 0.233684 0.616453 -0.751916 0.0552296 -0.615968 -0.504493 -0.605038 0.376591 0 0 0 1 
0.948811 -0.231875 -0.214459 0.0803706 0.199905 0.966559 -0.160633 -0.152526 -0.244534 -0.109538 -0.963434 0.7146 0 0 0 1 
0.999199 0.0266306 0.0298891 -0.148119 -0.0358639 0.927216 0.372808 -0.239618 0.0177855 0.373581 -0.927428 0.76689 0 0 0 1 
0.999199 0.0266306 0.0298891 -0.148119 -0.0358639 0.927216 0.372808 -0.239618 0.0177855 0.373581 -0.927428 0.76689 0 0 0 1 
0.999199 0.0266306 0.0298891 -0.148119 -0.0358639 0.927216 0.372808 -0.239618 0.0177855 0.373581 -0.927428 0.76689 0 0 0 1 
0.999199 0.0266307 0.029889 -0.148119 -0.0358639 0.927215 0.372807 -0.239618 0.0177855 0.37358 -0.927428 0.76689 0 0 0 1 
0.958186 -0.207367 -0.197175 0.0659207 0.188803 0.975958 -0.108902 -0.161955 -0.215017 -0.0671209 -0.974301 0.729168 0 0 0 1 
0.875152 -0.400792 -0.271064 0.130543 0.254606 0.857852 -0.446393 -0.0394197 -0.411444 -0.321647 -0.852794 0.556449 0 0 0 1 
0.633034 -0.753381 -0.178001 0.10011 0.146889 0.342659 -0.927905 0.0999085 -0.76006 -0.56125 -0.327578 0.20266 0 0 0 1 
0.510278 -0.859645 -0.0250119 0.0725929 -0.0104683 0.0228725 -0.999684 0.0772441 -0.859946 -0.510379 -0.00267232 -0.0248258 0 0 0 1 
0.836825 -0.516645 -0.181115 -0.00173714 -0.292391 -0.142074 -0.945686 0.0362209 -0.462852 -0.84433 0.269953 0.0485861 0 0 0 1 
0.837033 -0.516232 -0.181329 -0.0398077 -0.292269 -0.141682 -0.945783 0.0585158 -0.462552 -0.844648 0.269471 0.104275 0 0 0 1 
0.837566 -0.515174 -0.181876 -0.0779779 -0.291959 -0.14068 -0.946028 0.0807053 -0.461782 -0.845462 0.268239 0.160109 0 0 0 1 
0.838283 -0.513746 -0.182611 -0.110204 -0.291542 -0.13933 -0.946356 0.0993029 -0.460744 -0.846553 0.266576 0.207249 0 0 0 1 
0.839044 -0.512224 -0.18339 -0.11044 -0.291101 -0.13789 -0.946703 0.0990534 -0.459636 -0.847711 0.264805 0.207591 0 0 0 1 
0.839712 -0.510884 -0.184072 -0.110647 -0.290714 -0.136624 -0.947005 0.0988337 -0.458661 -0.848724 0.263246 0.207891 0 0 0 1 
0.840148 -0.510005 -0.184517 -0.110784 -0.290462 -0.135795 -0.947202 0.0986896 -0.458021 -0.849385 0.262225 0.208087 0 0 0 1 
0.840217 -0.509866 -0.184588 -0.0824225 -0.290422 -0.135664 -0.947233 0.0816394 -0.45792 -0.84949 0.262063 0.166683 0 0 0 1 
0.839781 -0.510745 -0.184142 -0.0475839 -0.290674 -0.136493 -0.947037 0.0608195 -0.45856 -0.848828 0.263085 0.115861 0 0 0 1 
0.838699 -0.512915 -0.183036 -0.0170831 -0.291301 -0.138545 -0.946546 0.0433177 -0.460139 -0.847186 0.26561 0.071278 0 0 0 1 
0.836825 -0.516645 -0.181115 -0.00173708 -0.292391 -0.142073 -0.945686 0.0362209 -0.462853 -0.84433 0.269953 0.0485862 0 0 0 1 
0.949311 -0.284745 -0.133151 -0.0868514 -0.0828144 0.182071 -0.979792 -0.0889338 -0.303234 -0.941154 -0.149261 0.0597169 0 0 0 1 
0.949695 -0.283498 -0.133076 -0.125221 -0.082676 0.182897 -0.97965 -0.066789 -0.302067 -0.94137 -0.150257 0.115336 0 0 0 1 
0.950669 -0.280308 -0.132878 -0.164155 -0.0823279 0.185006 -0.979283 -0.0449826 -0.299084 -0.941913 -0.152802 0.170988 0 0 0 1 
0.951966 -0.276004 -0.132599 -0.197412 -0.0818706 0.187849 -0.97878 -0.0269008 -0.295056 -0.942621 -0.156229 0.217874 0 0 0 1 
0.953327 -0.271418 -0.132286 -0.198744 -0.0813987 0.190875 -0.978234 -0.0276985 -0.29076 -0.943345 -0.159873 0.217938 0 0 0 1 
0.954507 -0.267383 -0.131997 -0.199916 -0.0809968 0.193534 -0.977745 -0.0283991 -0.286978 -0.943955 -0.163073 0.217986 0 0 0 1 
0.955271 -0.264737 -0.131802 -0.200684 -0.08074 0.195276 -0.977419 -0.0288577 -0.284497 -0.944342 -0.165167 0.218013 0 0 0 1 
0.955391 -0.26432 -0.13177 -0.172422 -0.0806999 0.195552 -0.977367 -0.0459576 -0.284105 -0.944402 -0.165498 0.176581 0 0 0 1 
0.954628 -0.266966 -0.131967 -0.136952 -0.0809559 0.193809 -0.977694 -0.0664629 -0.286587 -0.944017 -0.163403 0.125929 0 0 0 1 
0.952711 -0.273503 -0.13243 -0.104889 -0.0816112 0.189499 -0.978483 -0.0831851 -0.292713 -0.94302 -0.158217 0.0817528 0 0 0 1 
0.949311 -0.284745 -0.133151 -0.0868514 -0.0828144 0.182072 -0.979792 -0.0889338 -0.303234 -0.941154 -0.149262 0.0597168 0 0 0 1 
0.98047 -0.0208102 -0.195566 -0.221405 -0.190596 0.144677 -0.970949 -0.0699124 -0.0484997 -0.98926 -0.137885 0.0843476 0 0 0 1 
0.980482 -0.0185458 -0.195731 -0.260294 -0.191042 0.145324 -0.970765 -0.0476766 -0.0464479 -0.98921 -0.138944 0.139831 0 0 0 1 
0.980492 -0.0127586 -0.196148 -0.300553 -0.192194 0.146973 -0.970289 -0.0256363 -0.0412077 -0.989059 -0.141653 0.19513 0 0 0 1 
0.980452 -0.00495786 -0.196695 -0.335593 -0.193771 0.149186 -0.969637 -0.00723457 -0.0341515 -0.988797 -0.14531 0.241523 0 0 0 1 
0.980345 0.00334556 -0.197262 -0.338821 -0.195482 0.151532 -0.96893 -0.00768609 -0.0266497 -0.988447 -0.149208 0.241041 0 0 0 1 
0.980196 0.0106421 -0.197744 -0.341656 -0.197011 0.153583 -0.968297 -0.00807743 -0.0200655 -0.988078 -0.152638 0.240591 0 0 0 1 
0.98007 0.0154219 -0.198053 -0.343512 -0.198027 0.154922 -0.967876 -0.00833102 -0.0157564 -0.987806 -0.154889 0.240282 0 0 0 1 
0.980048 0.0161764 -0.198102 -0.315422 -0.198188 0.155133 -0.967809 -0.0253983 -0.0150764 -0.987761 -0.155244 0.198797 0 0 0 1 
0.980178 0.0113968 -0.197794 -0.278864 -0.197171 0.153795 -0.968231 -0.0461091 -0.0193847 -0.988037 -0.152994 0.148482 0 0 0 1 
